-0.5737351028461397,-0.010761259121901255,0.3910851922050309,0.32930707740178994,1.647719911669446,-2.1123295623620004
-0.5736163405019825,-0.010859091913774281,0.3911830083061769,0.32935920587616524,1.6476842628357553,-2.112224897918118
-0.5734975472283086,-0.010956876187927391,0.39128077482702794,0.32941130857706624,1.647648659126716,-2.1121203299080644
-0.5733787267593566,-0.011054620598728524,0.3913784982918942,0.32946339355953635,1.6476130877208357,-2.1120158287879076
-0.5732598803966988,-0.011152328153552887,0.3914761809727034,0.3295154635876975,1.6475775442239233,-2.1119113849239652
-0.5731410088927973,-0.011250000585738098,0.39157382418177566,0.3295675202376009,1.6475420261329419,-2.1118069930723484
-0.573022112784261,-0.011347639128164031,0.39167142885436346,0.32961956461962194,1.6475065316855724,-2.1117026496938274
-0.5729031924901271,-0.011445244741304225,0.39176899572041224,0.32967159759114706,1.647471059521638,-2.111598352167451
-0.5727842483563155,-0.011542818216356885,0.39186652538224176,0.32972361985265425,1.6474356085302015,-2.1114940984367876
-0.5726652806779589,-0.011640360227013952,0.39196401835355266,0.32977563199586796,1.647400177772963,-2.111389886833749
-0.572546289713669,-0.011737871362551222,0.3920614750843565,0.32982763453452224,1.6473647664353308,-2.11128571596627
-0.5724272756944959,-0.011835352148580289,0.39215889597661135,0.329879627923631,1.647329373795786,-2.111181584648316
-0.5723082388294367,-0.011932803059816385,0.39225628139384994,0.329931612571315,1.6472939992070887,-2.111077491857327
-0.5721891793101488,-0.012030224530993845,0.39235363166940274,0.3299835888489289,1.6472586420801845,-2.1109734366975963
-0.5720700973138388,-0.01212761696356037,0.392450947111447,0.33003555709724597,1.6472233018743816,-2.1108694183782206
-0.5719509930059523,-0.012224980731895735,0.3925482280076942,0.3300875176322185,1.6471879780881995,-2.110765436192405
-0.5718318665410855,-0.01232231618542709,0.39264547462698896,0.33013947074690714,1.6471526702563282,-2.1106614895110813
-0.571712718065938,-0.012419623655461868,0.39274268722445393,0.3301914167178247,1.6471173779395216,-2.110557577759652
-0.5715935477190595,-0.012516903454594074,0.39283986604105126,0.330243355804351,1.6470821007255643,-2.110453700420873
-0.5714743556325281,-0.012614155880593447,0.39293701130651115,0.3302952882523327,1.647046838223542,-2.1103498570217845
-0.571355141932349,-0.01271138121731911,0.39303412324002385,0.3303472142949155,1.6470115900625346,-2.110246047131055
-0.5712359067396715,-0.012808579737541454,0.3931312020523652,0.33039913415515454,1.6469763558874588,-2.110142270349522
-0.571116650170584,-0.012905751702453951,0.3932282479455338,0.3304510480455386,1.6469411353598482,-2.110038526312377
-0.5709973723371462,-0.013002897364070438,0.3933252611145557,0.33050295617021336,1.6469059281543117,-2.1099348146810852
-0.5708780733475765,-0.0131000169656542,0.39342224174781015,0.33055485872536366,1.646870733957937,-2.1098311351422363
-0.570758753306551,-0.013197110742402741,0.39351919002754787,0.3306067558998392,1.6468355524692988,-2.1097274874054497
-0.5706394123156198,-0.013294178922415929,0.3936161061306196,0.3306586478760464,1.6468003833970486,-2.109623871200239
-0.5705200504731529,-0.013391221726557904,0.3937129902283767,0.3307105348298067,1.6467652264601447,-2.1095202862767777
-0.5704006678754929,-0.01348823937114458,0.3938098424886898,0.3307624169328536,1.6467300813838706,-2.109416732396629
-0.5702812646155806,-0.013585232064724381,0.3939066630735355,0.33081429434982057,1.6466949479046602,-2.1093132093443616
-0.5701618407849427,-0.013682200012722946,0.39400345214248356,0.33086616724256346,1.6466598257631913,-2.1092097169113244
-0.5700423964720596,-0.013779143413617096,0.39410020984982763,0.3309180357665869,1.6466247147101107,-2.109106254909364
-0.5699229317642924,-0.013876062463437594,0.39419693634796893,0.3309699000752306,1.6465896144993364,-2.1090028231550844
-0.5698034467465236,-0.01397295735257715,0.39429363178501786,0.33102176031668984,1.6465545248928368,-2.108899421481288
-0.5696839415019035,-0.014069828267548335,0.3943902963061181,0.3310736166356498,1.6465194456580232,-2.1087960497309095
-0.5695644161124784,-0.014166675392438047,0.3944869300545377,0.3311254691746279,1.6464843765655963,-2.10869270775202
-0.5694448706580584,-0.014263498906253407,0.3945835331696812,0.33117731807150497,1.6464493173935129,-2.1085893954073276
-0.5693253052172071,-0.014360298985239028,0.3946801057888256,0.3312291634616702,1.6464142679235516,-2.1084861125661214
-0.5692057198674378,-0.014457075803327953,0.39477664804746415,0.33128100547844,1.6463792279406455,-2.1083828591027842
-0.5690861146846151,-0.014553829530746602,0.3948731600782578,0.3313328442517558,1.6463441972349744,-2.1082796349018254
-0.568966489743187,-0.01465056033454584,0.39496964201143614,0.3313846799086729,1.6463091756011858,-2.1081764398561122
-0.5688468451170285,-0.014747268380575876,0.3950660939762789,0.331436512575192,1.6462741628354585,-2.1080732738599846
-0.5687271808782643,-0.014843953830726871,0.39516251609904884,0.33148834237369407,1.6462391587396235,-2.1079701368190844
-0.5686074970983794,-0.01494061684553254,0.3952589085049425,0.3315401694253523,1.6462041631172974,-2.107867028641257
-0.5684877938475132,-0.015037257582503735,0.39535527131684356,0.33159199384858384,1.6461691757763692,-2.107763949242501
-0.5683680711950112,-0.015133876197431362,0.3954516046563006,0.3316438157602566,1.646134196527068,-2.1076608985424516
-0.5682483292093465,-0.015230472844189416,0.3955479086433793,0.33169563527550133,1.6460992251822635,-2.107557876465146
-0.5681285679580856,-0.01532704767465665,0.3956441833966051,0.33174745250763854,1.6460642615575904,-2.107454882939366
-0.568008787507555,-0.015423600837933866,0.39574042903237516,0.33179926756744926,1.6460293054726216,-2.1073519179014615
-0.5678889879239275,-0.0155201324828912,0.39583664566687227,0.3318510805655358,1.645994356747077,-2.1072489812864275
-0.5677691692719193,-0.015616642755106222,0.39593283341376684,0.3319028916094802,1.6459594152053934,-2.1071460730387637
-0.5676493316161615,-0.01571313180008259,0.39602899238663203,0.3319547008068243,1.6459244806719353,-2.1070431931011724
-0.5675294750198976,-0.015809599760183195,0.3961251226966451,0.332006508262226,1.6458895529755673,-2.1069403414254393
-0.5674095995460817,-0.01590604677722752,0.39622122445453445,0.33205831407986747,1.6458546319457912,-2.106837517963306
-0.5672897052568953,-0.016002472991328315,0.39631729776970825,0.33211011836237053,1.6458197174144833,-2.1067347226706357
-0.5671697922138357,-0.016098878541121242,0.39641334275042794,0.3321619212110109,1.6457848092155587,-2.106631955506643
-0.5670498604777903,-0.016195263563922785,0.3965093595039253,0.33221372272586236,1.645749907184738,-2.1065292164333798
-0.5669299101088852,-0.016291628195378594,0.3966053481361418,0.33226552300546747,1.645715011160079,-2.106426505417029
-0.5668099411671434,-0.016387972571012734,0.39670130875288745,0.332317322148273,1.6456801209796699,-2.1063238224224636
-0.5666899537115233,-0.016484296823952412,0.396797241458138,0.3323691202505208,1.6456452364850236,-2.106221167421323
-0.5665699478002892,-0.016580601085819532,0.39689314635470363,0.33242091740707347,1.6456103575197527,-2.1061185403889042
-0.566449923492101,-0.01667688548927351,0.39698902354613286,0.3324727137137623,1.6455754839257886,-2.1060159412952264
-0.5663298808439325,-0.01677315016312045,0.3970848731330501,0.3325245092628653,1.6455406155506678,-2.1059133701223196
-0.5662098199129986,-0.016869395236850358,0.3971806952165551,0.33257630414730055,1.6455057522407748,-2.1058108268482494
-0.5660897407559506,-0.01696562083873113,0.3972764898967942,0.3326280984588609,1.645470893844192,-2.1057083114538826
-0.5659696434286356,-0.017061827095248238,0.3973722572725433,0.3326798922876987,1.645436040211527,-2.105605823924881
-0.5658495279868321,-0.017158014132846094,0.39746799744250993,0.33273168572393313,1.6454011911933288,-2.105503364245595
-0.5657293944854436,-0.01725418207600413,0.3975637105038947,0.3327834788558675,1.6453663466429584,-2.105400932405889
-0.565609242979459,-0.017350331049515257,0.39765939655409666,0.3328352717720983,1.6453315064131908,-2.1052985283931136
-0.5654890735231888,-0.017446461176689212,0.3977550556893681,0.3328870645598509,1.6452966703589011,-2.1051961521984883
-0.5653688861701074,-0.017542572578957236,0.39785068800452117,0.33293885730461786,1.6452618383376472,-2.1050938038185034
-0.5652486809742783,-0.017638665379256176,0.3979462935954581,0.3329906500932767,1.645227010204643,-2.10499148324303
-0.5651284579883029,-0.017734739697177617,0.3980418725555437,0.33304244300961744,1.6451921858199758,-2.1048891904724343
-0.5650082172651407,-0.01783079565326597,0.3981374249788203,0.33309423613830347,1.6451573650422149,-2.1047869255024567
-0.5648879588571702,-0.017926833366792315,0.3982329509583429,0.3331460295628188,1.6451225477317242,-2.1046846883320782
-0.5647676828161856,-0.018022852955756875,0.3983284505861817,0.33319782336547044,1.645087733750663,-2.104582478963535
-0.5646473891939063,-0.01811885453808641,0.3984239239543179,0.33324961762849137,1.6450529229612036,-2.1044802973981165
-0.5645270780417135,-0.018214838231010545,0.39851937115417635,0.33330141243346084,1.6450181152264676,-2.104378143638397
-0.5644067494103773,-0.018310804150418747,0.3986147922761467,0.3333532078607199,1.6449833104114746,-2.1042760176904975
-0.564286403350633,-0.018406752412221374,0.39871018741060094,0.3334050039906146,1.6449485083811306,-2.10417391955934
-0.5641660399126351,-0.018502683131052893,0.3988055566469224,0.3334568009023098,1.6449137090021493,-2.1040718492532084
-0.5640456591466165,-0.018598596421835166,0.3989009000746768,0.333508598675219,1.6448789121407368,-2.103969806778279
-0.5639252611018044,-0.018694492397218234,0.3989962177816997,0.33356039738665894,1.6448441176663906,-2.1038677921476383
-0.5638048458281091,-0.018790371171553834,0.39909150985706354,0.33361219711549395,1.6448093254460023,-2.1037658053673183
-0.5636844133741903,-0.018886232856353363,0.3991867763876866,0.3336639979379668,1.6447745353506054,-2.1036638464523
-0.5635639637890213,-0.018982077563950595,0.3992820174610694,0.33371579993105915,1.6447397472499352,-2.1035619154136387
-0.5634434971210798,-0.019077905405615422,0.3993772331638845,0.3337676031707613,1.6447049610152342,-2.1034600122651192
-0.5633230134183584,-0.01917371649156929,0.39947242358198976,0.33381940773208735,1.644670176519226,-2.1033581370232084
-0.5632025127292328,-0.01926951093302574,0.39956758880195076,0.33387121369094047,1.644635393633094,-2.1032562896999094
-0.5630819951010126,-0.019365288838782455,0.3996627289084984,0.3339230211209954,1.644600612231536,-2.103154470314744
-0.5629614605811906,-0.019461050318161748,0.3997578439867231,0.3339748300963862,1.644565832188405,-2.1030526788844446
-0.5628409092172557,-0.019556795480575602,0.3998529341217505,0.33402664069131394,1.6445310533773512,-2.102950915424476
-0.562720341055547,-0.01965252443280375,0.3999479993967088,0.3340784529775458,1.644496275675872,-2.1028491799586444
-0.5625997561432223,-0.019748237283667293,0.40004303989622025,0.334130267028701,1.6444614989583672,-2.1027474725026596
-0.562479154526482,-0.01984393413980594,0.40013805570324723,0.33418208291638085,1.6444267231024117,-2.102645793079001
-0.562358536251474,-0.019939615107831408,0.4002330469006996,0.3342339007121407,1.6443919479855613,-2.102544141709359
-0.5622379013642886,-0.020035280294315783,0.4003280135714278,0.3342857204874769,1.6443571734853721,-2.102442518414694
-0.5621172499104752,-0.02013092980463885,0.4004229557973613,0.33433754231277485,1.6443223994811094,-2.1023409232192924
-0.5619965819357109,-0.0202265637445789,0.4005178736606956,0.33438936625876275,1.644287625851389,-2.1022393561451858
-0.5618758974850939,-0.020322182218632644,0.40061276724264183,0.3344411923949722,1.644252852476674,-2.102137817218081
-0.5617551966038423,-0.020417785331674855,0.4007076366246607,0.3344930207912605,1.6442180792368082,-2.1020363064615184
-0.5616344793365897,-0.020513373187280894,0.40080248188721446,0.33454485151627095,1.6441833060135131,-2.101934823902798
-0.5615137457282673,-0.020608945889828124,0.40089730311133365,0.3345966846393579,1.6441485326872636,-2.101833369565591
-0.5613929958228479,-0.020704503541515106,0.40099210037639277,0.33464852022786085,1.6441137591417174,-2.1017319434804325
-0.5612722296650237,-0.020800046246326857,0.40108687376307106,0.3347003583507255,1.64407898525783,-2.101630545670796
-0.5611514472984371,-0.020895574105863183,0.40118162335023744,0.334752199074697,1.6440442109200435,-2.1015291761677584
-0.561030648767046,-0.020991087222545973,0.4012763492173461,0.33480404246724244,1.644009436011535,-2.101427834998751
-0.5609098341145113,-0.021086585698192318,0.40137105144336904,0.33485588859525334,1.6439746604163281,-2.101326522192571
-0.5607890033842242,-0.021182069634069874,0.4014657301068407,0.33490773752509445,1.6439398840192152,-2.1012252377792002
-0.5606681566194434,-0.021277539131214034,0.40156038528609317,0.3349595893228909,1.6439051067052863,-2.101123981788704
-0.5605472938631113,-0.021372994290005286,0.40165501705894147,0.3350114440541443,1.6438703283605587,-2.101022754252721
-0.5604264151581972,-0.021468435210967952,0.401749625503278,0.33506330178446136,1.6438355488707896,-2.1009215552016642
-0.5603055205473657,-0.021563861993999754,0.4018442106965008,0.33511516257884955,1.6438007681226245,-2.1008203846674434
-0.560184610073212,-0.021659274738916573,0.40193877271591716,0.33516702650221514,1.6437659860027845,-2.1007192426815497
-0.5600636837776962,-0.021754673544114266,0.4020333116377488,0.3352188936181411,1.6437312024000579,-2.1006181292797765
-0.5599427417035745,-0.021850058509968483,0.4021278275396627,0.33527076399198763,1.6436964172002537,-2.100517044490276
-0.559821783892331,-0.02194542973392123,0.4022223204971138,0.3353226376864132,1.643661630293492,-2.100415988350829
-0.5597008103859142,-0.022040787314597663,0.40231679058640846,0.33537451476512625,1.6436268415680972,-2.1003149608943916
-0.5595798212261887,-0.022136131350519426,0.402411237883749,0.3354263952917117,1.6435920509125095,-2.1002139621536258
-0.5594588164544412,-0.02223146193891538,0.40250566246434594,0.3354782793285474,1.6435572582170486,-2.1001129921650814
-0.5593377961119144,-0.022326779176995486,0.40260006440336915,0.33553016693796617,1.6435224633720231,-2.100012050964727
-0.5592167602400746,-0.02242208316259151,0.4026944437764226,0.3355820581828366,1.643487666266784,-2.0999111385857114
-0.5590957088796289,-0.022517373991811338,0.4027888006577993,0.3356339531244283,1.643452866793203,-2.0998102550666076
-0.5589746420715302,-0.02261265176143656,0.40288313512226703,0.33568585182459515,1.6434180648421137,-2.0997094004429946
-0.5588535598565301,-0.02270791656785124,0.4029774472442682,0.33573775434479786,1.6433832603049103,-2.099608574751235
-0.5587324622752172,-0.02280316850714049,0.4030717370979975,0.3357896607461953,1.6433484530733915,-2.09950777802813
-0.5586113493677969,-0.022898407674560067,0.4031660047570036,0.3358415710891616,1.6433136430405546,-2.099407010312789
-0.5584902211746918,-0.02299363416596891,0.4032602502952576,0.3358934854345886,1.6432788300984682,-2.0993062716416055
-0.5583690777359624,-0.02308884807644336,0.40335447378612055,0.33594540384262467,1.6432440141403313,-2.0992055620531342
-0.5582479190913947,-0.023184049500499068,0.40344867530251016,0.33599732637287916,1.6432091950601388,-2.0991048815873086
-0.5581267452812195,-0.02327923853379269,0.40354285491816455,0.33604925308596484,1.643174372750167,-2.0990042302794825
-0.5580055563445088,-0.023374415269292917,0.4036370127047968,0.3361011840400221,1.6431395471066452,-2.098903608173872
-0.5578843523214374,-0.023469579802698093,0.40373114873612304,0.3361531192956375,1.643104718021726,-2.09880301530455
-0.5577631332508899,-0.02356473222670279,0.403825263083599,0.33620505891064034,1.643069885391984,-2.098702451715563
-0.5576418991724612,-0.023659872635782644,0.4039193558199776,0.3362570029444416,1.6430350491113284,-2.0986019174441615
-0.5575206501249976,-0.023755001122709833,0.40401342701671905,0.3363089514548765,1.6430002090761622,-2.0985014125330204
-0.5573993861477788,-0.023850117781376277,0.40410747674609016,0.33636090450076067,1.642965365181204,-2.098400937020348
-0.5572781072793997,-0.023945222704116573,0.4042015050791721,0.33641286213946703,1.6429305173234503,-2.0983004909492715
-0.5571568135587901,-0.024040315984158348,0.40429551208768544,0.3364648244291437,1.6428956653985491,-2.0982000743592604
-0.5570355050243521,-0.024135397713540886,0.4043894978424398,0.3365167914268295,1.642860809303884,-2.0980996872934212
-0.5569141817147703,-0.02423046798507022,0.4044834624147895,0.33656876319022355,1.6428259489356754,-2.0979993297916515
-0.5567928436682692,-0.024325526890524973,0.4045774058752982,0.33662073977606094,1.6427910841916424,-2.097899001896938
-0.5566714909230672,-0.024420574521765274,0.4046713282945662,0.33667272124111713,1.642756214969358,-2.0977987036514683
-0.5565501235172281,-0.0245156109703489,0.4047652297429407,0.33672470764185997,1.6427213411668191,-2.0976984350979837
-0.5564287414888085,-0.024610636327914718,0.40485911029080524,0.3367766990347972,1.6426864626818785,-2.09759819627844
-0.5563073448757603,-0.024705650685915924,0.4049529700083787,0.3368286954762318,1.6426515794126433,-2.0974979872349513
-0.5561859337154065,-0.024800654134396218,0.4050468089648076,0.336880697021161,1.6426166912592812,-2.0973978080140743
-0.5560645080458695,-0.024895646765391796,0.40514062723069366,0.3369327037263461,1.6425817981189923,-2.0972976586549046
-0.5559430679043453,-0.024990628668796543,0.4052344248750206,0.3369847156465793,1.6425468998921213,-2.097197539203552
-0.5558216133282725,-0.0250855999351739,0.4053282019672442,0.33703673283722163,1.6425119964780064,-2.097097449703312
-0.5557001443549971,-0.025180560654940894,0.40542195857668695,0.33708875535346694,1.6424770877761778,-2.0969973901975147
-0.5555786610214009,-0.02527551091749183,0.40551569477188676,0.3371407832495517,1.642442173687659,-2.0968973607326067
-0.5554571633648901,-0.025370450813548412,0.4056094106223411,0.33719281658087374,1.642407254111491,-2.096797361349919
-0.555335651422217,-0.02546538043235493,0.40570310619642536,0.33724485540146276,1.6423723289488812,-2.096697392095497
-0.5552141252300729,-0.025560299863084966,0.40579678156243815,0.33729689976524957,1.642337398101121,-2.096597453015179
-0.5550925848254158,-0.025655209195638826,0.40589043678919223,0.3373489497267835,1.64230246146841,-2.0964975441518083
-0.5549710302445874,-0.025750108518509313,0.40598407194443054,0.3374010053393103,1.64226751895301,-2.096397665552704
-0.5548494615242632,-0.025844997921078697,0.4060776870965317,0.3374530666568407,1.6422325704558491,-2.0962978172616302
-0.5547278787008025,-0.025939877492044853,0.40617128231334165,0.3375051337327316,1.6421976158788532,-2.096197999324311
-0.5546062818102531,-0.026034747319449873,0.40626485766219456,0.33755720661971644,1.6421626551248953,-2.0960982117883207
-0.5544846708891882,-0.02612960749265824,0.40635841321138133,0.3376092853716789,1.6421276880948816,-2.095998454696182
-0.5543630459733171,-0.026224458099062795,0.40645194902770565,0.3376613700406941,1.6420927146926148,-2.0958987280968873
-0.5542414070988375,-0.02631929922729028,0.4065454651788618,0.33771346067991037,1.6420577348200553,-2.0957990320346815
-0.554119754301345,-0.02641413096460877,0.4066389617315125,0.33776555734121605,1.6420227483811602,-2.09569936655815
-0.5539980876169714,-0.026508953399654936,0.40673243875331,0.33781766007769404,1.6419877552778468,-2.0955997317106716
-0.5538764070808799,-0.02660376661881837,0.4068258963102167,0.3378697689403714,1.6419527554153361,-2.0955001275430667
-0.5537547127291962,-0.026698570710877487,0.4069193344699429,0.33792188398238376,1.6419177486953072,-2.0954005540973966
-0.5536330045968203,-0.026793365761746065,0.4070127532980483,0.3379740052542556,1.6418827350236567,-2.095301011425331
-0.5535112827196169,-0.02688815185973579,0.4071061528618476,0.3380261328086284,1.6418477143027255,-2.095201499569754
-0.5533895471325003,-0.026982929090954566,0.40719953322699864,0.3380782666961287,1.641812686438093,-2.095102018580851
-0.5532677978707676,-0.02707769754250415,0.40729289445987105,0.33813040696823493,1.6417776513338616,-2.0950025685049445
-0.5531460349695028,-0.02717245730106044,0.40738623662649376,0.33818255367600875,1.6417426088947473,-2.094903149389443
-0.5530242584635783,-0.027267208452860566,0.4074795597925489,0.3382347068700781,1.6417075590261014,-2.0948037612829085
-0.5529024683880497,-0.027361951084667723,0.407572864024083,0.3382868666015072,1.6416725016324865,-2.0947044042316696
-0.5527806647776465,-0.027456685282540222,0.40766614938659673,0.3383390329206908,1.641637436619491,-2.0946050782841352
-0.5526588476667698,-0.027551411131814484,0.4077594159450335,0.33839120587733407,1.6416023638937636,-2.09450578349087
-0.5525370170905841,-0.02764612871975317,0.4078526637657385,0.3384433855228368,1.6415672833590915,-2.094406519895312
-0.55241517308309,-0.027740838130887267,0.40794589291300976,0.3384955719061086,1.6415321949232864,-2.0943072875500803
-0.5522933156789502,-0.027835539451431364,0.40803910345237004,0.33854776507753154,1.6414970984916635,-2.0942080865015407
-0.5521714449125934,-0.027930232767097954,0.40813229544894636,0.338599965086999,1.6414619939702662,-2.0941089167974396
-0.5520495608180571,-0.02802491816275108,0.40822546896721335,0.3386521719836066,1.6414268812663821,-2.0940097784881266
-0.5519276634293728,-0.028119595723312855,0.4083186240716661,0.3387043858164636,1.6413917602872021,-2.093910671623385
-0.5518057527811084,-0.028214265535066594,0.4084117608277835,0.3387566066358594,1.6413566309378986,-2.093811596247882
-0.5516838289067216,-0.02830892768171079,0.40850487929910795,0.33880883448973065,1.641321493127449,-2.09371255241496
-0.5515618918404535,-0.028403582248903263,0.4085979795506094,0.33886106942773125,1.641286346761927,-2.093613540170758
-0.5514399416159677,-0.028498229320988167,0.408691061646262,0.3389133114982991,1.641251191749339,-2.0935145595656572
-0.5513179782668312,-0.028592868982151614,0.4087841256498994,0.3389655607496922,1.641216027997916,-2.093415610650242
-0.5511960018269075,-0.028687501317376792,0.40887717162592274,0.3390178172308435,1.6411808554147025,-2.093316693471966
-0.551074012329801,-0.028782126411098213,0.40897019963830394,0.3390700809901576,1.6411456739075423,-2.093217808079849
-0.5509520098087748,-0.02887674434699877,0.4090632097504354,0.3391223520753262,1.6411104833853838,-2.0931189545252065
-0.5508299942972084,-0.028971355209126068,0.4091562020259576,0.33917463053432967,1.6410752837566265,-2.093020132857734
-0.5507079658286314,-0.029065959081960392,0.40924917652880755,0.33922691641549607,1.641040074929024,-2.0929213431252816
-0.5505859244360227,-0.029160556048735676,0.40934213332197755,0.3392792097660002,1.6410048568121625,-2.092822585379721
-0.5504638701525826,-0.029255146193292645,0.4094350724688858,0.3393315106335206,1.6409696293147251,-2.092723859670473
-0.5503418030115705,-0.029349729599695264,0.4095279940330936,0.3393838190658965,1.640934392345057,-2.0926251660458473
-0.5502197230456787,-0.029444306350711578,0.40962089807718094,0.33943613510977017,1.640899145813409,-2.0925265045583563
-0.5500976302878575,-0.02953887652980764,0.4097137846642218,0.33948845881236694,1.6408638896289973,-2.092427875257755
-0.5499755247712166,-0.029633440220917552,0.4098066538576126,0.33954079022129424,1.6408286237003378,-2.0923292781918312
-0.5498534065279657,-0.029727997505868086,0.40989950571917055,0.3395931293822364,1.64079334793905,-2.092230713415422
-0.5497312755913324,-0.029822548469032872,0.4099923403125725,0.33964547634311076,1.6407580622529938,-2.092132180974156
-0.5496091319935665,-0.0299170931924856,0.4100851576997733,0.33969783114974605,1.6407227665534097,-2.09203368092137
-0.5494869757670751,-0.030011631758769208,0.41017795794305223,0.3397501938483488,1.6406874607508435,-2.0919352133084548
-0.5493648069446495,-0.03010616425142334,0.4102707411054032,0.3398025644859753,1.6406521447543652,-2.0918367781830107
-0.5492426255583629,-0.030200690752330183,0.4103635072485723,0.3398549431081646,1.6406168184754841,-2.0917383755981165
-0.5491204316406746,-0.03029521134437948,0.4104562564350289,0.3399073297613132,1.6405814818242184,-2.0916400056030313
-0.5489982252235226,-0.030389726109277492,0.4105489887263447,0.3399597244907262,1.6405461347123251,-2.0915416682508337
-0.5488760063393192,-0.030484235129950937,0.4106417041849728,0.34001212734275293,1.6405107770497596,-2.091443363590053
-0.5487537750199536,-0.0305787384881437,0.41073440287246843,0.34006453836265293,1.6404754087482143,-2.0913450916730363
-0.5486315312974108,-0.030673236265896155,0.41082708485058594,0.3401169575959079,1.64044002971894,-2.0912468525508054
-0.548509275203724,-0.030767728545451255,0.4109197501812054,0.34016938508814126,1.6404046398728869,-2.0911486462733784
-0.548387006770497,-0.030862215408080495,0.4110123989254697,0.3402218208840715,1.6403692391224312,-2.091050472893871
-0.5482647260298021,-0.030956696936271073,0.4111050311453952,0.3402742650294592,1.640333827378154,-2.0909523324608634
-0.5481424330129334,-0.031051173210693356,0.4111976469016376,0.34032671756841015,1.6402984045533082,-2.0908542250289868
-0.5480201277518386,-0.031145644313680967,0.41129024625605703,0.34037917854646643,1.6402629705586984,-2.0907561506467895
-0.5478978102780001,-0.031240110326521107,0.4113828292697199,0.3404316480082037,1.64022752530666,-2.0906581093661725
-0.547775480622656,-0.03133457132996997,0.41147539600327954,0.34048412599768246,1.640192068710313,-2.0905601012406163
-0.5476531388174051,-0.031429027405741904,0.4115679465180746,0.34053661255977674,1.6401566006813606,-2.0904621263199745
-0.5475307848936737,-0.03152347863520971,0.41166048087517004,0.340589107739016,1.6401211211320068,-2.0903641846550127
-0.5474084188825401,-0.03161792509897592,0.4117529991350406,0.3406416115792067,1.6400856299755873,-2.090266276298903
-0.5472860408152158,-0.031712366878032236,0.4118455013584279,0.3406941241244594,1.6400501271248618,-2.09016840130319
-0.5471636507227817,-0.03180680405314367,0.41193798760588374,0.34074664541864447,1.6400146124929234,-2.0900705597199307
-0.5470412486365817,-0.03190123670577683,0.4120304579384564,0.3407991755062139,1.6399790859918282,-2.0899727515984665
-0.5469188345872436,-0.0319956649157394,0.41212291241594956,0.3408517144301086,1.6399435475360726,-2.089874976993649
-0.5467964086059016,-0.03209008876413913,0.41221535109910445,0.3409042622343816,1.6399079970382375,-2.0897772359555318
-0.5466739707232389,-0.03218450833106891,0.4123077740478931,0.3409568189621461,1.6398724344123974,-2.0896795285374408
-0.5465515209702296,-0.03227892369739804,0.41240018132283685,0.34100938465716313,1.6398368595714818,-2.0895818547897282
-0.5464290593774663,-0.03237333494315015,0.41249257298381536,0.3410619593624048,1.6398012724296611,-2.08948421476543
-0.5463065859755432,-0.0324677421484137,0.41258494909073273,0.3411145431208588,1.6397656729010128,-2.0893866085170973
-0.5461841007952257,-0.03256214539378649,0.41267730970384875,0.34116713597592535,1.6397300608988612,-2.089289036095246
-0.5460616038668054,-0.03265654475877025,0.4127696548825932,0.34121973796999233,1.639694436338144,-2.08919149755395
-0.545939095220974,-0.032750940323929896,0.41286198468715973,0.3412723491463487,1.6396587991322333,-2.0890939929433285
-0.5458165748879162,-0.032845332168658294,0.4129542991768569,0.34132496954720626,1.6396231491962239,-2.088996522317323
-0.5456940428981856,-0.032939720373331316,0.41304659841169644,0.34137759921560573,1.639587486443765,-2.0888990857262
-0.5455714992816958,-0.0330341050168286,0.41313888245056707,0.34143023819322393,1.6395518107907052,-2.088801683225186
-0.5454489440687977,-0.033128486179180835,0.41323115135318456,0.3414828865227148,1.639516122151203,-2.088704314865249
-0.5453263772899053,-0.03322286394064354,0.41332340517941013,0.34153554424689153,1.6394804204390807,-2.0886069806963232
-0.5452037989745699,-0.033317238379437425,0.41341564398758424,0.3415882114067254,1.639444705571161,-2.0885096807751893
-0.545081209153202,-0.033411609575960746,0.41350786783763294,0.3416408880450753,1.6394089774610547,-2.0884124151507897
-0.544958607855575,-0.03350597760912821,0.4136000767883663,0.3416935742034462,1.6393732360245625,-2.0883151838769947
-0.544835995111475,-0.03360034255795566,0.4136922708986499,0.3417462699233926,1.639337481177333,-2.0882179870070794
-0.5447133709508725,-0.03369470450199203,0.41378445022772103,0.34179897524689934,1.6393017128342313,-2.0881208245922203
-0.5445907354035899,-0.03378906352049251,0.41387661483458027,0.34185169021564954,1.639265930910559,-2.0880236966843837
-0.5444680884989745,-0.03388341969162364,0.41396876477740596,0.34190441487032774,1.6392301353232122,-2.087926603339075
-0.5443454302670574,-0.03397777309530359,0.41406090011564634,0.3419571492531216,1.6391943259865183,-2.087829544605479
-0.5442227607370924,-0.03407212380962278,0.4141530209073827,0.34200989340456506,1.6391585028174913,-2.087732520538901
-0.5441000799387012,-0.034166471913642325,0.4142451272113912,0.34206264736601,1.6391226657317182,-2.0876355311910317
-0.5439773879014798,-0.03426081748643356,0.41433721908643584,0.3421154111787726,1.639086814644774,-2.0875385766133037
-0.5438546846545318,-0.03435516060593892,0.4144292965904284,0.3421681848831371,1.6390509494738916,-2.0874416568608365
-0.5437319702274195,-0.03444950135130243,0.41452135978214555,0.3422209685204035,1.6390150701345423,-2.087344771984345
-0.5436092446492005,-0.03454383980049531,0.41461340871948016,0.3422737621307983,1.6389791765439217,-2.0872479220383964
-0.5434865079492512,-0.03463817603235701,0.41470544346094496,0.342326565755273,1.638943268617949,-2.087151107074309
-0.5433637601566916,-0.03473251012515765,0.4147974640646124,0.3423793794342351,1.6389073462733854,-2.0870543271451565
-0.5432410013005224,-0.034826842156960906,0.4148894705883839,0.3424322032078709,1.638871409427294,-2.0869575823045072
-0.5431182314097711,-0.034921172205967084,0.4149814630902413,0.34248503711644573,1.638835457996541,-2.0868608726052313
-0.5429954505135637,-0.03501550035068444,0.415073441628373,0.34253788120045364,1.6387994918975437,-2.086764198098912
-0.5428726586406354,-0.03510982666874331,0.4151654062603012,0.3425907354995781,1.6387635110480077,-2.0866675588399537
-0.5427498558199702,-0.03520415123846014,0.4152573570440341,0.34264360005406364,1.6387275153646346,-2.086570954880165
-0.5426270420801336,-0.035298474137191754,0.41534929403685306,0.3426964749032695,1.6386915047655406,-2.086474386274475
-0.5425042174502455,-0.035392795443732236,0.4154412172970776,0.34274936008777857,1.6386554791667294,-2.0863778530725936
-0.5423813819585801,-0.03548711523487426,0.41553312688153543,0.3428022556463737,1.638619438487149,-2.086281355330977
-0.5422585381604659,-0.03558143170285908,0.415625021000843,0.3428551605576252,1.6385833833488759,-2.086184895233265
-0.5421356835439735,-0.03567574676987537,0.41571690152939955,0.34290807590226025,1.6385473129960597,-2.0860884705374696
-0.5420128181535393,-0.03577006055280426,0.4158087685534202,0.3429610017378749,1.6385112273171456,-2.0859920814620687
-0.5418899420183081,-0.03586437313086314,0.41590062213143764,0.3430139381052164,1.6384751262275343,-2.085895728054228
-0.5417670551660478,-0.03595868457996347,0.4159924623195339,0.3430668850420916,1.6384390096474795,-2.0857994103723856
-0.541644157625413,-0.03605299497827397,0.4160842891754326,0.3431198425882479,1.6384028774939232,-2.085703128466928
-0.5415212494247079,-0.036147304403164944,0.4161761027562483,0.34317281078269,1.638366729684986,-2.0856068823908096
-0.54139833059204,-0.03624161293160814,0.41626790311878525,0.3432257896640327,1.6383305661393741,-2.0855106721981644
-0.5412754011556027,-0.0363359206408528,0.4163596903200326,0.3432787792710928,1.638294386775392,-2.085414497941962
-0.5411524611434544,-0.03643022760788508,0.41645146441676517,0.34333177964241574,1.6382581915117318,-2.0853183596758753
-0.5410295105839111,-0.03652453391040786,0.4165432254662669,0.3433847908171321,1.6382219802660418,-2.0852222574508983
-0.5409065495047667,-0.03661883962490701,0.41663497352490686,0.34343781283326896,1.6381857529577537,-2.0851261913220354
-0.5407835779339223,-0.036713144828206985,0.41672670864928407,0.343490845729106,1.6381495095058112,-2.085030161342926
-0.5406605958994994,-0.03680744959774263,0.41681843089642734,0.34354388954341725,1.6381132498282638,-2.0849341675648883
-0.540537603429196,-0.03690175400998342,0.41691014032263674,0.34359694431409044,1.6380769738445815,-2.0848382100423946
-0.5404146005508785,-0.036996058141889075,0.4170018369845534,0.3436500100794016,1.6380406814735213,-2.08474228882802
-0.5402915872921277,-0.03709036206978364,0.4170935209383331,0.34370308687702933,1.638004372634774,-2.08464640397635
-0.5401685636808073,-0.03718466587076444,0.41718519224067885,0.3437561747452871,1.637968047246904,-2.084550555539094
-0.5400455297445523,-0.03727896962143318,0.4172768509479128,0.34380927372201514,1.6379317052292026,-2.084454743569484
-0.5399224855108367,-0.03737327339807487,0.41736849711610424,0.3438623838447347,1.6378953465014332,-2.0843589681216623
-0.5397994310071752,-0.03746757727714238,0.4174601308014274,0.343915505151073,1.637858970983116,-2.0842632292489967
-0.5396763662611832,-0.03756188133540793,0.41755175206027206,0.3439686376788947,1.637822578593309,-2.0841675270035585
-0.5395532913003027,-0.0376561856492913,0.41764336094875,0.3440217814657163,1.6377861692515894,-2.0840718614384492
-0.539430206151601,-0.037750490294367764,0.4177349575223346,0.3440749365482754,1.6377497428787806,-2.083976232609517
-0.5393071108426994,-0.037844795347640334,0.41782654183752865,0.3441281029645152,1.6377132993936148,-2.0838806405674664
-0.5391840054007737,-0.037939100885086716,0.4179181139500634,0.34418128075144244,1.6376768387163325,-2.0837850853663715
-0.5390608898530269,-0.03803340698283268,0.41800967391576016,0.3442344699461521,1.6376403607669638,-2.0836895670596136
-0.5389377642266702,-0.03812771371708909,0.41810122179048426,0.3442876705857724,1.637603865465418,-2.0835940857000894
-0.5388146285487183,-0.03822202116365836,0.41819275762978214,0.3443408827070349,1.6375673527322074,-2.0834986413419303
-0.5386914828464082,-0.03831632939896026,0.41828428148963526,0.3443941063471662,1.6375308224869483,-2.083403234036949
-0.5385683271464572,-0.038410638498209845,0.41837579342512266,0.34444734154230566,1.637494274651021,-2.0833078638409455
-0.5384451614761137,-0.0385049485379987,0.41846729349231415,0.3445005883297465,1.6374577091438023,-2.0832125308047766
-0.5383219858622414,-0.03859925959404237,0.41855878174661876,0.3445538467459801,1.6374211258859517,-2.0831172349821516
-0.538198800331485,-0.03869357174159203,0.4186502582430871,0.3446071168270524,1.6373845247988172,-2.083021976428212
-0.5380756049109099,-0.03878788505700575,0.4187417230375621,0.3446603986099312,1.6373479058021312,-2.0829267551940878
-0.5379523996272066,-0.03888219961579359,0.4188331761852473,0.3447136921308062,1.637311268816872,-2.082831571333666
-0.5378291845069398,-0.038976515493215555,0.4189246177411441,0.3447669974256057,1.6372746137643928,-2.082736424901533
-0.5377059595769307,-0.03907083276524959,0.41901604776076207,0.3448203145308459,1.6372379405649973,-2.0826413159496027
-0.537582724863741,-0.03916515150729764,0.41910746629917073,0.34487364348249694,1.637201249139841,-2.082546244531619
-0.5374594803940429,-0.03925947179510919,0.41919887341167583,0.34492698431679164,1.6371645394095768,-2.0824512106999475
-0.5373362261940837,-0.03935379370345406,0.4192902691528464,0.34498033706907005,1.6371278112962977,-2.082356214510174
-0.5372129622905621,-0.03944811730828727,0.4193816535781021,0.34503370177566134,1.6370910647203656,-2.0822612560136062
-0.53708968870977,-0.03954244268464051,0.4194730267421689,0.34508707847205156,1.6370542996035022,-2.082166335264583
-0.5369664054780712,-0.039636769907780436,0.41956438869992585,0.3451404671938882,1.6370175158670919,-2.082071452316462
-0.5368431126219377,-0.03973109905332328,0.4196557395064904,0.34519386797708296,1.6369807134320111,-2.0819766072212156
-0.536719810167531,-0.03982543019618764,0.4197470792164506,0.3452472808569009,1.6369438922201656,-2.081881800033067
-0.5365964981410016,-0.03991976341133066,0.4198384078844044,0.3453007058685969,1.6369070521534126,-2.0817870308059434
-0.5364731765684896,-0.04001409877376465,0.4199297255649743,0.34535414304743656,1.636870193153531,-2.081692299593409
-0.5363498454764395,-0.04010843635931964,0.4200210323133613,0.34540759242935076,1.636833315141112,-2.0815976064460346
-0.5362265048905996,-0.04020277624217748,0.4201123281835428,0.3454610540488008,1.6367964180391654,-2.0815029514199335
-0.5361031548370523,-0.040297118497416275,0.4202036132301341,0.34551452794098486,1.6367595017693946,-2.0814083345679486
-0.5359797953418655,-0.040391463200150586,0.4202948875077601,0.34556801414108934,1.636722566253459,-2.0813137559426433
-0.5358564264309393,-0.04048581042515532,0.4203861510707787,0.3456215126839682,1.6366856114135186,-2.0812192155975833
-0.535733048130262,-0.04058016024748764,0.4204774039737367,0.3456750236046768,1.6366486371713296,-2.081124713585205
-0.5356096604654565,-0.040674512741378434,0.4205686462705589,0.3457285469375146,1.636611643449862,-2.08103024996064
-0.5354862634625039,-0.04076886798201345,0.42065987801585036,0.3457820827175672,1.6365746301706965,-2.0809358247755547
-0.5353628571469962,-0.04086322604368617,0.4207510992635468,0.3458356309791055,1.6365375972567269,-2.0808414380845512
-0.5352394415447215,-0.040957587001244994,0.4208423100679717,0.34588919175684113,1.63650054463004,-2.0807470899401452
-0.5351160166814726,-0.0410519509296307,0.42093351048349814,0.34594276508552346,1.6364634722125984,-2.0806527803943826
-0.5349925825824702,-0.04114631790242457,0.4210247005634875,0.34599635099868525,1.636426379928356,-2.0805585095038523
-0.5348691392738285,-0.04124068799550287,0.4211158803629629,0.34604994953180396,1.6363892676979195,-2.0804642773170463
-0.5347456867805027,-0.041335061281936473,0.421207049934877,0.34610356071788834,1.6363521354460058,-2.0803700838920127
-0.5346222251282144,-0.04142943783676999,0.42129820933360973,0.34615718459161443,1.6363149830944514,-2.0802759292798143
-0.5344987543425574,-0.04152381773480146,0.42138935861334326,0.3462108211874033,1.6362778105654618,-2.080181813532212
-0.534375274448557,-0.04161820104948545,0.4214804978272584,0.3462644705384732,1.636240617783215,-2.0800877367054658
-0.5342517854719393,-0.04171258785609252,0.4215716270298482,0.34631813267957257,1.6362034046692382,-2.0799936988493957
-0.5341282874375377,-0.0418069782277489,0.4216627462740199,0.34637180764355496,1.6361661711482034,-2.079899700021092
-0.5340047803709211,-0.04190137223946922,0.4217538556140439,0.34642549546486445,1.6361289171420292,-2.0798057402709627
-0.5338812642971611,-0.04199576996511882,0.4218449551033343,0.3464791961769113,1.636091642574322,-2.0797118196532414
-0.5337577392415174,-0.042090171479090284,0.4219360447956715,0.3465329098135215,1.6360543473679243,-2.079617938220184
-0.5336342052289886,-0.042184576855197616,0.4220271247443974,0.3465866364079777,1.6360170314465339,-2.079524096025909
-0.5335106622846624,-0.04227898616755677,0.42211819500305703,0.3466403759937863,1.635979694733411,-2.0794302931233326
-0.5333871104335826,-0.042373399490235886,0.4222092556251431,0.34669412860436816,1.6359423371518975,-2.0793365295653943
-0.5332635497006528,-0.042467816897034084,0.4223003066639357,0.3467478942728734,1.6359049586257333,-2.0792428054058174
-0.5331399801107954,-0.042562238461860434,0.42239134817277657,0.3468016730325049,1.6358675590785081,-2.0791491206977986
-0.5330164016891006,-0.0426566642591181,0.422482380205353,0.34685546491685154,1.6358301384330947,-2.079055475492681
-0.5328928144600971,-0.042751094361880716,0.4225734028143626,0.34690926995831384,1.6357926966143193,-2.078961869846262
-0.5327692184487649,-0.04284552884442047,0.42266441605336325,0.34696308819028615,1.635755233545263,-2.078868303810051
-0.5326456136799118,-0.04293996778064425,0.4227554199756276,0.3470169196458064,1.6357177491495487,-2.078774777436674
-0.5325220001781164,-0.043034411243967126,0.4228464146340529,0.3470707643574484,1.6356802433515265,-2.0786812907803176
-0.532398377968109,-0.043128859308247676,0.4229374000818438,0.3471246223581259,1.6356427160749074,-2.0785878438934966
-0.5322747470743838,-0.043223312046832905,0.42302837637181434,0.3471784936802737,1.635605167244155,-2.0784944368303484
-0.5321511075217167,-0.04331776953383422,0.4231193435573193,0.3472323783569419,1.6355675967826278,-2.0784010696422284
-0.5320274593344205,-0.04341223184228969,0.4232103016909139,0.34728627642021764,1.6355300046152572,-2.078307742384062
-0.5319038025372933,-0.04350669904650646,0.4233012508260625,0.3473401879032374,1.6354923906651329,-2.0782144551062536
-0.5317801371543975,-0.04360117121904078,0.4233921910149361,0.347394112837592,1.635454754857907,-2.0781212078651166
-0.531656463210517,-0.04369564843430528,0.4234831223110418,0.3474480512564274,1.6354170971165314,-2.078028000710412
-0.531532780729771,-0.04379013076513962,0.423574044766724,0.347502003191498,1.6353794173662597,-2.077934833697196
-0.5314090897364565,-0.04388461828489105,0.4236649584346799,0.34755596867495187,1.6353417155316166,-2.0778417068786412
-0.5312853902550128,-0.0439791110673264,0.42375586336789706,0.3476099477392573,1.6353039915365206,-2.0777486203063287
-0.5311616823094845,-0.04407360918531211,0.4238467596186888,0.34766394041607057,1.6352662453062132,-2.0776555740348135
-0.5310379659243054,-0.044168112712746684,0.42393764724010574,0.3477179467378902,1.6352284767644394,-2.0775625681149603
-0.5309142411234093,-0.04426262172234973,0.4240285262843213,0.3477719667361642,1.6351906858366716,-2.0774696026015613
-0.5307905079309903,-0.04435713628757001,0.4241193968040249,0.347826000442925,1.6351528724473283,-2.077376677546762
-0.5306667663710218,-0.04445165648137172,0.4242102588515362,0.34788004788974947,1.635115036521542,-2.0772837930042454
-0.5305430164677603,-0.04454618237749221,0.42430111247972224,0.3479341091088356,1.6350771779833273,-2.0771909490248963
-0.5304192582448852,-0.044640714048307224,0.4243919577404407,0.3479881841311749,1.6350392967586929,-2.077098145664166
-0.5302954917265676,-0.04473525156747913,0.42448279468647043,0.34804227298881923,1.6350013927717812,-2.0770053829729327
-0.5301717169366249,-0.044829795007873006,0.4245736233699946,0.34809637571309887,1.6349634659479046,-2.0769126610046977
-0.5300479338987731,-0.04492434444215453,0.42466444384303315,0.3481504923351306,1.6349255162126755,-2.0768199798135205
-0.5299241426370251,-0.045018899943817005,0.424755256158194,0.34820462288670145,1.634887543490508,-2.076727339450472
-0.5298003431750509,-0.04511346158555286,0.42484606036748485,0.34825876739886985,1.6348495477069946,-2.076634739969264
-0.529676535536594,-0.04520802944031834,0.4249368565230893,0.3483129259028815,1.6348115287873506,-2.076542181422563
-0.5295527197454479,-0.04530260358126396,0.4250276446773169,0.3483670984301075,1.6347734866565167,-2.0764496638622396
-0.5294288958250437,-0.04539718408070142,0.42511842488185003,0.34842128501116015,1.6347354212406662,-2.076357187342933
-0.5293050637991605,-0.04549177101188712,0.42520919718904304,0.3484754856774193,1.6346973324646057,-2.0762647519158977
-0.5291812236913591,-0.04558636444759773,0.4252999616508846,0.348529700459815,1.6346592202538468,-2.07617235763391
-0.5290573755249852,-0.04568096446014209,0.4253907183190071,0.34858392938883553,1.6346210845345956,-2.076080004551245
-0.5289335193237843,-0.045775571122905485,0.4254814672458105,0.34863817249585105,1.634582925231496,-2.075987692718327
-0.5288096551110222,-0.045870184508136326,0.42557220848285127,0.3486924298112161,1.6345447422708606,-2.0758954221893915
-0.528685782910177,-0.04596480468868685,0.4256629420821101,0.34874670136576397,1.634506535578128,-2.075803193016457
-0.5285619027444053,-0.0460594317366792,0.4257536680950196,0.3488009871896636,1.6344683050798114,-2.075711005253937
-0.5284380146374437,-0.04615406572575046,0.4258443865740995,0.3488552873143357,1.6344300507002274,-2.0756188589509037
-0.5283141186122178,-0.04624870672758224,0.425935097570431,0.34890960176949165,1.6343917723665484,-2.0755267541630453
-0.5281902146920299,-0.04634335481486904,0.426025801135816,0.3489639305856678,1.6343534700044826,-2.075434690942438
-0.5280663029001449,-0.0464380100602806,0.42611649732202284,0.34901827379333844,1.6343151435397825,-2.07534266934112
-0.5279423832598198,-0.04653267253653729,0.4262071861808412,0.34907263142298095,1.6342767928981368,-2.075250689410835
-0.5278184557940628,-0.04662734231580676,0.42629786776364353,0.3491270035045602,1.634238418006048,-2.075158751205114
-0.5276945205257118,-0.046722019469899304,0.426388542121525,0.3491813900676973,1.6342000187905492,-2.075066854778595
-0.5275705774783361,-0.04681670407253047,0.42647920930695316,0.3492357911435972,1.6341615951759074,-2.0749750001792346
-0.5274466266745144,-0.04691139619500337,0.42656986937062347,0.3492902067613677,1.6341231470899145,-2.0748831874631812
-0.5273226681373204,-0.04700609590992626,0.42666052236416663,0.3493446369511879,1.634084674458469,-2.0747914166819728
-0.527198701889775,-0.047100803289851126,0.42675116833915605,0.34939908174315104,1.6340461772075614,-2.0746996878872155
-0.5270747279546715,-0.047195518406827716,0.42684180734678456,0.3494535411668802,1.6340076552639242,-2.074608001132136
-0.5269507463547907,-0.047290241332942955,0.42693243943825654,0.34950801525199093,1.6339691085542443,-2.074516356469711
-0.5268267571130529,-0.04738497214070429,0.42702306466506723,0.34956250402841654,1.6339305370046064,-2.074424753951355
-0.5267027602522276,-0.04747971090231358,0.42711368307847364,0.34961700752579034,1.6338919405415497,-2.0743331936294176
-0.5265787557950068,-0.04757445768984299,0.4272042947296235,0.3496715257735941,1.633853319091812,-2.0742416755565816
-0.5264547437638818,-0.04766921257493453,0.4272948996693364,0.3497260588009046,1.6338146725827671,-2.074150199786894
-0.5263307241818573,-0.047763975630591,0.4273854979494065,0.3497806066379156,1.6337760009398181,-2.074058766369604
-0.5262066970711956,-0.0478587469280149,0.4274760896203027,0.34983516931324987,1.6337373040909973,-2.073967375360044
-0.5260826624548098,-0.047953526540120826,0.427566674733725,0.3498897468569459,1.6336985819618557,-2.0738760268075387
-0.5259586203549897,-0.04804831453831518,0.4276572533402603,0.34994433929771906,1.6336598344801492,-2.073784720766492
-0.5258345707942755,-0.04814311099471946,0.42774782549100054,0.3499989466648548,1.6336210615726017,-2.0736934572887313
-0.5257105137950973,-0.04823791598123811,0.42783839123686596,0.3500535689874119,1.6335822631662638,-2.073602236426724
-0.5255864493799418,-0.048332729569991455,0.427928950628917,0.3501082062945939,1.6335434391878818,-2.073511058232077
-0.5254623775711602,-0.04842755183282311,0.4280195037179988,0.35016285861532764,1.633504589564616,-2.0734199227572456
-0.5253382983909631,-0.048522382841300574,0.4281100505547406,0.3502175259782675,1.6334657142240356,-2.0733288300555177
-0.525214211861945,-0.048617222668023874,0.42820059119050713,0.3502722084129036,1.6334268130922198,-2.0732377801765214
-0.5250901180060303,-0.048712071383977054,0.428291125675474,0.3503269059473148,1.633387886097607,-2.0731467731753335
-0.5249660168457684,-0.04880692906178858,0.4283816540609964,0.35038161861093525,1.633348933166255,-2.073055809101266
-0.5248419084029265,-0.04890179577218067,0.4284721763970296,0.3504363464315423,1.6333099542270029,-2.0729648880100773
-0.5247177927001498,-0.0489966715881625,0.4285626927351758,0.3504910894388127,1.6332709492053754,-2.0728740099495506
-0.524593669759053,-0.04909155658022051,0.4286532031251902,0.3505458476602447,1.6332319180305748,-2.0727831749760424
-0.5244695396022401,-0.0491864508213967,0.4287437076186682,0.3506006211254628,1.633192860628098,-2.072692383137006
-0.5243454022511216,-0.049281354381797364,0.42883420626505897,0.3506554098615644,1.6331537769277198,-2.072601634489887
-0.5242212577282439,-0.049376267334465956,0.42892469911593034,0.35071021389809526,1.6331146668549559,-2.0725109290819224
-0.5240971060552759,-0.049471189750295734,0.42901518622127344,0.35076503326273917,1.6330755303384572,-2.0724202669676393
-0.523972947254272,-0.04956612170122492,0.4291056676318239,0.3508198679840258,1.6330363673053674,-2.0723296481978637
-0.5238487813469472,-0.049661063258411325,0.4291961433977354,0.35087471808978604,1.6329971776839713,-2.072239072825996
-0.5237246083552662,-0.04975601449370298,0.4292866135696489,0.35092958360839244,1.6329579614015644,-2.072148540902964
-0.5236004283011138,-0.0498509754788207,0.4293770781980981,0.3509844645680714,1.632918718385636,-2.0720580524800267
-0.5234762412059784,-0.04994594628455869,0.4294675373329295,0.3510393609962265,1.6328794485650322,-2.0719676076115237
-0.523352047092037,-0.05004092698351459,0.429557991025284,0.35109427292174694,1.632840151865988,-2.0718772063454867
-0.5232278459804629,-0.05013591764581668,0.42964843932449526,0.3511492003713927,1.6328008282183382,-2.0717868487383395
-0.5231036378933656,-0.0502309183440375,0.4297388822816579,0.3512041433739519,1.632761477548376,-2.071696534837998
-0.5229794228521154,-0.05032592914894788,0.4298293199465433,0.3512591019566501,1.632722099785022,-2.0716062646984668
-0.5228552008783875,-0.05042095013215631,0.4299197523695164,0.3513140761473808,1.6326826948559914,-2.0715160383707705
-0.5227309719936866,-0.05051598136490933,0.4300101796006661,0.3513690659736917,1.6326432626895346,-2.0714258559070773
-0.5226067362194815,-0.050611022918435805,0.4301006016900524,0.3514240714630773,1.6326038032139387,-2.071335717359511
-0.5224824935774617,-0.05070607486459747,0.4301910186881819,0.3514790926435269,1.6325643163565815,-2.0712456227779206
-0.5223582440887125,-0.05080113727378406,0.43028143064447777,0.3515341295417463,1.6325248020469891,-2.0711555722171133
-0.5222339877750546,-0.050896210218326854,0.43037183760975806,0.3515891821860417,1.6324852602118802,-2.0710655657251262
-0.5221097246575273,-0.050991293768646695,0.43046223963344077,0.35164425060306703,1.6324456907807554,-2.070975603356457
-0.5219854547574272,-0.05108638799587905,0.43055263676544775,0.3516993348200407,1.6324060936820899,-2.07088568516305
-0.5218611780965023,-0.05118149297238362,0.4306430290565748,0.3517544348651736,1.6323664688425914,-2.070795811192546
-0.5217368946953478,-0.051276608767658154,0.4307334165555279,0.35180955076422366,1.6323268161931337,-2.070705981502315
-0.521612604575739,-0.05137173545427138,0.430823799313226,0.3518646825454999,1.6322871356601416,-2.070616196139081
-0.5214883077586467,-0.05146687310281353,0.4309141773791392,0.3519198302356021,1.632247427172925,-2.070526455156269
-0.5213640042650196,-0.051562021783891306,0.4310045508027356,0.3519749938611062,1.632207690660778,-2.0704367586071446
-0.5212396941164101,-0.0516571815697127,0.4310949196346303,0.35203017344989834,1.6321679260506823,-2.0703471065393786
-0.5211153773333894,-0.05175235253006682,0.43118528392367095,0.35208536902778637,1.6321281332731408,-2.0702574990088527
-0.5209910539375606,-0.05184753473743278,0.43127564372064064,0.35214058062280573,1.632088312254763,-2.0701679360621124
-0.5208667239493066,-0.05194272826125738,0.43136599907411144,0.3521958082603986,1.632048462926568,-2.0700784177560205
-0.5207423873900598,-0.052037933173724606,0.4314563500346247,0.35225105196827217,1.6320085852156174,-2.069988944137946
-0.5206180442805675,-0.052133149545344946,0.43154669665149514,0.3523063117726865,1.631968679051409,-2.0698995152609068
-0.5204936946418037,-0.052228377447283675,0.431637038974499,0.3523615877004135,1.6319287443625001,-2.069810131175577
-0.5203693384945112,-0.052323616950174366,0.43172737705301234,0.3524168797777376,1.6318887810782332,-2.0697207919343636
-0.5202449758595078,-0.05241886812492605,0.43181771093659727,0.35247218803113717,1.6318487891275606,-2.0696314975886314
-0.5201206067578141,-0.052514131043021835,0.4319080406752187,0.3525275124875342,1.6318087684386104,-2.0695422481876795
-0.519996231209845,-0.05260940577447461,0.4319983663177618,0.3525828531725737,1.6317687189416588,-2.069453043785763
-0.5198718492366812,-0.05270469239106821,0.43208868791438215,0.3526382101133527,1.6317286405644191,-2.0693638844309605
-0.5197474608586488,-0.05279999096272789,0.4321790055138739,0.3526935833353651,1.6316885332373143,-2.0692747701776413
-0.5196230660966741,-0.05289530156098366,0.4322693191661815,0.3527489728654161,1.6316483968884492,-2.0691857010745704
-0.5194986649711364,-0.05299062425603738,0.43235962892027224,0.35280437872915477,1.6316082314478675,-2.069096677174981
-0.5193742575027711,-0.053085959119066106,0.4324499348258073,0.35285980095301117,1.631568036844206,-2.0690076985286634
-0.5192498437121227,-0.05318130622083552,0.43254023693213606,0.3529152395630304,1.631527813006712,-2.0689187651867322
-0.5191254236195526,-0.05327666563171491,0.4326305352883075,0.3529706945848869,1.6314875598652168,-2.068829877201568
-0.5190009972457172,-0.053372037422886126,0.4327208299439451,0.35302616604489606,1.6314472773483863,-2.068741034622675
-0.5188765646109488,-0.05346742166478335,0.4328111209481178,0.35308165396870933,1.6314069653859786,-2.0686522375020284
-0.5187521257356309,-0.05356281842803866,0.4329014083500242,0.3531371583821045,1.6313666239074782,-2.0685634858908353
-0.5186276806401287,-0.05365822778330281,0.4329916921988637,0.3531926793108352,1.6313262528423518,-2.0684747798401504
-0.5185032293447591,-0.0537536498011799,0.4330819725437878,0.35324821678057955,1.6312858521201439,-2.0683861194010924
-0.5183787718699397,-0.05384908455259819,0.4331722494341699,0.3533037708172466,1.6312454216699428,-2.0682975046235863
-0.5182543082359157,-0.05394453210811148,0.43326252291909784,0.3533593414463935,1.631204961421389,-2.068208935558747
-0.5181298384626265,-0.05403999253756792,0.4333527930471375,0.35341492869294705,1.6311644713051558,-2.0681204122600234
-0.5180053625706798,-0.05413546591258902,0.43344305986812337,0.35347053258328154,1.631123951249358,-2.068031934774692
-0.5178808805799413,-0.054230952302969315,0.43353332343055473,0.35352615314220215,1.6310834011847701,-2.0679435031562057
-0.5177563925105542,-0.05432645177928816,0.4336235837834863,0.3535817903951329,1.6310428210410386,-2.067855117455241
-0.5176318983828256,-0.054421964412605134,0.43371384097630683,0.35363744436785993,1.6310022107471263,-2.067766777720739
-0.5175073982166429,-0.05451749027298053,0.43380409505766826,0.3536931150852963,1.6309615702334543,-2.0676784840049782
-0.5173828920318364,-0.05461302943040063,0.4338943460761573,0.35374880257225333,1.6309208994305606,-2.0675902363604033
-0.5172583798488297,-0.05470858195643488,0.4339845940814915,0.3538045068548288,1.6308801982667043,-2.0675020348339483
-0.5171338616872152,-0.05480414792060138,0.43407483912189226,0.3538602279573656,1.6308394666731245,-2.06741387947949
-0.5170093375670355,-0.05489972739362882,0.43416508124644393,0.35391596590518076,1.6307987045793169,-2.0673257703466694
-0.5168848075082142,-0.05499532044602231,0.4342553205040547,0.35397172072336636,1.6307579119151139,-2.067237707485808
-0.5167602715305524,-0.055090927148040515,0.43434555694344334,0.3540274924367695,1.6307170886107154,-2.0671496909479874
-0.5166357296536983,-0.055186547569613054,0.4344357906130769,0.35408328106992343,1.630676234596809,-2.0670617207853312
-0.5165111818977941,-0.05528218178201419,0.4345260215623816,0.354139086648448,1.6306353498021453,-2.0669737970452684
-0.5163866282822287,-0.055377829854647884,0.43461624983941927,0.3541949091963605,1.630594434158196,-2.0668859197815546
-0.516262068826979,-0.05547349185850526,0.4347064754933856,0.3542507487389669,1.630553487594143,-2.0667980890424205
-0.5161375035515903,-0.055569167863532436,0.43479669857270853,0.3543066053006612,1.6305125100406952,-2.066710304879595
-0.5160129324756344,-0.05566485793981797,0.43488691912590594,0.3543624789059189,1.6304715014283644,-2.066622567344234
-0.5158883556188343,-0.0557605621579066,0.4349771372018134,0.3544183695795575,1.6304304616870133,-2.066534876485845
-0.5157637730008986,-0.05585628058837092,0.43506735284927234,0.3544742773463793,1.630389390746477,-2.066447232353762
-0.5156391846409711,-0.05595201330040987,0.43515756611612066,0.35453020223000203,1.630348288538588,-2.066359635001937
-0.5155145905589045,-0.05604776036510715,0.43524777705154394,0.35458614425557805,1.6303071549924646,-2.066272084477787
-0.515389990774068,-0.05614352185238295,0.43533798570387616,0.35464210344725244,1.6302659900389151,-2.0661845808326236
-0.5152653853059093,-0.05623929783241497,0.43542819212162276,0.354698079829343,1.6302247936083933,-2.0660971241168076
-0.5151407741737835,-0.05633508837522671,0.4355183963531668,0.354754073426005,1.6301835656315815,-2.066009714381133
-0.5150161573970733,-0.05643089355097388,0.4356085984469735,0.35481008426146415,1.6301423060389837,-2.0659223516758654
-0.5148915349952956,-0.056526713430226576,0.4356987984517957,0.35486611236025195,1.6301010147605166,-2.0658350360497724
-0.5147669069875755,-0.056622548082620454,0.43578899641569735,0.35492215774608576,1.6300596917274586,-2.065747767554734
-0.5146422733930685,-0.05671839757793709,0.43587919238683703,0.35497822044276556,1.630018336870888,-2.065660546242053
-0.5145176342313,-0.0568142619869811,0.43596938641409877,0.355034300474904,1.6299769501204169,-2.0655733721594522
-0.5143929895213173,-0.056910141379392876,0.43605957854551347,0.3550903978661078,1.62993553140735,-2.0654862453585547
-0.514268339282264,-0.05700603582513598,0.4361497688293332,0.35514651264021546,1.629894080662536,-2.065399165889797
-0.5141436835335167,-0.05710194539483527,0.43623995731427523,0.35520264482157543,1.62985259781588,-2.0653121338012785
-0.5140190222937919,-0.057197870157495806,0.43633014404787485,0.35525879443315395,1.6298110827996377,-2.0652251491465536
-0.5138943555824511,-0.057293810183842685,0.4364203290788975,0.3553149614993058,1.6297695355435935,-2.065138211973223
-0.5137696834184942,-0.057389765543746786,0.4365105124554791,0.35537114604364195,1.629727955978773,-2.0650513223317186
-0.5136450058208206,-0.057485736306885145,0.4366006942256031,0.35542734808957116,1.6296863440364973,-2.064964480273066
-0.5135203228085539,-0.05758172254358389,0.43669087443771026,0.3554835676610055,1.6296446996471579,-2.0648776858459876
-0.5133956344005206,-0.057677724323474844,0.43678105313972737,0.3555398047812421,1.629603022742162,-2.064790939101504
-0.5132709406157154,-0.057773741716688455,0.4368712303799289,0.35559605947395395,1.6295613132522082,-2.064704240088852
-0.513146241472791,-0.05786977479254778,0.4369614062059952,0.3556523317621068,1.6295195711091712,-2.064617588859951
-0.5130215369909781,-0.05796582362193194,0.4370515806667161,0.35570862166991957,1.6294777962426912,-2.0645309854613236
-0.5128968271886984,-0.0580618882737062,0.43714175380941844,0.3557649292199018,1.629435988585327,-2.064444429946303
-0.5127721120850754,-0.05815796881861275,0.4372319256827695,0.3558212544360854,1.6293941480669356,-2.064357922361718
-0.5126473916984846,-0.058254065325535606,0.43732209633408403,0.3558775973409186,1.6293522746200764,-2.06427146276069
-0.5125226660479996,-0.05835017786522783,0.43741226581201365,0.35593395795836674,1.6293103681746122,-2.0641850511898583
-0.5123979351520598,-0.0584463065068786,0.43750243416407075,0.35599033631105875,1.6292684286626793,-2.06409868770114
-0.512273199029452,-0.05854245132063964,0.4375926014384479,0.3560467324223827,1.6292264560150382,-2.0640123723430883
-0.5121484576986362,-0.05863861237588993,0.43768276768277103,0.35610314631505213,1.6291844501635693,-2.063926105166813
-0.5120237111783741,-0.0587347897428538,0.4377729329452624,0.3561595780124389,1.6291424110389523,-2.063839886220471
-0.511898959487052,-0.05883098349086404,0.43786309727348893,0.35621602753714354,1.6291003385731577,-2.0637537155551784
-0.5117742026431671,-0.058927193689600324,0.4379532607152583,0.3562724949120137,1.6290582326976717,-2.0636675932208
-0.5116494406654812,-0.05902342040950057,0.43804342331891055,0.35632898016048803,1.6290160933428943,-2.0635815192645306
-0.5115246735721808,-0.059119663719581016,0.43813358513175005,0.3563854833047906,1.6289739204412914,-2.0634954937383494
-0.5113999013817843,-0.059215923689790236,0.4382237462017422,0.3564420043678801,1.6289317139239916,-2.0634095166909754
-0.5112751241126459,-0.059312200389719134,0.43831390657658154,0.3564985433723821,1.6288894737226542,-2.063323588172275
-0.5111503417831011,-0.059408493888979313,0.43840406630396744,0.3565551003409018,1.6288471997689171,-2.063237708231971
-0.511025554411547,-0.05950480425741256,0.43849422543175254,0.3566116752961974,1.628804891994099,-2.0631518769189245
-0.5109007620162593,-0.0596011315646143,0.4385843840076007,0.3566682682607859,1.6287625503298848,-2.0630660942827674
-0.5107759646153909,-0.05969747587993629,0.43867454207898815,0.3567248792569473,1.6287201747083218,-2.062980360373885
-0.510651162227231,-0.05979383727314274,0.43876469969367804,0.3567815083072618,1.628677765060876,-2.0628946752411914
-0.5105263548700893,-0.05989021581412992,0.4388548568995154,0.3568381554343848,1.6286353213188312,-2.0628090389330658
-0.5104015425620094,-0.059986611572169266,0.43894501374388484,0.35689482066041694,1.6285928434143855,-2.0627234514999535
-0.5102767253211304,-0.06008302461685359,0.4390351702743909,0.3569515040076879,1.6285503312792842,-2.062637912991131
-0.5101519031655286,-0.06017945501767653,0.4391253265385553,0.3570082054984067,1.628507784845428,-2.0625524234561414
-0.5100270761132828,-0.060275902844213136,0.4392154825839465,0.35706492515481536,1.6284652040446095,-2.062466982944173
-0.5099022441825252,-0.060372368166240475,0.43930563845826764,0.35712166299928283,1.6284225888083426,-2.062381591503658
-0.5097774073910823,-0.060468851052818635,0.4393957942086939,0.3571784190535508,1.6283799390691873,-2.0622962491854024
-0.5096525657571167,-0.06056535157394259,0.4394859498830628,0.3572351933400954,1.6283372547583645,-2.0622109560369504
-0.5095277192984646,-0.060661869798837725,0.43957610552864557,0.35729198588071964,1.6282945358082195,-2.0621257121084033
-0.5094028680329918,-0.060758405796868135,0.4396662611928033,0.35734879669730557,1.628251782150905,-2.0620405174493146
-0.5092780119786369,-0.06085495963765728,0.4397564169230712,0.3574056258119111,1.628208993718215,-2.061955372108285
-0.5091531511532938,-0.060951531390789584,0.4398465727669467,0.3574624732465258,1.6281661704420078,-2.0618702761339778
-0.5090282855747068,-0.06104812112552146,0.4399367287716789,0.357519339022832,1.6281233122546268,-2.0617852295761017
-0.5089034152605318,-0.06114472891095299,0.44002688498439335,0.35757622316234583,1.6280804190886544,-2.0617002324848346
-0.5087785402288052,-0.06124135481724229,0.44011704145296626,0.35763312568741895,1.6280374908751563,-2.0616152849066696
-0.5086536604970222,-0.06133799891320794,0.44020719822429877,0.35769004661926224,1.6279945275471415,-2.0615303868926027
-0.5085287760829331,-0.06143466126840616,0.44029735534581205,0.3577469859796574,1.6279515290365674,-2.061445538491045
-0.5084038870042029,-0.06153134195223433,0.4403875128648007,0.357803943790219,1.627908495275632,-2.0613607397508784
-0.5082789932784078,-0.061628041033935606,0.440477670828439,0.3578609200723983,1.6278654261967649,-2.0612759907214406
-0.5081540949232695,-0.0617247585831954,0.4405678292842081,0.35791791484797314,1.6278223217317713,-2.0611912914504944
-0.508029191956183,-0.06182149466891778,0.4406579882790149,0.3579749281380418,1.6277791818135952,-2.0611066419884
-0.5079042843948418,-0.06191824936086037,0.4407481478603712,0.35803195996436826,1.6277360063739588,-2.061022042382535
-0.5077793722564454,-0.062015022727560175,0.4408383080748981,0.35808901034767776,1.6276927953463558,-2.060937492684371
-0.5076544555589759,-0.06211181483965137,0.440928468970716,0.3581460793103799,1.6276495486612705,-2.0608529929381643
-0.5075295343192421,-0.06220862576480092,0.4410186305937991,0.3582031668724109,1.6276062662534732,-2.0607685431982192
-0.5074046085552677,-0.06230545557389606,0.44110879299242756,0.3582602730563173,1.6275629480531046,-2.060684143507789
-0.5072796782839202,-0.06240230433488698,0.44119895621275806,0.3583173978821954,1.6275195939945486,-2.060599793920076
-0.5071547435227561,-0.06249917211758277,0.44128912030227396,0.3583745413716307,1.6274762040095256,-2.0605154944818818
-0.5070298042892079,-0.06259605899154758,0.441379285308271,0.3584317035459741,1.627432778030115,-2.0604312452407663
-0.5069048606003195,-0.06269296502539595,0.4414694512773525,0.3584888844257578,1.6273893159897783,-2.0603470462474682
-0.5067799124735259,-0.06278989028883139,0.44155961825689305,0.3585460840323718,1.6273458178204216,-2.060262897548947
-0.5066549599258767,-0.06288683485062718,0.4416497862935884,0.35860330238640886,1.627302283455297,-2.0601787991952567
-0.5065300029745572,-0.06298379877997295,0.4417399554344228,0.3586605395087645,1.627258712827073,-2.060094751234977
-0.5064050416370858,-0.06308078214699851,0.4418301257270463,0.3587177954210686,1.6272151058670747,-2.060010753713417
-0.5062800759300412,-0.06317778501945356,0.44192029721738657,0.3587750701429663,1.627171462510063,-2.05992680668392
-0.5061551058709162,-0.06327480746754288,0.44201046995312643,0.3588323636960763,1.6271277826872783,-2.0598429101914086
-0.5060301314766438,-0.06337184956007874,0.4421006439809372,0.358889676100841,1.6270840663319757,-2.0597590642854793
-0.5059051527642389,-0.06346891136615197,0.44219081934767934,0.3589470073778948,1.6270403133770204,-2.059675269014715
-0.5057801697506665,-0.06356599295480116,0.44228099610016613,0.35900435754779303,1.626996523755365,-2.059591524427811
-0.5056551824531121,-0.06366309439570178,0.4423711742856571,0.3590617266315762,1.6269526973990567,-2.059507830571231
-0.5055301908881757,-0.06376021575707559,0.44246135395035857,0.3591191146490593,1.6269088342422455,-2.05942418749632
-0.5054051950729619,-0.06385735710853004,0.4425515351414602,0.3591765216211556,1.6268649342170982,-2.059340595249642
-0.5052801950244472,-0.06395451851940095,0.44264171790594786,0.35923394756851845,1.6268209972561856,-2.059257053878624
-0.5051551907591669,-0.06405170005795248,0.4427319022900258,0.35929139251089054,1.62677702329363,-2.0591735634342694
-0.5050301822944352,-0.06414890179454441,0.44282208834139447,0.35934885646969145,1.626733012260552,-2.059090123960393
-0.5049051696464364,-0.06424612379665831,0.44291227610567696,0.35940633946395195,1.6266889640922193,-2.0590067355105335
-0.5047801528324065,-0.06434336613458698,0.44300246563050405,0.35946384151496374,1.6266448787198746,-2.0589233981286066
-0.5046551318688115,-0.06444062887668811,0.4430926569621072,0.35952136264240325,1.6266007560775488,-2.0588401118650417
-0.5045301067724095,-0.06453791209214679,0.4431828501473025,0.35957890286658506,1.6265565960980974,-2.058756876767395
-0.5044050775599054,-0.0646352158500781,0.44327304523284505,0.35963646220773227,1.626512398714486,-2.0586736928833935
-0.5042800442480218,-0.06473254021971885,0.4433632422655671,0.359694040686131,1.6264681638595178,-2.058590560260288
-0.5041550068530567,-0.0648298852692553,0.44345344129153696,0.3597516383211734,1.626423891467518,-2.058507478948842
-0.5040299653918332,-0.06492725106832539,0.44354364235785515,0.35980925513340134,1.6263795814707354,-2.0584244489948174
-0.5039049198808865,-0.06502463768587347,0.4436338455111142,0.35986689114275566,1.6263352338024257,-2.058341470446268
-0.5037798703366434,-0.06512204519064267,0.44372405079775246,0.3599245463689771,1.6262908483961467,-2.058258543351874
-0.5036548167757182,-0.06521947365192281,0.44381425826459076,0.35998222083221465,1.6262464251846829,-2.058175667758397
-0.5035297592142527,-0.06531692313784639,0.4439044679576083,0.3600399145516406,1.6262019641024923,-2.0580928437164645
-0.5034046976690316,-0.06541439371829046,0.44399467992402775,0.36009762754781355,1.6261574650815345,-2.0580100712707106
-0.5032796321562447,-0.06551188546164785,0.444084894209996,0.3601553598400449,1.6261129280559183,-2.057927350470762
-0.5031545626922771,-0.0656093984368901,0.4441751108620666,0.3602131114480839,1.6260683529589277,-2.057844681364208
-0.5030294892935103,-0.06570693271304937,0.44426532992682577,0.36027088239169297,1.6260237397237731,-2.0577620639983736
-0.5029044119762514,-0.06580448835903542,0.44435555145076155,0.36032867269050056,1.6259790882838512,-2.057679498420934
-0.5027793307566206,-0.06590206544333306,0.4444457754800486,0.3603864823637515,1.625934398573182,-2.057596984680956
-0.5026542456510841,-0.06599966403540254,0.44453600206155164,0.3604443114314517,1.6258896705243915,-2.05751452282412
-0.5025291566756929,-0.06609728420369076,0.44462623124139755,0.3605021599127447,1.6258449040715786,-2.057432112899498
-0.5024040638466669,-0.06619492601714759,0.4447164630660658,0.36056002782714985,1.6258000991481247,-2.057349754954385
-0.5022789671802013,-0.06629258954473889,0.44480669758203706,0.3606179151941636,1.6257552556874033,-2.0572674490359644
-0.5021538666923346,-0.06639027485507706,0.4448969348355285,0.3606758220329579,1.625710373623308,-2.057185195192563
-0.5020287623991191,-0.06648798201688888,0.4449871748728307,0.36073374836276584,1.625665452889574,-2.0571029934720495
-0.5019036543168838,-0.06658571109968711,0.44507741774078724,0.360791694203421,1.6256204934188248,-2.0570208439195716
-0.5017785424594443,-0.06668346217262351,0.445167663486266,0.3608496595741687,1.6255754951455001,-2.0569387465841347
-0.5016534268430268,-0.06678123530524889,0.44525791215612553,0.36090764449474944,1.6255304580023093,-2.056856701511619
-0.5015283074835368,-0.06687903056618177,0.4453481637965402,0.3609656489841643,1.6254853819231938,-2.0567747087500576
-0.5014031843968851,-0.0669768480241213,0.44543841845373233,0.36102367306144645,1.625440266841987,-2.056692768347123
-0.5012780575991034,-0.06707468774815194,0.44552867617419034,0.36108171674590706,1.6253951126919812,-2.0566108803491194
-0.5011529271058759,-0.06717254980651508,0.44561893700379107,0.3611397800561371,1.625349919407689,-2.0565290448051594
-0.5010277929331775,-0.06727043426828798,0.44570920098899847,0.36119786301137224,1.6253046869224355,-2.056447261761451
-0.5009026550969189,-0.06736834120244795,0.4457994681761974,0.36125596563073137,1.625259415169699,-2.0563655312644844
-0.5007775136126336,-0.06746627067704632,0.4458897386110987,0.36131408793254705,1.6252141040842998,-2.056283853363837
-0.500652368496258,-0.06756422276126524,0.4459800123402158,0.36137222993603363,1.6251687535994455,-2.05620222810519
-0.5005272197635966,-0.06766219752400547,0.44607028940984983,0.3614303916601442,1.6251233636487576,-2.0561206555351133
-0.5004020674302216,-0.06776019503363562,0.44616056986591124,0.3614885731233632,1.625077934166635,-2.0560391357019316
-0.5002769115117705,-0.06785821535875744,0.44625085375447004,0.3615467743443309,1.625032465087151,-2.055957668653118
-0.500151752024065,-0.06795625856852511,0.44634114112198153,0.3616049953421003,1.6249869563435975,-2.05587625443421
-0.500026588982494,-0.06805432473102654,0.4464314320141285,0.36166323613482426,1.6249414078708084,-2.0557948930943097
-0.4999014224028109,-0.06815241391538124,0.44652172647732313,0.3617214967414592,1.6248958196021484,-2.0557135846789545
-0.49977625230045053,-0.06825052618993681,0.446612024557417,0.36177977718029936,1.6248501914720996,-2.0556323292362495
-0.4996510786910431,-0.06834866162361987,0.44670232630066486,0.3618380774700738,1.6248045234143274,-2.0555511268122726
-0.49952590159003574,-0.0684468202849465,0.4467926317530213,0.3618963976291448,1.6247588153630936,-2.0554699774544396
-0.4994007210128899,-0.068545002242546,0.4468829409605113,0.3619547376759323,1.62471306725251,-2.055388881209721
-0.4992755369750288,-0.06864320756500748,0.446973253969122,0.3620130976287873,1.6246672790167598,-2.055307838125173
-0.4991503494918481,-0.0687414363209219,0.44706357082483406,0.36207147750602947,1.624621450590031,-2.055226848247781
-0.4990251585788057,-0.06883968857911157,0.4471538915737845,0.3621298773261311,1.624575581906191,-2.0551459116236903
-0.4988999642512759,-0.06893796440824541,0.44724421626199073,0.3621882971074043,1.6245296728993412,-2.0550650282995124
-0.4987747665243196,-0.06903626387624379,0.4473345449349271,0.36224673686752357,1.6244837235046647,-2.054984198324338
-0.4986495654134613,-0.06913458705230587,0.44742487763897265,0.36230519662516014,1.6244377336555247,-2.0549034217428668
-0.4985243609339314,-0.06923293400493474,0.4475152144200012,0.3623636763983916,1.62439170328629,-2.054822698602096
-0.49839915310088045,-0.06933130480248806,0.447605555323773,0.36242217620514144,1.6243456323315502,-2.0547420289494647
-0.49827394192961005,-0.06942969951379206,0.44769590039637386,0.3624806960636774,1.6242995207252373,-2.0546614128307668
-0.4981487274351686,-0.06952811820707139,0.4477862496834524,0.36253923599174775,1.6242533684021514,-2.054580850293776
-0.49802350963283715,-0.06962656095123693,0.4478766032311381,0.36259779600762015,1.6242071752961251,-2.054500341383888
-0.49789828853770857,-0.06972502781477197,0.4479669610852466,0.36265637612918333,1.6241609413416103,-2.054419886147885
-0.4977730641646918,-0.06982351886574517,0.44805732329128833,0.3627149763739573,1.6241146664736663,-2.0543394846339047
-0.4976478365289285,-0.06992203417289831,0.44814768989524634,0.36277359675996906,1.6240683506264002,-2.0542591368877483
-0.49752260564569895,-0.07002057380542434,0.44823806094341756,0.36283223730557906,1.6240219937332814,-2.054178842953624
-0.4973973715295603,-0.0701191378306599,0.44832843648076337,0.36289089802761204,1.623975595730451,-2.054098602881985
-0.497272134195736,-0.07021772631778439,0.4484188165535541,0.3629495789443491,1.62392915655142,-2.0540184167169766
-0.4971468936592558,-0.0703163393355287,0.4485092012077312,0.3630082800736731,1.6238826761303533,-2.0539382845042113
-0.4970216499347515,-0.07041497695163697,0.4485995904885218,0.36306700143263676,1.6238361544028415,-2.053858206292592
-0.4968964030373435,-0.07051363923521656,0.4486899844421195,0.3631257430393594,1.6237895913025326,-2.053778182126345
-0.49677115298178265,-0.07061232625447705,0.448780383114068,0.36318450491120285,1.6237429867643691,-2.0536982120526805
-0.49664589978291396,-0.07071103807792893,0.4488707865501167,0.363243287065736,1.6236963407228782,-2.0536182961177403
-0.49652064345535507,-0.07080977477356257,0.4489611947956358,0.36330208952007564,1.623649653113339,-2.0535384343693703
-0.496395384014205,-0.07090853641071047,0.4490516078969464,0.3633609122923869,1.623602923869121,-2.0534586268508113
-0.4962701214739411,-0.07100732305712183,0.4491420258992296,0.3634197553995236,1.623556152925872,-2.0533788736106193
-0.4961448558493595,-0.07110613478146405,0.44923244884831415,0.36347861885904714,1.6235093402179344,-2.0532991746941804
-0.496019587155196,-0.07120497165231315,0.44932287678995575,0.36353750268841006,1.6234624856797952,-2.05321953014714
-0.495894315405943,-0.07130383373767187,0.44941330976949234,0.3635964069045716,1.62341558924677,-2.053139940017026
-0.49576904061621363,-0.07140272110593157,0.449503747832531,0.36365533152476903,1.6233686508536305,-2.053060404349998
-0.4956437628008761,-0.07150163382622082,0.44959419102519727,0.363714276566798,1.6233216704341036,-2.0529809231896654
-0.49551848197420423,-0.07160057196617277,0.44968463939254066,0.36377324204721917,1.623274647924068,-2.0529014965846484
-0.4953931981508868,-0.07169953559458422,0.44977509298043383,0.36383222798349524,1.6232275832577465,-2.0528221245795684
-0.4952679113452465,-0.07179852477935161,0.44986555183409815,0.36389123439233056,1.623180476370663,-2.0527428072220473
-0.4951426215719259,-0.07189753958928784,0.44995601599940116,0.36395026129113384,1.6231333271970394,-2.052663544556545
-0.4950173288454067,-0.07199658009285244,0.4500464855219508,0.36400930869699527,1.6230861356716146,-2.052584336628668
-0.4948920331799389,-0.07209564635795418,0.45013696044695317,0.36406837662652963,1.6230389017299256,-2.0525051834858306
-0.49476673459007614,-0.07219473845337643,0.45022744082023114,0.3641274650970201,1.6229916253062706,-2.052426085172436
-0.49464143308991915,-0.07229385644677919,0.4503179266867976,0.3641865741248161,1.622944306336563,-2.052347041736631
-0.4945161286941584,-0.0723930004074417,0.4504084180928136,0.364245703727531,1.622896944754413,-2.0522680532210367
-0.49439082141692126,-0.0724921704032319,0.4504989150834251,0.3643048539216148,1.6228495404954588,-2.0521891196729887
-0.4942655112722685,-0.07259136650190108,0.4505894177036862,0.3643640247233879,1.6228020934955179,-2.052110241140172
-0.49414019827479905,-0.07269058877270318,0.4506799259997165,0.3644232161503455,1.6227546036882674,-2.052031417665127
-0.4940148824385435,-0.07278983728344966,0.4507704400165977,0.36448242821879046,1.62270707100946,-2.051952649295226
-0.4938895637777083,-0.07288911210249113,0.45086095979978946,0.3645416609454268,1.6226594953940852,-2.0518739360759617
-0.49376424230655935,-0.07298841329840142,0.45095148539490193,0.36460091434710296,1.6226118767768267,-2.0517952780520208
-0.49363891803892646,-0.07308774093866575,0.4510420168467617,0.3646601884397608,1.6225642150939354,-2.051716675271721
-0.4935135909893553,-0.07318709509274286,0.4511325542015956,0.3647194832408928,1.6225165102788497,-2.0516381277766467
-0.4933882611714857,-0.07328647582775483,0.4512230975039546,0.3647787987660856,1.6224687622683591,-2.051559635616237
-0.49326292859974075,-0.07338588321297042,0.4513136467999155,0.3648381350326109,1.6224209709961976,-2.0514811988326187
-0.4931375932877753,-0.07348531731568561,0.4514042021341389,0.364897492056129,1.6223731363989269,-2.051402817474536
-0.49301225524976466,-0.07358477820465567,0.4514947635523181,0.3649568698534358,1.6223252584110341,-2.0513244915857443
-0.4928869144998611,-0.07368426594862953,0.45158533110013743,0.36501626844128676,1.622277336967028,-2.0512462212099747
-0.4927615710515223,-0.07378378061459559,0.45167590482201403,0.36507568783499855,1.622229372003942,-2.0511680063968516
-0.49263622491904524,-0.07388332227183417,0.4517664847639953,0.3651351280516874,1.6221813634555453,-2.0510898471882015
-0.4925108761161958,-0.07398289098828058,0.45185707097116046,0.3651945891073609,1.6221333112575387,-2.0510117436303448
-0.49238552465676566,-0.0740824868320116,0.4519476634886823,0.3652540710181063,1.6220852153454342,-2.050933695769075
-0.4922601705545677,-0.07418210987122954,0.45203826236181643,0.3653135738000791,1.6220370756545723,-2.0508557036497073
-0.492134813823462,-0.07428176017433105,0.45212886763594895,0.36537309746955776,1.6219888921200287,-2.050777767316847
-0.49200945447709366,-0.07438143780920708,0.4522194793560992,0.3654326420423833,1.6219406646776082,-2.0506998868167576
-0.4918840925294612,-0.07448114284476301,0.45231009756800034,0.365492207535175,1.6218923932616816,-2.0506220621922218
-0.49175872799388465,-0.07458087534816352,0.45240072231614015,0.36555179396312826,1.6218440778091134,-2.0505442934918574
-0.49163336088428444,-0.0746806353882432,0.45249135364618676,0.3656114013427396,1.6217957182543965,-2.0504665807585845
-0.4915079912142204,-0.07478042303294184,0.4525819916031657,0.36567102968975995,1.6217473145333083,-2.0503889240382938
-0.49138261899749125,-0.07488023835090749,0.4526726362325979,0.365730679020471,1.621698866580629,-2.050311323374434
-0.4912572442472829,-0.07498008140923057,0.4527632875788892,0.365790349349881,1.621650374333369,-2.050233778815664
-0.4911318669776268,-0.07507995227730672,0.4528539456880798,0.36585004069480226,1.6216018377252643,-2.0501562904028074
-0.4910064872017639,-0.0751798510225165,0.45294461060476676,0.36590975307041046,1.6215532566929316,-2.050078858183436
-0.4908811049332984,-0.075279777713257,0.45303528237426516,0.3659694864926572,1.6215046311715497,-2.0500014822016426
-0.4907557201856907,-0.07537973241762667,0.45312596104166936,0.3660292409772238,1.6214559610967365,-2.0499241625024784
-0.490630332972275,-0.07547971520344704,0.45321664665187034,0.36608901653953935,1.6214072464045115,-2.0498468991318766
-0.490504943306604,-0.0755797261391935,0.4533073392502178,0.36614881319552167,1.6213584870299722,-2.049769692133511
-0.4903795512021354,-0.0756797652931621,0.45339803888192587,0.366208630960913,1.621309682908485,-2.0496925415516114
-0.4902541566720551,-0.07577983273298591,0.45348874559173,0.3662684698508945,1.6212608339763706,-2.049615447432597
-0.4901287597297772,-0.07587992852698061,0.45357945942484545,0.3663283298811605,1.6212119401689857,-2.0495384098205274
-0.4900033603887364,-0.07598005274358448,0.45367018042656726,0.36638821106747,1.621163001421523,-2.0494614287589994
-0.4898779586619,-0.07608020545005624,0.45376090864134366,0.36644811342460964,1.6211140176708694,-2.0493845042955448
-0.4897525545628385,-0.07618038671533729,0.45385164411481504,0.36650803696867507,1.6210649888515196,-2.0493076364719607
-0.48962714810456553,-0.07628059660694944,0.4539423868916028,0.3665679817145993,1.6210159149000058,-2.049230825334786
-0.48950173930039753,-0.07638083519328726,0.45403313701694437,0.3666279476779766,1.6209667957516252,-2.049154070927568
-0.48937632816351595,-0.07648110254246701,0.4541238945358712,0.3666879348741512,1.6209176313420792,-2.049077373294734
-0.4892509147068571,-0.0765813987220045,0.45421465949298145,0.36674794331795385,1.62086842160794,-2.0490007324826967
-0.4891254989437428,-0.07668172380052474,0.45430543193365547,0.3668079730250674,1.620819166484207,-2.048924148534072
-0.4890000808871866,-0.07678207784589088,0.4543962119027254,0.366868024010537,1.6207698659069742,-2.048847621493995
-0.4888746605502323,-0.07688246092612325,0.4544869994451284,0.36692809628950146,1.6207205198121222,-2.048771151407019
-0.48874923794595304,-0.07698287310938307,0.4545777946058944,0.36698818987717763,1.6206711281353445,-2.0486947383171783
-0.488623813087246,-0.07708331446343555,0.4546685974297664,0.36704830478843786,1.6206216908129052,-2.048618382269789
-0.48849838598719764,-0.07718378505662249,0.4547594079618902,0.3671084410385808,1.6205722077802573,-2.0485420833081696
-0.4883729566585764,-0.07728428495649214,0.45485022624684057,0.3671685986422411,1.6205226789739977,-2.048465841478274
-0.48824752511463565,-0.07738481423197403,0.4549410523301689,0.36722877761512135,1.6204731043287615,-2.048389656821336
-0.48812209136785434,-0.07748537294998573,0.45503188625598834,0.3672889779712921,1.620423483782064,-2.048313529385337
-0.48799665543143256,-0.07758596117944838,0.45512272806983156,0.3673491997263855,1.6203738172685727,-2.048237459211443
-0.4878712173178279,-0.0776865789873654,0.4552135778158597,0.3674094428944787,1.6203241047257004,-2.0481614463472417
-0.4877457770402547,-0.07778722644282775,0.4553044355397131,0.36746970749127333,1.6202743460878943,-2.04808549083323
-0.48762033461123,-0.07788790361313416,0.455395301285751,0.36752999353101834,1.6202245412921654,-2.048009592715901
-0.4874948900436298,-0.07798861056661704,0.4554861750990613,0.3675903010287513,1.620174690274062,-2.047933752038211
-0.4873694433498983,-0.07808934737051325,0.45557705702394635,0.3676506299986092,1.6201247929707019,-2.0478579688467584
-0.4872439945431486,-0.07819011409392868,0.4556679471060321,0.36771098045617884,1.6200748493165544,-2.047782243181798
-0.4871185436358001,-0.07829091080417568,0.4557588453896617,0.36777135241559616,1.620024859248647,-2.04770657508957
-0.48699309064040275,-0.07839173756898246,0.45584975191946864,0.36783174589129153,1.6199748227034334,-2.04763096461488
-0.4868676355698014,-0.078492594456944,0.4559406667406969,0.3678921608983541,1.6199247396161354,-2.047555411799548
-0.48674217843642253,-0.0785934815355993,0.45603158989783177,0.36795259745100484,1.6198746099234915,-2.0474799166889075
-0.48661671925284544,-0.07869439887296503,0.4561225214356943,0.36801305556380953,1.619824433561571,-2.0474044793266404
-0.48649125803154547,-0.07879534653684828,0.4562134613989488,0.36807353525113923,1.6197742104667499,-2.0473290997570754
-0.48636579478503617,-0.0788963245952309,0.4563044098323785,0.36813403652747106,1.619723940575165,-2.0472537780239106
-0.4862403295259492,-0.07899733311647865,0.4563953667810332,0.36819455940755486,1.6196736238224188,-2.047178514169498
-0.4861148622665663,-0.07909837216808706,0.45648633228933844,0.36825510390542204,1.6196232601453586,-2.047103308239071
-0.48598939301922073,-0.07919944181775951,0.456577306401861,0.36831567003523397,1.6195728494805512,-2.0470281602771228
-0.4858639217964651,-0.07930054213385454,0.4566682891636282,0.3683762578116428,1.619522391763636,-2.04695307032588
-0.48573844861070903,-0.07940167318442455,0.45675928061944293,0.3684368672490265,1.619471886930699,-2.046878038428556
-0.485612973474006,-0.07950283503662674,0.456850280813466,0.3684974983610238,1.619421334919112,-2.04680306463133
-0.48548749639891486,-0.07960402775904776,0.4569412897908691,0.3685581511623734,1.6193707356642189,-2.046728148975517
-0.4853620173975566,-0.07970525141916414,0.45703230759602853,0.3686188256669033,1.6193200891029575,-2.046653291506128
-0.48523653648224574,-0.07980650608504805,0.4571233342737382,0.36867952188888464,1.6192693951714243,-2.046578492266111
-0.4851110536652401,-0.07990779182467972,0.4572143698687212,0.36874023984248255,1.6192186538058577,-2.0465037512986792
-0.4849855689585665,-0.08000910870549768,0.4573054144253086,0.36880097954140484,1.6191678649432777,-2.0464290686488225
-0.48486008237468425,-0.08011045679616312,0.4573964679886968,0.36886174100029395,1.619117028518971,-2.04635444435736
-0.48473459392543283,-0.08021183616374729,0.45748753060294467,0.36892252423250615,1.6190661444704995,-2.0462798784704197
-0.48460910362301757,-0.08031324687636743,0.4575786023128501,0.3689833292521914,1.6190152127339463,-2.0462053710305623
-0.48448361147955854,-0.08041468900198703,0.45766968316309486,0.3690441560733509,1.6189642332456198,-2.046130922080808
-0.4843581175070728,-0.08051616260835713,0.45776077319820474,0.36910500470978364,1.6189132059421456,-2.046056531664855
-0.48423262171773906,-0.08061766776373752,0.45785187246306225,0.3691658751756624,1.6188621307594304,-2.045982199824633
-0.48410712412322,-0.0807192045350604,0.45794298100159914,0.36922676748408106,1.6188110076352809,-2.0459079266064917
-0.48398162473575024,-0.08082077299087646,0.4580340988588938,0.3692876816493794,1.6187598365052107,-2.045833712051291
-0.4838561235671177,-0.0809223731985978,0.45812522607920814,0.36934861768496907,1.6187086173063647,-2.045759556203668
-0.48373062062952776,-0.0810240052268282,0.4582163627076463,0.3694095756051705,1.6186573499741994,-2.0456854591042055
-0.4836051159345107,-0.08112566914242834,0.45830750878806903,0.369470555422901,1.6186060344466608,-2.045611420799299
-0.4834796094941076,-0.08122736501369658,0.4583986643653519,0.36953155715217884,1.618554670659661,-2.0455374413304632
-0.48335410132010814,-0.08132909290832989,0.4584898294839388,0.3695925808065186,1.6185032585499761,-2.045463520741187
-0.4832285914242771,-0.08143085289402166,0.45858100418826453,0.3696536263994024,1.6184517980543969,-2.0453896590749183
-0.483103079818493,-0.08153264503885034,0.4586721885230338,0.3697146939445854,1.6184002891091753,-2.0453158563737666
-0.4829775665145366,-0.08163446941068421,0.4587633825327946,0.36977578345562573,1.6183487316508736,-2.045242112680498
-0.48285205152391875,-0.08173632607675044,0.4588545862616371,0.3698368949455481,1.6182971256169718,-2.0451684280399878
-0.4827265348584113,-0.08183821510503701,0.4589457997541835,0.36989802842794534,1.6182454709438812,-2.0450948024945035
-0.48260101652995324,-0.081940136564055,0.45903702305542393,0.36995918391679117,1.6181937675672773,-2.0450212360845055
-0.48247549654975685,-0.0820420905204298,0.4591282562090051,0.3700203614245468,1.6181420154255246,-2.044947728856748
-0.48234997492968645,-0.08214407704261263,0.4592194992598626,0.3700815609650795,1.6180902144544032,-2.0448742808517943
-0.48222445168134875,-0.08224609619841917,0.4593107522524773,0.3701427825517255,1.6180383645906056,-2.0448008921123018
-0.48209892681614086,-0.0823481480551861,0.459402015230985,0.370204026197416,1.617986465771513,-2.044727562682486
-0.4819734003456819,-0.08245023268090246,0.4594932882399789,0.3702652919155636,1.6179345179335913,-2.044654292604324
-0.4818478722815609,-0.0825523501435538,0.4595845713240445,0.3703265797195494,1.6178825210133185,-2.044581081919753
-0.48172234263513136,-0.08265450051055977,0.4596758645273613,0.37038788962227964,1.617830474947987,-2.044507930672569
-0.4815968114178073,-0.08275668384956668,0.4597671678942643,0.3704492216368087,1.6177783796745764,-2.0444348389057554
-0.4814712786410995,-0.08285890022855814,0.4598584814693223,0.37051057577642643,1.617726235129596,-2.0443618066611124
-0.48134574431640154,-0.08296114971526426,0.45994980529692087,0.37057195205419285,1.6176740412499255,-2.04428883398125
-0.48122020845503677,-0.08306343237729996,0.46004113942135705,0.3706333504830498,1.6176217979726146,-2.0442159209091084
-0.4810946710683339,-0.08316574828236184,0.46013248388698225,0.37069477107597143,1.6175695052346102,-2.044143067487314
-0.4809691321676084,-0.08326809749817622,0.46022383873816386,0.3707562138459267,1.617517162972823,-2.044070273758342
-0.4808435917643017,-0.08337048009288654,0.4603152040195593,0.37081767880618266,1.6174647711235821,-2.0439975397632146
-0.48071804986939703,-0.08347289613345833,0.46040657977498745,0.370879165969051,1.6174123296248983,-2.043924865546871
-0.48059250649425955,-0.08357534568797062,0.4604979660490507,0.3709406753476896,1.617359838413209,-2.0438522511504544
-0.48046696165000924,-0.0836778288238952,0.4605893628859168,0.3710022069547491,1.6173072974258245,-2.043779696617104
-0.4803414153481347,-0.08378034560977872,0.46068077033051047,0.37106376080369313,1.6172547065985392,-2.0437072019863014
-0.4802158712874798,-0.08388289380572815,0.46077218626866556,0.3711253354740594,1.6172020668267602,-2.043634770265484
-0.4800903255980984,-0.08398547523819319,0.4608636125166137,0.3711869321292851,1.6171493775999526,-2.043562397586174
-0.4799647784859644,-0.08408809051910653,0.4609550495024275,0.3712485510615252,1.6170966383495575,-2.043490084937866
-0.4798392299626304,-0.08419073971745729,0.4610464972713282,0.37131019228447487,1.6170438490107744,-2.0434178323583354
-0.4797136800385502,-0.08429342289932777,0.46113795586647055,0.37137185580952453,1.6169910095229356,-2.043345639895068
-0.47958812872511025,-0.08439614013340033,0.46122942533284905,0.37143354165007186,1.6169381198216946,-2.0432735075867723
-0.4794625760330993,-0.08449889148680831,0.4613209057143557,0.37149524981827287,1.6168851798449084,-2.0432014354773065
-0.4793370219737607,-0.08460167702798199,0.4614123970557962,0.3715569803272682,1.616832189528607,-2.043129423606131
-0.47921146655764524,-0.08470449682353785,0.46150389940068703,0.3716187331887506,1.6167791488113996,-2.0430574720187455
-0.479085909795816,-0.08480735094156845,0.46159541279358596,0.37168050841553985,1.616726057629811,-2.0429855807556447
-0.47896035169926066,-0.08491023945001275,0.4616869372789383,0.3717423060203039,1.6166729159205946,-2.0429137498577976
-0.47883479227864445,-0.08501316241601736,0.46177847290062246,0.3718041260150648,1.6166197236216338,-2.042841979368777
-0.4787092315449559,-0.08511611990766611,0.46187001970317687,0.3718659684125472,1.6165664806694917,-2.0427702693289636
-0.4785836695087191,-0.08521911199185986,0.4619615777302979,0.37192783322452183,1.6165131870024203,-2.0426986197826658
-0.47845810618099005,-0.08532213873700374,0.4620531470267428,0.37198972046390594,1.616459842556546,-2.0426270307690917
-0.4783325415723869,-0.08542520021039084,0.4621447276364774,0.3720516301427203,1.6164064472695798,-2.0425555023311333
-0.4782069756935634,-0.08552829647948051,0.4622363196035806,0.37211356227308573,1.6163530010790066,-2.0424840345110784
-0.47808140855518566,-0.08563142761182897,0.46232792297219527,0.3721755168671706,1.6162995039221828,-2.0424126273508376
-0.4779558401681099,-0.08573459367558485,0.4624195377868805,0.3722374939375767,1.6162459557356328,-2.042341280890291
-0.47783027054269134,-0.08583779473760095,0.4625111640912729,0.3722994934958652,1.6161923564577283,-2.0422699951736174
-0.47770469968962637,-0.08594103086572306,0.4626028019297088,0.3723615155543443,1.6161387060254397,-2.0421987702416136
-0.4775791276197019,-0.08604430212812025,0.46269445134674836,0.37242356012554495,1.6160850043752915,-2.042127606133947
-0.47745355434317993,-0.08614760859160411,0.46278611238598755,0.3724856272209124,1.6160312514457347,-2.042056502894786
-0.4773279798706671,-0.08625095032398297,0.46287778509172295,0.372547716852638,1.615977447173824,-2.0419854605649146
-0.4772024042126013,-0.08635432739268584,0.46296946950797935,0.37260982903259116,1.6159235914971541,-2.0419144791863357
-0.47707682737962376,-0.08645773986575996,0.46306116567921496,0.3726719637730939,1.615869684352455,-2.041843558798932
-0.47695124938202227,-0.0865611878103591,0.46315287364925095,0.37273412108574305,1.6158157256777304,-2.041772699445536
-0.47682567023020184,-0.08666467129402927,0.4632445934621834,0.372796300982414,1.615761715410436,-2.0417019011676127
-0.47670008993454616,-0.08676819038432425,0.4633363251621092,0.37285850347495775,1.6157076534880277,-2.0416311640065605
-0.4765745085055606,-0.08687174514919806,0.4634280687934045,0.37292072857551034,1.6156535398474003,-2.0415604880023803
-0.4764489259534521,-0.08697533565586613,0.46351982439991946,0.37298297629560406,1.615599374426504,-2.0414898731975053
-0.47632334228838236,-0.08707896197148998,0.4636115920254611,0.3730452466467008,1.6155451571633743,-2.041419319634499
-0.4761977575209171,-0.0871826241643935,0.46370337171465703,0.37310753964113963,1.6154908879944074,-2.0413488273519818
-0.47607217166102345,-0.08728632230134743,0.46379516351103023,0.37316985529002183,1.6154365668582087,-2.041278396393731
-0.47594658471914286,-0.08739005645047654,0.4638869674590591,0.37323219360547355,1.6153821936914754,-2.04120802679894
-0.4758209967052993,-0.08749382667885106,0.4639787836024718,0.3732945545987753,1.6153277684324032,-2.041137718610284
-0.4756954076297717,-0.08759763305428903,0.46407061198552224,0.37335693828175764,1.6152732910181415,-2.04106747186789
-0.47556981750260885,-0.08770147564406201,0.4641624526520731,0.3734193446658009,1.6152187613866176,-2.0409972866136603
-0.47544422633406747,-0.08780535451607321,0.46425430564643166,0.3734817737627472,1.6151641794748757,-2.0409271628873387
-0.4753186341340543,-0.08790926973734077,0.4643461710122738,0.3735442255837235,1.615109545221218,-2.0408571007315808
-0.47519304091273007,-0.08801322137564632,0.46443804879381356,0.37360670014042047,1.6150548585628792,-2.0407871001864435
-0.4750674466801561,-0.08811720949857328,0.4645299390351205,0.3736691974443496,1.6150001194373778,-2.040717161292592
-0.4749418514460846,-0.08822123417292504,0.46462184177970856,0.3737317175063862,1.6149453277833472,-2.0406472840932612
-0.4748162552207926,-0.08832529546700713,0.46471375707215135,0.3737942603385459,1.614890483537303,-2.040577468626604
-0.47469065801416477,-0.0884293934481276,0.46480568495631247,0.3738568259520417,1.6148355866371789,-2.0405077149340634
-0.4745650598359479,-0.08853352818328615,0.46489762547583546,0.37391941435781934,1.614780637021354,-2.0404380230580714
-0.47443946069617304,-0.08863769974032797,0.46498957867495716,0.3739820255674537,1.6147256346270191,-2.040368393038176
-0.4743138606048305,-0.08874190818705745,0.46508154459788287,0.37404465959245975,1.6146705793914315,-2.040298824914017
-0.47418825957149213,-0.08884615359019923,0.4651735232880505,0.37410731644348644,1.6146154712533827,-2.0402293187287994
-0.474062657606094,-0.08895043601755126,0.46526551478965406,0.37416999613198965,1.6145603101501556,-2.040159874522086
-0.47393705471836967,-0.08905475553642635,0.4653575191465409,0.37423269866902026,1.6145050960197258,-2.0400904923350143
-0.47381145091830756,-0.08915911221489449,0.46544953640308995,0.3742954240661893,1.6144498287990063,-2.0400211722061394
-0.4736858462152549,-0.08926350611935542,0.46554156660249757,0.3743581723337846,1.6143945084272804,-2.03995191417956
-0.4735602406192747,-0.08936793731822734,0.46563360978938206,0.374420943483633,1.614339134840985,-2.0398827182925667
-0.47343463413985454,-0.08947240587842217,0.46572566600729504,0.374483737526364,1.614283707978695,-2.0398135845874474
-0.4733090267866036,-0.08957691186726319,0.46581773530007475,0.37454655447290147,1.6142282277784104,-2.039744513105059
-0.47318341856927315,-0.08968145535252316,0.465909817711875,0.3746093943344874,1.614172694177506,-2.039675503884713
-0.4730578094973783,-0.08978603640140555,0.4660019132864437,0.37467225712189817,1.614117107114166,-2.039606556967569
-0.47293219958054955,-0.0898906550814921,0.46609402206779205,0.37473514284617343,1.614061466526051,-2.0395376723934784
-0.4728065888282602,-0.0899953114600057,0.4661861440996762,0.37479805151805007,1.6140057723513337,-2.03946885020344
-0.472680977250052,-0.0901000056044302,0.4662782794260327,0.3748609831484389,1.6139500245278273,-2.039400090437532
-0.47255536485537597,-0.09020473758207181,0.4663704280906702,0.3749239377480862,1.613894222993603,-2.0393313931363792
-0.4724297516537046,-0.09030950746035217,0.46646259013747504,0.3749869153277997,1.6138383676865786,-2.0392627583401723
-0.4723041376546391,-0.09041431530713415,0.46655476561064324,0.37504991589870407,1.6137824585440526,-2.0391941860875704
-0.472178522867301,-0.09051916118902041,0.46664695455347704,0.37511293947091934,1.6137264955051147,-2.0391256764214067
-0.4720529073012312,-0.09062404517383775,0.4667391570101409,0.37517598605548624,1.6136704785071314,-2.039057229380368
-0.4719272909658123,-0.09072896732905356,0.4668313730245419,0.375239055663142,1.6136144074879857,-2.0389888450042926
-0.4718016738703348,-0.0908339277219415,0.46692360264044863,0.37530214830444514,1.6135582823858405,-2.03892052333362
-0.47167605602401785,-0.09093892641966239,0.46701584590154566,0.3753652639898427,1.613502103139025,-2.038852264409113
-0.4715504374360755,-0.0910439634894233,0.46710810285154913,0.37542840272978845,1.6134458696858134,-2.0387840682713376
-0.47142481811602543,-0.0911490389993347,0.46720037353480937,0.37549156453540816,1.6133895819632096,-2.038715934957786
-0.4712991980728871,-0.09125415301621571,0.4672926579947616,0.3755547494168048,1.6133332399100477,-2.038647864510215
-0.47117357731594556,-0.091359305607677,0.46738495627539867,0.3756179573846637,1.6132768434640534,-2.0385798569676923
-0.47104795585416603,-0.09146449684052532,0.4674772684201418,0.37568118844902404,1.6132203925640947,-2.03851191237192
-0.4709223336968602,-0.09156972678258467,0.46756959447312907,0.3757444426206839,1.61316388714761,-2.038444030761151
-0.47079671085309105,-0.09167499550106947,0.46766193447806437,0.3758077199099438,1.6131073271529064,-2.038376212175627
-0.4706710873320521,-0.09178030306362044,0.4677542884789505,0.3758710203274077,1.6130507125176958,-2.038308456654113
-0.4705454631424857,-0.09188564953671255,0.4678466565189654,0.37593434388275265,1.6129940431813428,-2.0382407642392226
-0.47041983829384115,-0.09199103498882619,0.46793903864269804,0.3759976905871775,1.6129373190803904,-2.038173134966815
-0.4702942127947978,-0.09209645948639769,0.46803143489329546,0.3760610604502771,1.61288054015427,-2.0381055688795335
-0.4701685866544629,-0.09220192309711157,0.4681238453147796,0.3761244534825822,1.6128237063406652,-2.0380380660158006
-0.4700429598816287,-0.09230742588785393,0.46821626995060894,0.37618786969398316,1.612766817578387,-2.0379706264166546
-0.46991733248547884,-0.09241296792665928,0.4683087088450484,0.37625130909522875,1.6127098738046366,-2.0379032501192462
-0.4697917044746527,-0.09251854928013445,0.4684011620413546,0.37631477169594085,1.6126528749586357,-2.03783593716545
-0.46966607585817144,-0.09262417001600218,0.468493629583568,0.3763782575065753,1.612595820978039,-2.0377686875933585
-0.4695404466449382,-0.09272983020173776,0.4685861115155532,0.3764417665373719,1.612538711800857,-2.0377015014418425
-0.46941481684339426,-0.09283552990360384,0.46867860788031446,0.37650529879760825,1.6124815473668206,-2.0376343787537743
-0.46928918646279527,-0.09294126919018769,0.46877111872249744,0.37656885429832926,1.6124243276123835,-2.037567319564209
-0.46916355551164735,-0.09304704812807359,0.46886364408533043,0.3766324330490091,1.612367052476835,-2.0375003239148417
-0.4690379239986484,-0.09315286678444737,0.4689561840124632,0.3766960350595599,1.6123097218986242,-2.0374333918453114
-0.4689122919325479,-0.09325872522670534,0.46904873854769313,0.37675966034003033,1.6122523358159078,-2.0373665233944998
-0.4687866593220775,-0.09336462352226363,0.4691413077348292,0.3768233089004576,1.612194894166822,-2.0372997186011736
-0.4686610261759414,-0.09347056173853938,0.4692338916176779,0.3768869807508555,1.6121373968895085,-2.037232977504043
-0.4685353925025346,-0.09357653994215613,0.469326490239486,0.3769506759005987,1.6120798439232369,-2.0371663001444253
-0.46840975831059506,-0.09368255820076138,0.4694191036442179,0.37701439435982687,1.6120222352058369,-2.037099686560159
-0.4682841236086581,-0.09378861658151208,0.46951173187549156,0.3770781361382752,1.6119645706758376,-2.0370331367906727
-0.46815848840541285,-0.09389471515205312,0.4696043749772667,0.37714190124602753,1.6119068502710896,-2.0369666508737203
-0.46803285270916284,-0.0940008539790434,0.4696970329928054,0.3772056896923856,1.6118490739308369,-2.0369002288502904
-0.4679072165285074,-0.09410703313002874,0.46978970596599323,0.37726950148730753,1.6117912415930808,-2.036833870758359
-0.46778157987182034,-0.09421325267199025,0.4698823939403165,0.37733333664029,1.6117333531966267,-2.036767576637743
-0.46765594274765654,-0.09431951267249548,0.46997509695967166,0.3773971951612567,1.6116754086794591,-2.0367013465262462
-0.46753030516419347,-0.09442581319812697,0.4700678150672599,0.3774610770593484,1.6116174079809567,-2.036635180464907
-0.46740466713017437,-0.09453215431710399,0.47016054830743403,0.3775249823449378,1.6115593510382,-2.036569078489255
-0.46727902865362214,-0.09463853609572716,0.47025329672319227,0.3775889110268985,1.6115012377909792,-2.0365030406411684
-0.467153389743018,-0.09474495860163222,0.4703460603584728,0.3776528631151044,1.611443068177208,-2.0364370669580185
-0.4670277504066167,-0.0948514219018979,0.4704388392568186,0.3777168386189758,1.6113848421355947,-2.0363711574789867
-0.4669021106527671,-0.09495792606393674,0.4705316334620071,0.3777808375481651,1.6113265596043809,-2.0363053122420856
-0.4667764704895525,-0.09506447115449089,0.4706244430173405,0.37784485991178346,1.611268220522762,-2.0362395312875163
-0.46665082992517615,-0.09517105724071134,0.4707172679664078,0.37790890571923247,1.6112098248293607,-2.03617381465406
-0.4665251889681947,-0.0952776843907882,0.47081010835352943,0.3779729749806843,1.611151372461345,-2.036108162376986
-0.46639954762630964,-0.0953843526706261,0.4709029642214122,0.378037067704534,1.611092863359107,-2.0360425744991275
-0.4662739059078671,-0.09549106214797068,0.47099583561406044,0.3781011839005619,1.6110342974604535,-2.035977051057134
-0.4661482638208998,-0.09559781288978594,0.47108872257492407,0.37816532357792676,1.6109756747042976,-2.0359115920902027
-0.4660226213737664,-0.09570460496398987,0.47118162514812467,0.37822948674649115,1.6109169950282145,-2.0358461976343007
-0.4658969785741043,-0.09581143843658896,0.4712745433764358,0.37829367341462833,1.6108582583724802,-2.035780867731719
-0.46577134093306327,-0.09591831007058703,0.4713674742501488,0.3783578815025075,1.61079946608881,-2.0357156067953275
-0.46564570258742144,-0.09602522217440815,0.4714604201233945,0.37842211257382585,1.610740617693346,-2.035650408772146
-0.46552006391320067,-0.09613217587444255,0.4715533817810247,0.3784863671702194,1.6106817121392571,-2.0355852754128767
-0.46539442491883953,-0.09623917123918112,0.4716463592675577,0.3785506453018725,1.6106227493633383,-2.0355202067512814
-0.46526878561179785,-0.09634620833448326,0.4717393526256557,0.37861494697692716,1.6105637293061004,-2.0354552028298465
-0.4651431460004627,-0.09645328722882977,0.47183236189982813,0.378679272205509,1.6105046519043638,-2.0353902636822654
-0.4650175060921482,-0.09656040798781879,0.47192538713254994,0.3787436209955128,1.6104455170990182,-2.0353253893517844
-0.46489186589526454,-0.09666757068014292,0.4720184283684763,0.37880799335717596,1.6103863248266022,-2.035260579871291
-0.4647662254171063,-0.09677477537147365,0.4721114856501327,0.3788723892984001,1.6103270750279108,-2.0351958352836803
-0.46464058466571956,-0.09688202212964303,0.4722045590215651,0.3789368088287156,1.6102677676407062,-2.0351311556246
-0.4645149436489078,-0.0969893110218696,0.4722976485263861,0.3790012519571591,1.6102084026036185,-2.0350665409316844
-0.46438930237420983,-0.09709664211471994,0.4723907542077477,0.3790657186922441,1.6101489798562032,-2.035001991244692
-0.46426366084958115,-0.09720401547597878,0.47248387610965903,0.3791302090433921,1.6100894993363033,-2.0349375065992623
-0.46413801908235897,-0.09731143117178459,0.47257701427496834,0.37919472301873935,1.6100299609840907,-2.0348730870364764
-0.46401237708047294,-0.09741888926999745,0.4726701687477357,0.37925926062771614,1.6099703647373158,-2.0348087325916198
-0.463886734851533,-0.09752638983765252,0.4727633395714388,0.3793238218790977,1.609910710534896,-2.034744443302672
-0.46376109240276353,-0.09763393294078501,0.4728565267888498,0.3793884067808693,1.6098509983171636,-2.034680219210894
-0.46363544974225235,-0.0977415186479019,0.4729497304444814,0.37945301534288284,1.6097912280209783,-2.034616060349258
-0.46350980687728693,-0.09784914702535974,0.47304295058133006,0.3795176475733225,1.6097313995862284,-2.034551966757843
-0.4633841638152383,-0.09795681813980844,0.47313618724259787,0.37958230348057254,1.6096715129523984,-2.034487938475699
-0.4632585205638957,-0.09806453205913736,0.4732294404723598,0.3796469830739388,1.6096115680572334,-2.034423975537696
-0.463132877130378,-0.09817228884943877,0.473322710313423,0.3797116863613324,1.6095515648410132,-2.034360077984631
-0.4630072335224966,-0.09828008857880238,0.47341599681000135,0.3797764133521654,1.609491503241211,-2.0342962458505975
-0.4628815897473153,-0.09838793131331211,0.4735093000048949,0.37984116405429424,1.6094313831981288,-2.034232479176312
-0.46275594581239776,-0.09849581712050169,0.4736026199419241,0.3799059384766572,1.6093712046500364,-2.034168777997614
-0.4626303017249782,-0.09860374606707284,0.4736959566643226,0.3799707366275368,1.6093109675363753,-2.0341051423530523
-0.462504657492544,-0.09871171822049046,0.4737893102158608,0.38003555851577114,1.6092506717955224,-2.0340415722785843
-0.4623790131222467,-0.09881973364736332,0.4738826806397052,0.3801004041495229,1.6091903173670636,-2.0339780678129626
-0.4622533686212744,-0.09892779241446308,0.47397606797913605,0.38016527353705515,1.6091299041903602,-2.0339146289943413
-0.4621277239972157,-0.09903589458975676,0.47406947227827567,0.3802301666875191,1.6090694322030976,-2.0338512558568436
-0.4620020792568571,-0.09914404023903917,0.47416289357971486,0.380295083608386,1.6090089013460227,-2.033787948441763
-0.46187643440767623,-0.09925222943010674,0.4742563319274542,0.3803600243086296,1.6089483115570715,-2.0337247067836803
-0.4617507894568176,-0.09936046222989618,0.47434978736488786,0.3804249887965448,1.6088876627753954,-2.0336615309199813
-0.46162514441106417,-0.09946873870440519,0.47444325993474856,0.380489977079687,1.6088269549414709,-2.033598420891122
-0.46149949927812717,-0.09957705892228669,0.4745367496816375,0.38055498916761266,1.608766187992046,-2.0335353767286652
-0.461373854064437,-0.09968542294870432,0.474630256647699,0.3806200250671957,1.6087053618687794,-2.033472398475729
-0.4612482087775547,-0.09979383085202874,0.47472378087733436,0.380685084787729,1.6086444765088288,-2.03340948616471
-0.4611225634242393,-0.09990228269847568,0.4748173224134282,0.38075016833684244,1.6085835318523827,-2.0333466398351123
-0.4609969180115119,-0.10001077855506058,0.4749108812994267,0.38081527572275087,1.6085225278385133,-2.0332838595237273
-0.46087127254639526,-0.10011931848886893,0.4750044575788255,0.3808804069536999,1.608461464406197,-2.033221145267055
-0.46074562703581456,-0.1002279025667904,0.47509805129498206,0.3809455620377616,1.6084003414946937,-2.0331584971021956
-0.4606199814867562,-0.10033653085595323,0.47519166249142053,0.3810107409831692,1.6083391590429288,-2.0330959150653913
-0.4604943359059064,-0.10044520342271529,0.4752852912111236,0.38107594379754306,1.6082779169909198,-2.0330333991954004
-0.4603686903003945,-0.10055392033474143,0.4753789374979931,0.3811411704894773,1.6082166152768493,-2.0329709495265713
-0.46024304467673005,-0.10066268165804446,0.4754726013947681,0.3812064210662867,1.6081552538412265,-2.03290856609869
-0.46011739904210636,-0.10077148746060842,0.4755662829455738,0.38127169553676055,1.6080938326217984,-2.0328462489449373
-0.4599917534028801,-0.10088033780815903,0.4756599821929475,0.38133699390795045,1.6080323515594848,-2.032783998105935
-0.45986610776618164,-0.10098923276864087,0.47575369918098587,0.3814023161885696,1.6079708105920987,-2.0327218136148835
-0.45974046213842,-0.10109817240806732,0.47584743395242834,0.38146766238584273,1.607909209660165,-2.0326596955113354
-0.4596148165265701,-0.10120715679409485,0.4759411865511689,0.38153303250821874,1.6078475487019115,-2.0325976438293343
-0.4594891709371751,-0.10131618599324789,0.4760349570203055,0.3815984265632649,1.6077858276571557,-2.0325356586066214
-0.4593635253767916,-0.10142526007215527,0.4761287454030094,0.38166384455860486,1.6077240464655744,-2.032473739880537
-0.45923787985207376,-0.10153437909779121,0.47622255174269545,0.3817292865021018,1.6076622050663651,-2.032411887687217
-0.4591122343698171,-0.10164354313759423,0.4763163760831033,0.38179475240194927,1.6076003033980775,-2.0323501020611934
-0.45898658893624855,-0.10175275225748649,0.4764102184669081,0.38186024226516696,1.6075383414013942,-2.0322883830419833
-0.4588609435582063,-0.1018620065251682,0.47650407893803437,0.3819257561001016,1.607476319014507,-2.0322267306631367
-0.45873529824195103,-0.10197130600679025,0.4765979575393169,0.38199129391390246,1.6074142361777852,-2.0321651449632894
-0.45860965299416634,-0.10208065076976726,0.47669185431448047,0.3820568557146542,1.6073520928298322,-2.0321036259768284
-0.45848400782107035,-0.10219004088026735,0.47678576930637195,0.382122441509474,1.6072898889110012,-2.0320421737422163
-0.45835836272938835,-0.10229947640596157,0.4768797025588962,0.3821880513065973,1.6072276243595442,-2.031980788292869
-0.45823271772527185,-0.10240895741297744,0.4769736541148728,0.3822536851130657,1.607165299115881,-2.0319194696672707
-0.45810707281510776,-0.10251848396817842,0.47706762401763814,0.3823193429364582,1.6071029131194035,-2.031858217901398
-0.45798142800538333,-0.10262805613877438,0.4771616123107736,0.3823850247845928,1.6070404663090232,-2.0317970330300255
-0.45785578330233534,-0.10273767399134255,0.4772556190374153,0.38245073066478696,1.6069779586245412,-2.031735915089964
-0.45773013871219703,-0.10284733759252741,0.477349644240747,0.3825164605843857,1.606915390005671,-2.031674864117748
-0.45760449424124694,-0.1029570470091682,0.47744368796408954,0.3825822145508618,1.606852760391855,-2.0316138801491976
-0.45747884989587284,-0.10306680230847318,0.4775377502510243,0.3826479925719435,1.6067900697220225,-2.031552963218858
-0.4573532056820788,-0.10317660355665827,0.47763183114443386,0.3827137946545869,1.6067273179364994,-2.031492113364502
-0.4572275616061301,-0.10328645082072875,0.4777259306877579,0.38277962080632294,1.6066645049745083,-2.0314313306212273
-0.4571019176741409,-0.10339634416735248,0.4778200489241984,0.38284547103440686,1.6066016307757482,-2.031370615025189
-0.45697627389224316,-0.10350628366330439,0.47791418589703216,0.38291134534615107,1.6065386952797744,-2.03130996661213
-0.45685063026669326,-0.10361626937578253,0.4780083416498355,0.3829772437491688,1.6064756984255495,-2.031249385416325
-0.4567249868032608,-0.1037263013706941,0.47810251622527766,0.3830431662500732,1.6064126401538508,-2.031188871476276
-0.45659934350816833,-0.10383637971528246,0.4781967096669666,0.38310911285646715,1.606349520403589,-2.0311284248259898
-0.4564737003875017,-0.10394650447648172,0.4782909220182936,0.38317508357569874,1.606286339114108,-2.0310680455004366
-0.45634805744704643,-0.10405667572044788,0.4783851533221051,0.38324107841450467,1.6062230962258488,-2.031007733537113
-0.4562224146929399,-0.10416689351440375,0.4784794036219955,0.3833070973804077,1.6061597916777612,-2.030947488969912
-0.45609677213099076,-0.1042771579247095,0.4785736729609562,0.383373140480257,1.6060964254100052,-2.0308873118355266
-0.45597112976709386,-0.10438746901805242,0.4786679613822069,0.3834392077211278,1.606032997362289,-2.030827202169508
-0.45584548760741406,-0.10449782686193025,0.4787622689295392,0.3835052991106863,1.6059695074731861,-2.030767160004653
-0.4557198456572724,-0.10460823152155668,0.4788565956451396,0.3835714146548502,1.605905955684477,-2.0307071853812793
-0.4555942039230896,-0.10471868306529801,0.47895094157340967,0.3836375543619009,1.605842341933525,-2.030647278329178
-0.4554685624101227,-0.10482918155831913,0.4790453067565048,0.383703718237677,1.6057786661621847,-2.0305874388887046
-0.45534292112455077,-0.10493972706845413,0.47913969123845424,0.3837699062900137,1.605714928308575,-2.0305276670912993
-0.4552172800717784,-0.10505031966142772,0.47923409506180725,0.38383611852513205,1.6056511283137713,-2.030467962975331
-0.4550916392578035,-0.10516095940470037,0.47932851827033307,0.38390235495054237,1.6055872661164226,-2.030408326573356
-0.4549659986881025,-0.10527164636433811,0.4794229609068221,0.3839686155726812,1.6055233416571333,-2.030348757922489
-0.45484035836849834,-0.10538238060745389,0.4795174230148014,0.3840349003987545,1.6054593548750462,-2.030289257056313
-0.4547147183045208,-0.10549316220040711,0.4796119046372691,0.3841012094353787,1.6053953057103614,-2.0302298240108465
-0.4545890785017601,-0.10560399120979322,0.4797064058173912,0.38416754268932674,1.6053311941029527,-2.030170458821264
-0.4544634431736112,-0.10571486525450208,0.47980092435955735,0.3842338986008159,1.605267021067135,-2.0301111648443904
-0.4543378077898623,-0.10582578587236863,0.4798954618665674,0.38430027826036994,1.6052027863773821,-2.030051937299379
-0.4542121726857502,-0.1059367541017494,0.47999001905803174,0.3843666821548749,1.6051384890695304,-2.0299927777124647
-0.45408653786705955,-0.10604777001006153,0.48008459597769804,0.3844331102916446,1.6050741290823132,-2.029933686115817
-0.4539609033389347,-0.10615883366299404,0.48017919266810094,0.38449956267666996,1.6050097063568858,-2.029874662547261
-0.45383526910699157,-0.10626994512764146,0.4802738091727634,0.3845660393169828,1.6049452208324366,-2.0298157070399028
-0.4537096351766259,-0.10638110447053555,0.48036844553481495,0.3846325402191674,1.6048806724489473,-2.029756819628652
-0.4535840015530912,-0.10649231175789271,0.4804631017971641,0.38469906538955145,1.6048160611468432,-2.029698000349397
-0.4534583682418365,-0.1066035670565355,0.48055777800314625,0.3847656148348984,1.6047513868657037,-2.0296392492359545
-0.4533327352481784,-0.10671487043299656,0.4806524741958953,0.38483218856173285,1.6046866495455183,-2.0295805663230406
-0.4532071025775757,-0.10682622195427229,0.4807471904188705,0.3848987865769088,1.6046218491256292,-2.029521951643766
-0.4530814702348964,-0.10693762168577164,0.4808419267144197,0.38496540888606473,1.604556985547601,-2.029463405236435
-0.4529558382258667,-0.10704906969538594,0.4809366831266333,0.38503205549668734,1.6044920587495304,-2.0294049271310683
-0.4528302065552712,-0.10716056604842607,0.4810314596977925,0.3850987264143006,1.6044270686731263,-2.029346517366168
-0.45270457522859253,-0.10727211081224025,0.4811262564716099,0.3851654216459416,1.6043620152572498,-2.0292881759734245
-0.45257894425097867,-0.10738370405331087,0.48122107349119103,0.3852321411979766,1.604296898441976,-2.0292299029873266
-0.4524533136272284,-0.10749534583719751,0.4813159107989964,0.3852988850760575,1.6042317181686723,-2.029171698445355
-0.4523276833629364,-0.10760703623177434,0.4814107684391109,0.38536565328755545,1.6041664743754742,-2.0291135623772654
-0.45220205346286235,-0.10771877530264129,0.48150564645402616,0.3854324458381144,1.604101167003696,-2.0290554948202684
-0.45207642393214087,-0.10783056311651758,0.48160054488702064,0.3854992627341972,1.604035795993093,-2.0289974958078134
-0.4519507947756658,-0.1079423997395131,0.48169546378094585,0.3855661039817899,1.6039703612842735,-2.028939565375294
-0.45182516599871825,-0.108054285238911,0.4817904031794793,0.38563296958774096,1.6039048628162076,-2.0288817035541573
-0.4516995376060464,-0.10816621968055021,0.48188536312528596,0.3856998595577929,1.603839300529887,-2.028823910380562
-0.4515739096026703,-0.10827820313111473,0.481980343661625,0.3857667738983046,1.603773674365124,-2.0287661858878034
-0.45144828199337894,-0.1083902356567044,0.48207534483134884,0.38583371261517546,1.6037079842625508,-2.028708530111046
-0.45132265478313727,-0.1085023173239856,0.4821703666777084,0.385900675714711,1.6036422301620084,-2.028650943083511
-0.45119702797698835,-0.10861444819992105,0.48226540924416317,0.3859676632034204,1.6035764120029272,-2.028593424837371
-0.45107140157942194,-0.1087266283499706,0.4823604725731214,0.3860346750866632,1.6035105297268395,-2.0285359754097056
-0.4509457755955406,-0.1088388578414112,0.4824555567082669,0.3861017113711461,1.60344458327274,-2.0284785948315127
-0.4508201500297755,-0.1089511367396817,0.482550661691997,0.3861687720621748,1.6033785725821945,-2.0284212831398065
-0.4506945248872647,-0.10906346511228975,0.4826457875681607,0.3862358571665882,1.6033124975938804,-2.028364040364689
-0.45056890017250595,-0.10917584302501632,0.48274093437939847,0.38630296668991276,1.6032463582488872,-2.028306866541901
-0.45044327589014976,-0.10928827054413003,0.4828361021686949,0.386370100638018,1.6031801544876283,-2.02824976170551
-0.4503176520449532,-0.10940074773628075,0.4829312909793033,0.3864372590170423,1.6031138862499856,-2.02819272588825
-0.45019202864152774,-0.10951327466777014,0.4830265008542347,0.38650444183284377,1.6030475534763269,-2.0281357591239364
-0.4500664056844448,-0.1096258514048681,0.4831217318364809,0.3865716490912366,1.6029811561070686,-2.0280788614464242
-0.44994078317836816,-0.10973847801416563,0.4832169839692586,0.38663888079825764,1.60291469408218,-2.028022032888436
-0.449815161579572,-0.10985115430226285,0.48331225705914815,0.38670613679272564,1.6028481674575725,-2.0279652738401808
-0.44968954039918074,-0.10996388048532425,0.48340755130989654,0.38677341719389585,1.6027815761614481,-2.0279085838062567
-0.4495639196794574,-0.11007665674211681,0.48350286684264865,0.3868407220625827,1.6027149200298132,-2.027851962991627
-0.4494382994251733,-0.11018948313983153,0.48359820370105044,0.3869080514051961,1.602648199001806,-2.0277954114267738
-0.4493126796404274,-0.11030235974382348,0.4836935619274627,0.3869754052267504,1.6025814130191296,-2.0277389291481773
-0.44918706032980804,-0.11041528662090301,0.4837889415652681,0.38704278353333305,1.6025145620214556,-2.0276825161874337
-0.44906144149777827,-0.11052826383759702,0.4838843426576538,0.3871101863307982,1.602447645948855,-2.0276261725770137
-0.4489358231484566,-0.11064129145953125,0.4839797652471767,0.38717761362430936,1.6023806647426544,-2.0275698983522847
-0.44881020528628035,-0.11075436955329553,0.48407520937707194,0.3872450654197294,1.6023136183428417,-2.0275136935453713
-0.44868458791567,-0.11086749818552094,0.4841706750906052,0.3873125417229383,1.6022465066893434,-2.0274575581881757
-0.4485589710407121,-0.11098067742194176,0.4842661624304172,0.3873800425391218,1.602179329723341,-2.027401492315506
-0.448433354665811,-0.11109390732928195,0.48436167143984354,0.38744756787419093,1.602112087384636,-2.0273454959588193
-0.44830773879505337,-0.1112071879734213,0.48445720216163113,0.38751511773340475,1.602044779614209,-2.027289569152296
-0.44818212343261,-0.11132051942056213,0.48455275463875513,0.3875826921222461,1.6019774063525916,-2.027233711928978
-0.4480565085828019,-0.11143390173739584,0.48464832891453535,0.38765029104654547,1.6019099675396347,-2.0271779243202186
-0.4479308942496285,-0.11154733498976947,0.4847439250317027,0.38771791451148285,1.601842463116367,-2.0271222063600884
-0.4478052804371835,-0.1116608192438814,0.48483954303323706,0.38778556252248375,1.601774893023329,-2.0270665580814264
-0.44767966714960394,-0.1117743545661138,0.48493518296224924,0.3878532350850927,1.6017072572008055,-2.0270109795163904
-0.4475540543909098,-0.1118879410225852,0.4850308448616676,0.3879209322046376,1.6016395555894505,-2.026955470697939
-0.4474284421650818,-0.11200157867938061,0.4851265287744,0.38798865388640463,1.6015717881299656,-2.026900031659067
-0.44730283047620567,-0.11211526760295619,0.4852222347436168,0.3880564001359398,1.6015039547625338,-2.026844662431468
-0.4471772193281769,-0.11222900785929074,0.4853179628121562,0.38812417095841334,1.6014360554280063,-2.026789363048343
-0.44705160872494876,-0.11234279951459944,0.48541371302302494,0.38819196635915393,1.6013680900669063,-2.0267341335420386
-0.44692599867045146,-0.11245664263511185,0.4855094854192421,0.38825978634348485,1.6013000586197341,-2.0266789739447746
-0.44680038916845444,-0.11257053728666316,0.48560528004355374,0.38832763091641526,1.6012319610275447,-2.0266238842900064
-0.44667478022279283,-0.11268448353534895,0.48570109693889085,0.3883955000831321,1.6011637972310273,-2.02656886461025
-0.4465491718376171,-0.11279848144822921,0.4857969361488623,0.38846339384952355,1.6010955671695302,-2.026513914934769
-0.44642356401632277,-0.11291253109029589,0.48589279771563154,0.3885313122199177,1.601027270785282,-2.0264590352995717
-0.44629795676283557,-0.11302663252811314,0.48598868168246545,0.3885992551997977,1.6009589080183224,-2.0264042257354085
-0.44617235008084677,-0.11314078582764989,0.486084588092218,0.3886672227941847,1.6008904788095202,-2.0263494862749156
-0.44604674397425015,-0.11325499105553012,0.4861805169882034,0.3887352150085717,1.6008219830988326,-2.026294816948497
-0.4459211384464741,-0.11336924827711634,0.4862764684128562,0.38880323184749355,1.6007534208279732,-2.026240217790636
-0.44579553350126044,-0.11348355755873063,0.4863724424092857,0.3888712733161822,1.6006847919373197,-2.02618568883258
-0.44566993353384454,-0.1135979164737836,0.48646843675961327,0.3889393378112918,1.6006160974856416,-2.0261312335561064
-0.4455443337739666,-0.11371232642269948,0.4865644529649531,0.38900742638171554,1.6005473373724786,-2.0260768468286217
-0.44541873460924286,-0.11382678862471698,0.48666049186793936,0.3890755395942768,1.6004785104671393,-2.026022530393381
-0.44529313604325527,-0.11394130314599037,0.4867565535115763,0.3891436774540204,1.6004096167102306,-2.025968284281839
-0.4451675380795015,-0.11405587005249596,0.48685263793874656,0.389211839965839,1.6003406560426119,-2.025914108525969
-0.4450419407215067,-0.11417048941036553,0.48694874519244546,0.38928002713472454,1.6002716284049212,-2.0258600031571525
-0.4449163439726007,-0.11428516128524589,0.48704487531533047,0.3893482389652915,1.6002025337384755,-2.025805968208291
-0.4447907478363682,-0.11439988574357768,0.48714102835061945,0.3894164754627278,1.6001333719834843,-2.0257520037095937
-0.44466515231615666,-0.11451466285120329,0.48723720434111284,0.38948473663176025,1.6000641430809894,-2.0256981096931588
-0.4445395574152027,-0.1146294926737087,0.48733340332943675,0.3895530224769052,1.5999948469723926,-2.0256442861918615
-0.44441396313693016,-0.1147443752772982,0.4874296253586521,0.3896213330031257,1.5999254835982304,-2.0255905332364526
-0.44428836948476835,-0.11485931072825473,0.48752587047187745,0.3896896682154241,1.5998560528989336,-2.025536850857349
-0.44416277646179303,-0.11497429909192682,0.4876221387115822,0.38975802811809246,1.5997865548162293,-2.0254832390879662
-0.444037184071413,-0.1150893404346807,0.4877184301209505,0.3898264127161614,1.5997169892904317,-2.025429697958292
-0.44391159231690747,-0.11520443482258999,0.4878147447429646,0.38989482201442965,1.599647356262258,-2.025376227499192
-0.4437860012011292,-0.11531958232058016,0.4879110826198074,0.38996325601682325,1.5995776556740253,-2.025322827745242
-0.4436604107277189,-0.1154347829958928,0.48800744379528505,0.3900317147289762,1.5995078874648256,-2.0252694987233024
-0.44353482089945917,-0.11555003691339946,0.48810382831154975,0.3901001981547415,1.59943805157705,-2.0252162404679668
-0.443409231719631,-0.11566534413945645,0.488200236211795,0.39016870629906114,1.599368147951022,-2.0251630530088547
-0.44328364319125857,-0.1157807047397689,0.48829666753876255,0.39023723916637737,1.5992981765279686,-2.025109936377648
-0.4431580553173795,-0.11589611878013913,0.48839312233526555,0.39030579676118565,1.5992281372489845,-2.0250568906056343
-0.44303246810104646,-0.11601158632649705,0.4884896006442099,0.3903743790880641,1.5991580300549821,-2.025003915723592
-0.4429068815453254,-0.11612710744486951,0.4885861025085727,0.3904429861516421,1.5990878548867424,-2.024951011761908
-0.442781295653055,-0.11624268220071282,0.4886826279709364,0.39051161795611244,1.5990176116858357,-2.0248981787527622
-0.442655710427192,-0.11635831065989004,0.48877917707417007,0.3905802745059526,1.5989473003932673,-2.024845416726913
-0.44253012587083695,-0.11647399288874878,0.4888757498614864,0.39064895580598474,1.5988769209493654,-2.0247927257134415
-0.4424045419866056,-0.11658972895231567,0.48897234637517695,0.39071766186003276,1.5988064732962977,-2.024740105745699
-0.44227895877761725,-0.11670551891713625,0.4890689666586001,0.3907863926730339,1.598735957374116,-2.0246875568519513
-0.44215337624632145,-0.11682136284790577,0.48916561075382314,0.39085514824853423,1.5986653731254452,-2.0246350790664756
-0.4420277943960098,-0.1169372608118053,0.48926227870465633,0.39092392859191166,1.5985947204894502,-2.024582672415278
-0.44190221322895695,-0.11705321287317223,0.489358970552924,0.39099273370641546,1.5985239994092515,-2.024530336933649
-0.4417766327482875,-0.11716921909885464,0.4894556863422108,0.3910615635971435,1.5984532098244764,-2.024478072648527
-0.4416510529564306,-0.1172852795537719,0.4895524261147559,0.3911304182677464,1.5983823516774325,-2.0244258795931183
-0.4415254738563359,-0.11740139430441152,0.4896491899138993,0.39119929772302314,1.598311424908244,-2.0243737577953804
-0.4413998954504077,-0.11751756341577378,0.4897459777819446,0.39126820196665413,1.5982404294591037,-2.024321707288085
-0.44127431774138515,-0.11763378695387863,0.48984278976191264,0.3913371310030594,1.5981693652707847,-2.0242697281005633
-0.4411487407318644,-0.11775006498441658,0.4899396258965971,0.39140608483640055,1.5980982322845159,-2.024217820263144
-0.4410231644243954,-0.11786639757301742,0.4900364862287532,0.3914750634707782,1.598027030441609,-2.024165983806271
-0.4408975888216151,-0.11798278478562459,0.49013337080136066,0.3915440669105099,1.597955759682939,-2.024114218759276
-0.4407720139257485,-0.11809922668708499,0.49023027965663535,0.3916130951590862,1.5978844199509012,-2.024062525155006
-0.4406464397396084,-0.11821572334398328,0.4903272128380116,0.3916821482212686,1.5978130111854771,-2.024010903020511
-0.44052086626542675,-0.11833227482132894,0.49042417038782826,0.39175122610063856,1.597741533328832,-2.0239593523879327
-0.4403952935056328,-0.11844888118476148,0.4905211523488666,0.3918203288012274,1.5976699863222565,-2.023907873287257
-0.44026972146287857,-0.11856554250062651,0.4906181587644083,0.39188945632757477,1.597598370106057,-2.023856465746063
-0.4401441501391634,-0.11868225883347307,0.4907151896764801,0.3919586086828754,1.5975266846230332,-2.0238051297977444
-0.4400185795370586,-0.11879903024956302,0.4908122451283128,0.39202778587157644,1.5974549298136054,-2.0237538654699847
-0.439893009658725,-0.11891585681405605,0.4909093251623693,0.39209698789729575,1.59738310561972,-2.0237026727939957
-0.4397674405065599,-0.11903273859284873,0.49100642982163256,0.39216621476417984,1.5973112119823005,-2.0236515517984865
-0.4396418720828681,-0.11914967565165706,0.4911035591489634,0.3922354664762287,1.5972392488425171,-2.0236005025126658
-0.4395163043895858,-0.11926666805520593,0.49120071318653413,0.39230474303669227,1.5971672161429158,-2.0235495249689186
-0.43939073742916257,-0.11938371586976437,0.4912978919776003,0.39237404444995067,1.5970951138238936,-2.0234986191944597
-0.4392651712036688,-0.11950081916058596,0.49139509556471284,0.3924433707196161,1.5970229418272572,-2.0234477852197577
-0.43913960571528854,-0.11961797799332119,0.49149232399070364,0.39251272184958136,1.5969507000942582,-2.023397023073884
-0.4390140409659651,-0.11973519243299917,0.4915895772979746,0.39258209784326314,1.596878388567012,-2.0233463327878685
-0.4388884769579944,-0.11985246254574232,0.49168685552969693,0.39265149870487553,1.596806007186107,-2.023295714389052
-0.4387629136932407,-0.1199697883964927,0.49178415872822057,0.39272092443774154,1.5967335558937756,-2.0232451679085726
-0.4386373557150538,-0.12008716752368949,0.4918814846601862,0.3927903734058975,1.5966610357852111,-2.0231946969284462
-0.43851179805525753,-0.1202046012017209,0.4919788347335119,0.39285984661757156,1.5965884468719884,-2.0231442960222137
-0.43838624114654223,-0.12032209080893776,0.4920762098988569,0.39292934470903007,1.5965157878772342,-2.02309396711743
-0.4382606849909578,-0.12043963641109949,0.49217361019916184,0.39299886768415104,1.5964430587420273,-2.023043710242144
-0.4381351295900391,-0.12055723807255439,0.4922710356763855,0.3930684155457542,1.5963702594094034,-2.022993525428956
-0.4380095749459585,-0.1206748958595605,0.4923684863738256,0.39313798829805796,1.596297389819743,-2.022943412704093
-0.4378840210605093,-0.12079260983735196,0.49246596233406903,0.3932075859445097,1.5962244499148455,-2.0228933720970566
-0.43775846793542605,-0.12091038007106548,0.4925634635996392,0.39327720848847,1.5961514396366443,-2.022843403637583
-0.4376329155724896,-0.12102820662604788,0.4926609902132113,0.39334685593344243,1.5960783589267746,-2.022793507354615
-0.4375073639734106,-0.12114608956751029,0.4927585422173699,0.39341652828281504,1.5960052077270597,-2.022743683277458
-0.4373818131401137,-0.12126402896135124,0.4928561196551846,0.3934862255404704,1.5959319859783654,-2.022693931433061
-0.4372562630741035,-0.1213820248723376,0.4929537225689402,0.3935559477094424,1.5958586936231223,-2.022644251852001
-0.4371307137770071,-0.12150007736565657,0.4930513510012182,0.393625694793061,1.595785330603176,-2.0225946445633762
-0.43700516525063904,-0.12161818650710528,0.4931490049950322,0.39369546679509215,1.595711896859524,-2.0225451095941938
-0.4368796174964311,-0.12173635236145262,0.49324668459268173,0.3937652637185308,1.5956383923345847,-2.0224956469747384
-0.4367540705161037,-0.12185457499436902,0.49334438983710127,0.39383508556702235,1.5955648169695231,-2.0224462567322457
-0.43662852431110366,-0.12197285447081532,0.4934421207707347,0.39390493234367746,1.5954911707064834,-2.0223969388961773
-0.43650297888294,-0.12209119085598842,0.49353987743619454,0.3939748040517643,1.5954174534872823,-2.0223476934951354
-0.43637743423316877,-0.1222095842153098,0.4936376598762573,0.3940447006947069,1.595343665253417,-2.022298520556884
-0.4362518903631196,-0.1223280346136086,0.4937354681332877,0.39411462227547683,1.5952698059472064,-2.022249420111036
-0.43612634727444544,-0.12244654211672285,0.49383330225036315,0.39418456879777664,1.5951958755095652,-2.0222003921838017
-0.43600080496837457,-0.12256510678933,0.4939311622697533,0.39425454026444057,1.5951218738830124,-2.0221514368050992
-0.4358752634461762,-0.12268372869631294,0.4940290482338774,0.39432453667844314,1.5950478010097775,-2.0221025540040745
-0.4357497227093958,-0.12280240790340786,0.4941269601857561,0.3943945580433707,1.594973656830907,-2.0220537438069863
-0.4356241827592626,-0.12292114447551424,0.49422489816782855,0.3944646043621836,1.5948994412885995,-2.02200500624273
-0.43549864359823154,-0.12303993847694364,0.4943228622219964,0.3945346756374536,1.5948251543252414,-2.0219563413407817
-0.43537310536980023,-0.12315878989431882,0.4944208523204128,0.3946047718213154,1.5947507959187521,-2.0219077492386783
-0.43524756797844866,-0.12327769879473842,0.49451886851651006,0.39467489292546126,1.5946763660307208,-2.021859229839939
-0.4351220314349433,-0.12339666526785421,0.4946169108697209,0.39474503896470453,1.5946018645797806,-2.0218107832076133
-0.4349964957416237,-0.1235156893774141,0.49471497942158127,0.3948152099412797,1.5945272915088324,-2.0217624093703095
-0.4348709609007839,-0.12363477118696178,0.4948130742134875,0.39488540585726656,1.594452646761024,-2.0217141083570853
-0.43474542691485496,-0.12375391076035719,0.4949111952870573,0.3949556267149703,1.5943779302790346,-2.021665880195754
-0.43461989378634325,-0.12387310816158427,0.49500934268399566,0.3950258725167805,1.5943031420053395,-2.0216177249135057
-0.4344943615175314,-0.12399236345390001,0.49510751644550144,0.3950961432645483,1.5942282818833806,-2.021569642539679
-0.43436883011091343,-0.12411167670105651,0.4952057166131194,0.3951664389604815,1.5941533498558822,-2.0215216331017705
-0.4342432988247955,-0.12423104837546065,0.49530394359488383,0.3952367598727185,1.5940783456771,-2.0214736960473556
-0.43411776840554506,-0.12435047840100848,0.49540219725970513,0.3953071058730131,1.5940032692479331,-2.021425832252248
-0.4339922387871198,-0.12446996663662106,0.4955004775078753,0.3953774768655152,1.5939281207016496,-2.0213780414522486
-0.4338667099706992,-0.12458951314806765,0.4955987843825169,0.3954478728536493,1.5938528999791821,-2.0213303236720166
-0.43374118195683575,-0.12470911799936439,0.49569711792553406,0.3955182938395381,1.593777607023885,-2.021282678941855
-0.4336156547464798,-0.12482878125576347,0.49579547817969827,0.3955887398262013,1.593702241777398,-2.021235107287913
-0.43349012834049727,-0.12494850298233538,0.4958938651876603,0.3956592108165132,1.5936268041816062,-2.0211876087368346
-0.43336460273958366,-0.1250682832437347,0.49599227899178655,0.3957297068130299,1.593551294178967,-2.0211401833165246
-0.433239077944533,-0.1251881221049684,0.496090719634694,0.3958002278185552,1.5934757117114429,-2.0210928310536276
-0.43311355395589857,-0.12530801963042476,0.49618918715857463,0.395870773835427,1.593400056721848,-2.0210455519767128
-0.4329880307746228,-0.1254279758856849,0.49628768160645764,0.3959413448668473,1.5933243291513408,-2.020998346110337
-0.43286250840103513,-0.12554799093463218,0.49638620302019354,0.3960119409147593,1.5932485289434235,-2.0209512134845173
-0.43273698702181385,-0.1256680647415205,0.49648475135205095,0.3960825619163566,1.593172656085955,-2.020904154267433
-0.43261146674913764,-0.12578819724069895,0.4965833265399,0.39615320779929564,1.5930967106094467,-2.0208571685083045
-0.4324859475620819,-0.12590838846051527,0.496681928602122,0.39622387854961494,1.5930206924920625,-2.020810256168511
-0.43236042834381117,-0.12602863907991707,0.49678055813037547,0.39629457456973893,1.5929446013896043,-2.0207634164042765
-0.43223491001825476,-0.12614894907086677,0.4968792150121726,0.396365295740304,1.5928684371256885,-2.0207166503747622
-0.4321093971862613,-0.12626931568635977,0.49697789682631854,0.396436040275826,1.5927922010655133,-2.0206699613952384
-0.431983884691336,-0.12638974007115564,0.4970766048849182,0.39650680914112313,1.592715893333545,-2.020623343754136
-0.4318583730103711,-0.12651022376280804,0.4971753402465757,0.39657760304109757,1.5926395125071349,-2.020576799559927
-0.43173286214346973,-0.12663076682517033,0.4972741029531744,0.3966484219775746,1.5925630585297703,-2.020530328841734
-0.43160735209102974,-0.1267513693230376,0.49737289304725985,0.39671926595305984,1.5924865313436318,-2.0204839316254923
-0.4314818390322088,-0.12687203340616854,0.4974717124353534,0.39679013632939925,1.5924099299201109,-2.020437604956142
-0.43135632717143935,-0.12699275827290382,0.4975705601366911,0.39686103233055997,1.5923332540447723,-2.0203913535520743
-0.4312308161186209,-0.12711354277949757,0.49766943536023844,0.396931953383418,1.5922565047792299,-2.020345175729898
-0.4311053058741292,-0.1272343869909859,0.49776833814873056,0.39700289949060613,1.59217968206531,-2.0202990715143914
-0.43097980114474765,-0.12735528840705845,0.4978672662528494,0.3970738689816271,1.5921027870416837,-2.02025304460371
-0.43085429674148834,-0.12747624815039746,0.4979662209683151,0.3971448628143959,1.5920258198510095,-2.0202070892304915
-0.43072879314886503,-0.12759726778650127,0.4980652033726516,0.3972158817055496,1.591948779045451,-2.020161207537971
-0.43060329036665124,-0.12771834737893784,0.498164213507595,0.39728692565660856,1.5918716645688324,-2.020115399555252
-0.4304777876876287,-0.12783948737838022,0.4982632517601939,0.3973579949217775,1.5917944761823595,-2.020069664752823
-0.43035228610179566,-0.12796068757702547,0.498362317883398,0.39742908928519516,1.591717213851948,-2.0200240041960145
-0.43022678551003235,-0.1280819477475973,0.4984614117189803,0.3975002086108359,1.591639877791305,-2.019978417490525
-0.43010128590870966,-0.1282032679586219,0.49856053331266414,0.39757135290334145,1.5915624679401084,-2.019932904658506
-0.4299757871895862,-0.12832464833316795,0.49865968275923667,0.39764252220279234,1.5914849842142642,-2.019887465647098
-0.42985028927165025,-0.12844608902214133,0.4987588601709483,0.3977137165616619,1.5914074264987579,-2.0198421004541154
-0.42972479216405723,-0.12856759011879962,0.49885806561004453,0.39778493599544557,1.591329794709982,-2.019796809150728
-0.4295992958667316,-0.12868915168771358,0.4989572991190123,0.39785618050631455,1.591252088790322,-2.0197515917618682
-0.429473800379748,-0.12881077379396638,0.4990565607407016,0.39792745009680425,1.59117430868145,-2.019706448310683
-0.4293483057024723,-0.12893245650065735,0.49915585051658495,0.39799874476798963,1.5910964543277712,-2.019661378826689
-0.42922281183513533,-0.12905419987346617,0.4992551684899411,0.3980700645228218,1.5910185256701204,-2.019616383330856
-0.42909731877711543,-0.1291760039756745,0.4993545147023837,0.39814140936249026,1.5909405226526334,-2.0195714618518745
-0.42897182652828114,-0.1292978688720499,0.49945388919656786,0.39821277928925924,1.5908624452173918,-2.0195266144134676
-0.428846335088263,-0.12941979462674974,0.4995532920147301,0.39828417430493884,1.5907842933073084,-2.019481841041233
-0.4287208444567572,-0.12954178130419058,0.4996527231992951,0.3983555944115179,1.590706066864933,-2.0194371417598105
-0.42859535463330367,-0.1296638289684048,0.49975218279242495,0.3984270396106955,1.590627765833337,-2.0193925165949747
-0.4284698656176653,-0.12978593768414967,0.4998516708367948,0.39849850990469055,1.590549390154584,-2.0193479655700184
-0.42834437740902587,-0.12990810751457008,0.4999511873739617,0.3985700052945352,1.5904709397729542,-2.0193034887133834
-0.4282188900071553,-0.13003033852457893,0.5000507324467223,0.39864152578254264,1.5903924146302824,-2.0192590860476214
-0.42809340341168856,-0.13015263077878497,0.5001503060976675,0.3987130713707965,1.5903138146688127,-2.019214757596156
-0.4279679176217135,-0.130274984340265,0.5002499083683274,0.3987846420602494,1.5902351398328984,-2.0191705033873024
-0.42784243263691746,-0.1303973992739144,0.500349539301506,0.3988562378531758,1.5901563900643723,-2.0191263234433126
-0.42771694845654196,-0.13051987564340295,0.5004491989391606,0.3989278587509445,1.590077565306751,-2.0190822177903236
-0.42759146508016244,-0.1306424135134497,0.5005488873239861,0.39899950475568147,1.5899986655020975,-2.0190381864509312
-0.4274659825069804,-0.1307650129477553,0.5006486044979743,0.39907117586876095,1.5899196905938684,-2.0189942294509304
-0.42734050073611485,-0.1308876740098411,0.5007483505029988,0.3991428720914163,1.589840640525762,-2.018950346816588
-0.4272150197671989,-0.13101039676481926,0.5008481253820494,0.39921459342603416,1.5897615152392732,-2.018906538568854
-0.4270895395992671,-0.13113318127610968,0.5009479291769428,0.39928633987375645,1.5896823146782217,-2.018862804734082
-0.42696406023150235,-0.13125602760765293,0.5010477619298657,0.39935811143609734,1.5896030387857014,-2.0188191453368054
-0.4268385816630911,-0.13137893582346216,0.501147623683063,0.3994299081146143,1.5895236875046979,-2.0187755604012017
-0.4267131038933014,-0.13150190598786043,0.5012475144790014,0.39950172991108235,1.5894442607777604,-2.018732049950312
-0.42658762692100716,-0.13162493816409998,0.5013474343594089,0.3995735768264881,1.5893647585489064,-2.0186886140105513
-0.42646215074567984,-0.1317480324172459,0.5014473833672835,0.39964544886313086,1.5892851807596438,-2.0186452526022935
-0.4263366753659277,-0.13187118880991397,0.5015473615439241,0.39971734602151476,1.5892055273548509,-2.0186019657537884
-0.4262112007810934,-0.13199440740694385,0.5016473689321863,0.39978926830375916,1.589125798276329,-2.0185587534858995
-0.4260857269899745,-0.13211768827163975,0.5017474055738624,0.3998612157108529,1.5890459934679884,-2.018515615824381
-0.4259602539917484,-0.13224103146851118,0.5018474715115915,0.3999331882446586,1.5889661128720682,-2.0184725527909255
-0.4258347817849808,-0.13236443706032935,0.5019475667868094,0.4000051859057603,1.5888861564331962,-2.01842956441278
-0.4257093103688723,-0.13248790511180836,0.5020476914423124,0.40007720869615226,1.588806124093311,-2.01838665071072
-0.4255838397421101,-0.1326114356862314,0.5021478455199073,0.40014925661677775,1.5887260157963143,-2.0183438117100674
-0.42545836990382213,-0.1327350288482366,0.5022480290623519,0.400221329669558,1.5886458314842327,-2.0183010474316
-0.42533290568342785,-0.13285868207012663,0.5023482398103081,0.4002934261605746,1.588565572328093,-2.018258361658213
-0.42520744172482594,-0.13298239635082176,0.5024484789680348,0.40036554700497806,1.5884852385760972,-2.018215748363251
-0.4250819785526154,-0.13310617340359082,0.5025487477131265,0.4004376929820737,1.5884048286459769,-2.018173209858233
-0.4249565161655351,-0.13323001329222015,0.5026490460877779,0.4005098640931378,1.5883243424808886,-2.0181307461661686
-0.4248310545621603,-0.13335391608008568,0.5027493741339046,0.40058206033913957,1.5882437800245472,-2.0180883573112807
-0.42470559374111794,-0.13347788183079254,0.5028497318935896,0.40065428172120815,1.5881631412203403,-2.018046043316915
-0.4245801337011432,-0.13360191060833118,0.5029501194091921,0.40072652824074556,1.5880824260111148,-2.0180038042050312
-0.4244546744407103,-0.13372600247600008,0.5030505367225957,0.40079879989864164,1.5880016343406638,-2.017961639999721
-0.42432921595828343,-0.133850157497148,0.5031509838757278,0.40087109669581716,1.5879207661526968,-2.0179195507247765
-0.4242037582526468,-0.13397437573612078,0.5032514609112171,0.4009434186339093,1.5878398213895442,-2.017877536400615
-0.4240783013220044,-0.1340986572556514,0.503351967870576,0.4010157657133767,1.587758799995744,-2.0178355970527755
-0.42395284516489706,-0.13422300211952182,0.5034525047960556,0.4010881379354317,1.5876777019143826,-2.017793732703253
-0.4238273897798388,-0.1343474103915115,0.5035530717299135,0.4011605353012799,1.5875965270885362,-2.0177519433739137
-0.4237019351650133,-0.1344718821345046,0.50365366871379,0.40123295781146684,1.587515275462507,-2.017710229089416
-0.4235764813190688,-0.13459641741281606,0.5037542957903305,0.40130540546757243,1.5874339469786143,-2.017668589869619
-0.4234510282400139,-0.13472101628896782,0.5038549530009389,0.40137787826986704,1.5873525415816354,-2.0176270257400915
-0.4233255759263246,-0.1348456788269142,0.5039556403880241,0.40145037621965324,1.5872710592143668,-2.0175855367216067
-0.4232001243761623,-0.1349704050897635,0.5040563579934141,0.40152289931761376,1.5871894998207587,-2.0175441228375584
-0.42307467358791584,-0.13509519514136345,0.5041571058594596,0.4015954475649611,1.5871078633437312,-2.017502784108798
-0.4229492235594936,-0.1352200490442301,0.5042578840275906,0.4016680209619339,1.587026149728028,-2.0174615205603796
-0.4228237742894194,-0.13534496686274536,0.5043586925405459,0.40174061951011975,1.5869443589158134,-2.017420332211147
-0.42269832577541155,-0.135469948659011,0.5044595314394829,0.40181324320944256,1.5868624908523798,-2.0173792190872377
-0.4225728780159397,-0.1355949944974051,0.5045604007671527,0.4018858920614753,1.5867805454798733,-2.0173381812072324
-0.42244743100885707,-0.13572010444056207,0.5046613005651,0.40195856606651587,1.586698522742831,-2.017297218595262
-0.42232198475227545,-0.13584527855195946,0.504762230875464,0.4020312652254702,1.5866164225846173,-2.017256331272571
-0.422196539244049,-0.1359705168943795,0.5048631917399078,0.40210398953873167,1.5865342449495423,-2.0172155192625327
-0.4220710944824413,-0.13609581953188551,0.5049641832009955,0.4021767390076176,1.5864519897801443,-2.017174782584217
-0.4219456504650525,-0.13622118652666435,0.5050652052999909,0.40224951363207767,1.586369657021528,-2.017134121262656
-0.4218202071900521,-0.13634661794264472,0.5051662580793801,0.4023223134133195,1.586287246616394,-2.0170935353170814
-0.4216947646550837,-0.13647211384228938,0.5052673415806355,0.40239513835148233,1.5862047585094432,-2.01705302477135
-0.4215693228581614,-0.1365976742892145,0.5053684558460412,0.4024679884475331,1.5861221926437847,-2.0170125896454363
-0.42144388179701675,-0.1367232993462862,0.5054696009173667,0.40254086370189274,1.5860395489635424,-2.0169722299616053
-0.4213184414694373,-0.13684898907660042,0.5055707768365503,0.40261376411514016,1.585956827412514,-2.0169319457412427
-0.42119300187319997,-0.13697474354329991,0.5056719836455699,0.4026866896878838,1.5858740279344214,-2.016891737005437
-0.4210675630057681,-0.13710056280867775,0.5057732213858217,0.4027596404201105,1.5857911504741424,-2.0168516037779023
-0.42094212486527827,-0.13722644693707514,0.5058744901001342,0.4028326163132858,1.5857081949737275,-2.016811546075547
-0.42081668744893186,-0.13735239599016147,0.5059757898294848,0.4029056173669337,1.5856251613788863,-2.01677156392383
-0.42069125075460434,-0.13747841003165528,0.5060771206162855,0.40297864358205704,1.5855420496325026,-2.016731657341405
-0.42056581477971555,-0.13760448912401285,0.5061784825020785,0.40305169495873966,1.5854588596791792,-2.016691826350884
-0.42044037952184254,-0.13773063333022575,0.5062798755287858,0.40312477149744763,1.5853755914627732,-2.0166520709729965
-0.4203149449786876,-0.13785684271371748,0.5063812997386397,0.4031978731989541,1.5852922449265363,-2.0166123912269285
-0.4201895111474343,-0.13798311733646973,0.5064827551728759,0.4032710000629835,1.5852088200156866,-2.016572787136404
-0.42006408297407116,-0.1381094546474668,0.506584239565067,0.40334415037640275,1.5851253179298765,-2.016533262558332
-0.41993865494344274,-0.13823585552142317,0.5066857540277017,0.40341732501039557,1.5850417390218638,-2.016493811216094
-0.4198132276186808,-0.13836232181632713,0.5067872998363052,0.4034905248047972,1.5849580815785416,-2.016454435587884
-0.41968780099747516,-0.1384888535959282,0.5068888770333788,0.4035637497605983,1.5848743455426453,-2.0164151356910605
-0.4195623750769766,-0.13861545092245717,0.5069904856603751,0.40363699987768464,1.5847905308589845,-2.01637591154778
-0.4194369498544992,-0.1387421138587041,0.5070921257591445,0.4037102751563422,1.584706637471587,-2.016336763178229
-0.4193115253273163,-0.13886884246740283,0.5071937973715059,0.40378357559681144,1.5846226653245474,-2.016297690602634
-0.41918610149269675,-0.13899563681135718,0.5072955005393376,0.40385690119938017,1.584538614361845,-2.016258693840839
-0.41906067834763405,-0.13912249695262338,0.507397235304003,0.4039302519637879,1.58445448452848,-2.01621977291498
-0.4189352558894317,-0.13924942295425088,0.5074990017075682,0.4040036278904916,1.58437027576807,-2.0161809278438074
-0.4188098341151161,-0.13937641487854027,0.507600799791585,0.4040770289794001,1.5842859880252493,-2.0161421586483597
-0.41868441302188764,-0.13950347278837663,0.5077026295980214,0.4041504552308412,1.5842016212438366,-2.0161034653476277
-0.4185589926066289,-0.13963059674579145,0.50780449116826,0.40422390664452174,1.5841171753688084,-2.0160648479632233
-0.41843357286649674,-0.13975778681368226,0.5079063845442939,0.40429738322076886,1.584032650343939,-2.0160263065137958
-0.41830815379845276,-0.13988504305445368,0.5080083097677832,0.4043708849595524,1.5839480461136644,-2.0159878410194416
-0.418182735399502,-0.14001236553070898,0.5081102668805342,0.40444441186097835,1.5838633626221366,-2.015949451499466
-0.418057317666257,-0.1401397543039656,0.5082122559236062,0.4045179639243657,1.583778599814981,-2.0159111379765444
-0.4179319005959119,-0.1402672094375331,0.5083142769393147,0.40459154115032536,1.5836937576353518,-2.015872900467379
-0.41780648418535016,-0.14039473099386543,0.5084163299693891,0.40466514353884436,1.583608836027563,-2.015834738991303
-0.4176810684310741,-0.14052231903438317,0.5085184150548474,0.4047387710891612,1.5835238349373306,-2.015796653570844
-0.4175556533300959,-0.14064997362206555,0.5086205322378019,0.4048124238016355,1.5834387543082193,-2.01575864422332
-0.41743023887923947,-0.1407776948194252,0.508722681560049,0.4048861016762867,1.5833535940844208,-2.01572071096741
-0.41730482695775883,-0.14090548170103276,0.5088248621938549,0.4049598040648436,1.583268354689484,-2.0156828552829906
-0.41717941357559063,-0.14103333559592784,0.5089270754331887,0.405033531933074,1.5831830357644228,-2.015645073314086
-0.4170540010548134,-0.14116125699357543,0.5090293214217105,0.40510728529188494,1.5830976364266403,-2.0156073684520415
-0.41692858917073927,-0.14128924524953076,0.5091315997158117,0.4051810638118894,1.5830121572727363,-2.0155697397593753
-0.41680317791975074,-0.1414173004253651,0.5092339103566772,0.4052548674924117,1.5829265982481169,-2.0155321872570346
-0.4166777672986859,-0.1415454225840582,0.5093362533864825,0.40532869633378815,1.5828409592962462,-2.0154947109612467
-0.416552357303857,-0.1416736117871146,0.5094386288463864,0.4054025503352875,1.5827552403625926,-2.0154573108928644
-0.41642694793181967,-0.14180186809683007,0.5095410367781048,0.40547642949674556,1.5826694413915288,-2.015419987070017
-0.41630153926107916,-0.14193019153200592,0.5096434771852196,0.4055503337894142,1.5825835623490216,-2.0153827395760526
-0.41617613150565624,-0.14205858200548838,0.5097459499840284,0.40562426312103395,1.5824976032653204,-2.015345568561093
-0.4160507246224938,-0.14218703949821343,0.5098484551617286,0.4056982174545215,1.582411564163269,-2.0153084739207334
-0.41592531859819637,-0.14231556408348134,0.5099509927688821,0.4057721967962087,1.5823254449794295,-2.0152714556668334
-0.4157999134191357,-0.14244415583181738,0.5100535628540679,0.40584620115050035,1.5822392456537575,-2.0152345138184597
-0.415674509072792,-0.14257281481511802,0.5101561654667712,0.40592023052286047,1.5821529661239497,-2.0151976483885594
-0.41554910554663493,-0.14270154110347388,0.5102588006551769,0.40599428491751643,1.582066606329822,-2.015160859394367
-0.4154237028288623,-0.142830334767469,0.5103614684677742,0.40606836433910953,1.5819801662101833,-2.0151241468500545
-0.4152983009076845,-0.14295919587621284,0.5104641689519893,0.40614246879127663,1.5818936457055508,-2.015087510773192
-0.4151728997719859,-0.14308812449937539,0.510566902155605,0.4062165982781077,1.5818070447553885,-2.0150509511782433
-0.4150474994106901,-0.1432171207054199,0.510669668125534,0.4062907528028735,1.5817203633005357,-2.015014468082358
-0.4149220998133689,-0.14334618456350376,0.510772466909144,0.40636493236938803,1.5816336012806325,-2.014978061499298
-0.4147967009694984,-0.1434753161413442,0.5108752985527747,0.40643913698047096,1.5815467586370473,-2.014941731446396
-0.4146713028688511,-0.14360451550647435,0.5109781631026156,0.406513366638847,1.5814598353111766,-2.014905477940566
-0.41454590544801384,-0.14373378275468596,0.5110810606295673,0.40658762136585536,1.5813728312300963,-2.0148693009550964
-0.4144205086591901,-0.14386311799787602,0.5111839912146605,0.40666190118943624,1.581285746303817,-2.0148332004972573
-0.4142951125056822,-0.14399252131528084,0.5112869549112398,0.40673620611661904,1.5811985804613178,-2.0147971766160935
-0.4141697169851071,-0.14412199276763885,0.5113899517599809,0.4068105361463433,1.5811113336477414,-2.0147612293268473
-0.4140443220946235,-0.1442515324142295,0.511492981800552,0.40688489127650046,1.5810240058101848,-2.0147253586491938
-0.4139189278319151,-0.14438114031579272,0.5115960450736416,0.4069592715060418,1.5809365968936957,-2.0146895645977576
-0.413793534193875,-0.1445108165306186,0.5116991416182404,0.40703367683215874,1.5808491068466284,-2.0146538471947912
-0.41366814225846404,-0.14464056055900573,0.511802270983712,0.4071081068857556,1.5807615358882772,-2.014618207289443
-0.41354275077759883,-0.14477037261609907,0.5119054334271358,0.407182561848898,1.5806738840720402,-2.01458264347247
-0.4134173598829438,-0.14490025319604685,0.5120086292865849,0.40725704192101225,1.5805861509441759,-2.0145471563448267
-0.41329196957144987,-0.14503020235939795,0.5121118586026976,0.40733154710083386,1.5804983364502005,-2.0145117459222512
-0.4131665798399329,-0.14516022016624736,0.5122151214158042,0.40740607738677864,1.5804104405362065,-2.0144764122216605
-0.41304119068483836,-0.14529030667550963,0.5123184177654196,0.4074806327764177,1.5803224631498587,-2.0144411552635026
-0.4129158021034822,-0.14542046194860528,0.5124217476928097,0.40755521326913047,1.580234404235352,-2.014405975059822
-0.4127904140920968,-0.1455506860436545,0.5125251112369491,0.4076298188619277,1.580146263741347,-2.0143708716330395
-0.4126650266529559,-0.14568097901888347,0.5126285084364204,0.40770444955206764,1.5800580416140075,-2.0143358450003412
-0.4125396398150807,-0.1458113409148216,0.5127319393149374,0.4077791053254999,1.5799697378101618,-2.0143008952016435
-0.4124142538142568,-0.1459417716518652,0.5128354037932275,0.4078537860913814,1.57988135235074,-2.0142660224257147
-0.4122888687583872,-0.1460722711204778,0.5129389017816184,0.4079284917554842,1.57979288530685,-2.014231226668935
-0.41216348461341923,-0.14620283933106895,0.5130424332878736,0.4080032222946078,1.5797043366734076,-2.01419650786173
-0.41203810136456553,-0.14633347635473853,0.5131459983613391,0.40807797771353127,1.5796157063893694,-2.014161866016789
-0.41191271899711257,-0.14646418226148566,0.5132495970505646,0.40815275801629197,1.5795269943949233,-2.0141273011491476
-0.41178733236122156,-0.14659495977345788,0.5133532317238778,0.40822756494942597,1.5794381993230993,-2.0140928093000685
-0.4116619472092298,-0.14672580835892002,0.5134569015150905,0.4083023977216656,1.5793493205308304,-2.0140583971849524
-0.4115365628951313,-0.14685672604433253,0.5135606050714938,0.40837725539299286,1.5792603598400572,-2.0140240620906313
-0.4114111794057349,-0.14698771289954995,0.5136643424414322,0.4084521379675075,1.5791713171901969,-2.013989804028261
-0.41128579672776056,-0.14711876899311407,0.5137681136723171,0.4085270454484024,1.5790821925222405,-2.0139556230122513
-0.4111604148483172,-0.14724989439374744,0.5138719188116636,0.4086019778390394,1.5789929857767222,-2.01392151905546
-0.4110350337548123,-0.14738108917010925,0.5139757579069242,0.40867693514276887,1.5789036968940608,-2.013887492170022
-0.41090965343465236,-0.14751235338995558,0.5140796310049054,0.40875191736232563,1.5788143258157148,-2.013853542370102
-0.41078427387567196,-0.14764368712145545,0.514183538152684,0.40882692450077507,1.57872487248239,-2.0138196696676527
-0.41065889506556186,-0.14777509043154094,0.5142874793964607,0.40890195656032474,1.578635336836302,-2.013785874077795
-0.41053351699264784,-0.14790656338823419,0.5143914547831805,0.4089770135439946,1.5785457188180048,-2.0137521556113107
-0.4104081396450905,-0.14803810605832549,0.5144954643589177,0.40905209545394905,1.5784560183695666,-2.0137185142821794
-0.41028276301124045,-0.1481697185084545,0.5145995081696291,0.40912720229227273,1.5783662354330994,-2.0136849501041008
-0.41015738707982763,-0.14830140080570484,0.514703586261569,0.40920233406139445,1.578276369949955,-2.0136514630886064
-0.4100320118394336,-0.14843315301606064,0.514807698680217,0.40927749076298003,1.5781864218628332,-2.0136180532500596
-0.4099066372789366,-0.14856497520576648,0.5149118454712225,0.4093526723989079,1.5780963911139347,-2.0135847206012834
-0.4097812633874529,-0.14869686744117416,0.5150160266803019,0.40942787897115474,1.5780062776451729,-2.013551465154082
-0.4096558901539362,-0.14882882978758444,0.515120242352431,0.40950311048096977,1.5779160813997586,-2.0135182869229884
-0.40953051756783054,-0.14896086231119962,0.5152244925332068,0.4095783669302674,1.5778258023195424,-2.0134851859189924
-0.4094051456183081,-0.14909296507689765,0.5153287772672961,0.4096536483200375,1.5777354403480515,-2.0134521621567223
-0.40927977429483775,-0.14922513814992733,0.5154330965996192,0.40972895465155296,1.5776449954281881,-2.0134192156490145
-0.4091544035871637,-0.14935738159588507,0.5155374505753318,0.40980428592635876,1.577554467502256,-2.013386346406979
-0.40902903348484543,-0.14948969547934943,0.5156418392388775,0.40987964214528816,1.5774638565138335,-2.0133535544444388
-0.4089036639775365,-0.1496220798647359,0.5157462626345812,0.4099550233090764,1.5773731624066085,-2.0133208397751767
-0.4087782898500798,-0.14975453748100417,0.5158507231293181,0.41003043116970034,1.5772823837996803,-2.0132881983933304
-0.40865291695296424,-0.14988706787331466,0.5159552199139132,0.4101058649631606,1.5771915199857816,-2.01325563716347
-0.40852754461878327,-0.1500196689678022,0.5160597515676417,0.41018132370665816,1.5771005728762306,-2.01322315327041
-0.40840217283784774,-0.15015234082926965,0.5161643181350848,0.41025680740127096,1.5770095424137696,-2.0131907467245815
-0.40827680160021185,-0.15028508352138717,0.516268919660035,0.4103323160472804,1.5769184285425881,-2.013158417539567
-0.4081514308962024,-0.15041789710830505,0.5163735561866174,0.41040784964532834,1.5768272312061256,-2.013126165726903
-0.4080260607160957,-0.1505507816536914,0.5164782277586204,0.410483408195728,1.5767359503483835,-2.0130939912991934
-0.4079006910500542,-0.15068373722056067,0.516582934419378,0.41055899169833754,1.5766445859141673,-2.0130618942706797
-0.40777532188872634,-0.15081676387306556,0.5166876762130146,0.4106346001538452,1.5765531378466415,-2.013029874651462
-0.4076499532226041,-0.15094986167462024,0.5167924531831418,0.41071023356242725,1.576461606089888,-2.012997932453558
-0.40752458495427213,-0.1510830307323764,0.5168972654116124,0.4107858919529607,1.5763699905669373,-2.0129660676240637
-0.4073992169393552,-0.15121627122102166,0.5170021130320523,0.4108615753915329,1.576278291150645,-2.012934280109098
-0.4072738491911121,-0.15134958326335834,0.5171069961283294,0.4109372839052265,1.5761865077292734,-2.012902570002654
-0.4071484817030644,-0.1514829669180423,0.5172119147403706,0.41101301749125385,1.576094640250801,-2.0128709373214093
-0.40702311446932526,-0.15161642224557925,0.5173168689093979,0.4110887761481556,1.5760026886606635,-2.0128393820758683
-0.4068977474834572,-0.15174994930489127,0.5174218586755441,0.411164559873341,1.5759106529064306,-2.0128079042814453
-0.4067723807395982,-0.15188354815670335,0.5175268840802068,0.4112403686655131,1.5758185329331946,-2.0127765039475367
-0.40664701948568194,-0.15201721618665165,0.5176319428391909,0.4113162007649145,1.5757263300256974,-2.0127451851416245
-0.4065216577876969,-0.15215095391419484,0.5177370358025204,0.41139205691219555,1.5756340448295711,-2.0127139409149133
-0.40639629631452934,-0.15228476360525692,0.5178421645217315,0.4114679381168336,1.5755416752624511,-2.0126827741831135
-0.406270935059716,-0.15241864531904034,0.5179473290372079,0.41154384437646113,1.5754492212714069,-2.012651684959681
-0.4061455740167377,-0.15255259911465666,0.5180525293892815,0.41161977568864744,1.5753566828036134,-2.0126206732581644
-0.40602021317943393,-0.15268662505235625,0.5181577656190868,0.4116957320517802,1.5752640598046708,-2.0125897390882344
-0.40589485254099955,-0.15282072319053824,0.5182630377664814,0.41177171346292635,1.5751713522226771,-2.012558882465323
-0.40576949209501834,-0.15295489358883882,0.5183683458721955,0.41184771992004104,1.575078560004023,-2.0125281034006686
-0.40564413183509807,-0.15308913630703788,0.5184736899770701,0.4119237514211862,1.5749856830948792,-2.0124974019048385
-0.4055187717543207,-0.15322345140341426,0.5185790701209134,0.4119998079633538,1.5748927214434392,-2.012466777993031
-0.4053934118463509,-0.15335783893805993,0.5186844863448055,0.4120758895448352,1.5747996749954032,-2.0124362316743936
-0.405268052104363,-0.1534922989696827,0.5187899386888755,0.41215199616293724,1.5747065436983323,-2.012405762962322
-0.4051426925216397,-0.1536268315573754,0.518895427193532,0.4122281278152453,1.5746133274992404,-2.0123753718687656
-0.4050173330915072,-0.15376143676044016,0.519000951899339,0.4123042844994984,1.5745200263448322,-2.012345058404785
-0.40489197380723674,-0.15389611463808775,0.5191065128468106,0.4123804662133743,1.5744266401819138,-2.012314822581528
-0.40476661466177255,-0.15403086524862,0.5192121100758382,0.41245667295390587,1.5743331689585036,-2.012284664412856
-0.40464125564844,-0.15416568865155733,0.5193177436271728,0.4125329047190001,1.5742396126209388,-2.012254583908495
-0.40451589676027044,-0.15430058490560458,0.519423413541009,0.4126091615059856,1.574145971116643,-2.0122245810805848
-0.4043905379904995,-0.15443555407015844,0.5195291198580352,0.41268544331269186,1.574052244392069,-2.012194655938818
-0.40426517933191874,-0.15457059620335378,0.5196348626180725,0.41276175013604793,1.5739584323953701,-2.012164808496746
-0.4041398193867227,-0.15470571206717829,0.5197406424708935,0.41283808243570536,1.5738645347188354,-2.0121350376922047
-0.4040144597955333,-0.1548409015803925,0.5198464592256358,0.41291443999636596,1.5737705511312576,-2.012105345452386
-0.40388910035828296,-0.15497616417108026,0.5199523124910634,0.4129908225275517,1.5736764821593647,-2.0120757309601514
-0.40376374106689195,-0.1551114998982878,0.5200582023077769,0.4130672300267719,1.5735823277505334,-2.0120461942274503
-0.403638381913753,-0.15524690882246908,0.5201641287173644,0.4131436624925443,1.573488087850195,-2.0120167352614455
-0.40351302289047375,-0.15538239100174964,0.5202700917598058,0.41322011992173524,1.573393762406905,-2.0119873540765223
-0.4033876639891627,-0.15551794649576045,0.5203760914761366,0.41329660231228915,1.573299351367143,-2.011958050681969
-0.40326230520206874,-0.15565357536456723,0.520482127907705,0.4133731096624697,1.5732048546767572,-2.011928825085408
-0.4031369465206893,-0.1557892776660005,0.5205882010943148,0.4134496419689523,1.5731102722845998,-2.0118996773013915
-0.40301158793737724,-0.15592505346047023,0.5206943110775735,0.41352619923025963,1.5730156041359833,-2.0118706073359163
-0.4028862294436868,-0.15606090280601032,0.5208004578974466,0.41360278144322765,1.5729208501794107,-2.011841615202358
-0.4027608710318269,-0.1561968257626386,0.5209066415952892,0.4136793886061125,1.5728260103606584,-2.011812700907456
-0.40263551859930935,-0.15633281941761187,0.5210128596405288,0.41375601876320367,1.5727310861328276,-2.0117838690116034
-0.402510165386599,-0.15646888424321825,0.5211191129013606,0.4138326727061809,1.572636078300806,-2.0117551115532972
-0.40238481217790856,-0.15660502290805095,0.5212254032038066,0.41390935162170084,1.572540984415461,-2.011726431946929
-0.4022594589658013,-0.1567412354707169,0.5213317305882039,0.4139860555071202,1.5724458044238958,-2.011697830200975
-0.40213410574245945,-0.1568775219887415,0.52143809509415,0.4140627843590311,1.5723505382746519,-2.01166930632716
-0.40200875250030865,-0.15701388252046372,0.5215444967618186,0.4141395381746114,1.5722551859151421,-2.0116408603343685
-0.4018833992318749,-0.1571503171245933,0.5216509356316545,0.4142163169513096,1.5721597472922486,-2.0116124922300664
-0.401758045929121,-0.1572868258582171,0.5217574117429851,0.41429312068542345,1.5720642223550316,-2.011584202026709
-0.40163269258445666,-0.15742340877984776,0.5218639251361421,0.4143699493742738,1.5719686110505868,-2.011555989731938
-0.4015073391899744,-0.15756006594710814,0.521970475850849,0.4144468030145526,1.5718729133271943,-2.0115278553560296
-0.40138198573791684,-0.15769679741814357,0.5220770639272061,0.4145236816033313,1.5717771291323948,-2.0114997989073493
-0.4012566322203721,-0.1578336032507118,0.5221836894050553,0.41460058513741016,1.5716812584142326,-2.0114718203952813
-0.40113127862949405,-0.15797048350284995,0.5222903523244451,0.41467751361379873,1.5715853011203391,-2.0114439198280714
-0.40100592495711584,-0.15810743823168233,0.5223970527248012,0.41475446702885865,1.5714892571995653,-2.0114160972166797
-0.4008805711954828,-0.15824446749566656,0.5225037906464887,0.4148314453799111,1.5713931265989192,-2.0113883525675407
-0.4007552173363429,-0.15838157135182035,0.5226105661288831,0.41490844866325627,1.5712969092673403,-2.011360685891488
-0.40062986337178597,-0.15851874985827502,0.5227173792121473,0.4149854768759971,1.5712006051522236,-2.011333097195536
-0.4005045092936488,-0.15865600307246694,0.5228242299359722,0.4150625300147459,1.571104214201886,-2.0113055864887066
-0.40037915509374944,-0.1587933310518484,0.5229311183400722,0.4151396080761351,1.5710077363645913,-2.0112781537797306
-0.40025380076383055,-0.1589307338537205,0.523038044464069,0.41521671105669605,1.5709111715887818,-2.0112507990775876
-0.40012844629592603,-0.15906821153633185,0.5231450083482554,0.41529383895364186,1.570814519821585,-2.01122352238798
-0.4000030916814179,-0.15920576415604118,0.5232520100316218,0.4153709917628482,1.5707177810126667,-2.0111963237224404
-0.3998777369122317,-0.15934339177091575,0.5233590495543594,0.4154481694814136,1.5706209551093444,-2.011169203086779
-0.39975238197995644,-0.15948109443808453,0.5234661269560192,0.4155253721057774,1.5705240420601811,-2.011142160489577
-0.39962702687616414,-0.15961887221469273,0.523573242276175,0.41560259963239704,1.57042704181369,-2.011115195939127
-0.39950167159244465,-0.15975672515802225,0.5236803955545097,0.41567985205783525,1.570329954318169,-2.0110883094430414
-0.3993763161203727,-0.1598946533253686,0.5237875868307262,0.4157571293786724,1.5702327795218702,-2.0110615010086486
-0.3992509604514609,-0.160032656773925,0.5238948161444701,0.4158344315914248,1.5701355173731533,-2.0110347706433602
-0.39912560457710367,-0.16017073556058942,0.5240020835351926,0.41591175869240393,1.5700381678207542,-2.0110081183553024
-0.3990002484888313,-0.16030888974275126,0.5241093890427004,0.415989110678282,1.5699407308127098,-2.010981544150773
-0.39887489217765015,-0.16044711937629053,0.5242167327057632,0.416066487544664,1.5698432062990746,-2.0109550480406724
-0.39874953563548843,-0.1605854245199365,0.524324114565142,0.4161438892891906,1.5697455942260121,-2.0109286300265126
-0.39862417885317925,-0.1607238052291929,0.5244315346593709,0.41622131590721645,1.569647894544027,-2.010902290119911
-0.3984988218220895,-0.16086226156124453,0.5245389930281628,0.4162987673952997,1.5695501072013198,-2.010876028326847
-0.3983734699823156,-0.16100079086562252,0.5246464873805898,0.4163762419713926,1.5694522335360523,-2.0108498488411786
-0.39824811713149266,-0.16113939341395947,0.5247540183835289,0.41645374028147514,1.5693542743938278,-2.0108237442746106
-0.3981227640074607,-0.1612780717480977,0.5248615877752116,0.41653126344775654,1.5692562274444315,-2.010797717835138
-0.39799741060118876,-0.16141682592429363,0.5249691955947582,0.4166088114661764,1.569158092637196,-2.01077176953069
-0.3978720569037737,-0.16155565599926813,0.525076841881623,0.41668638433301214,1.569059869920797,-2.0107458993674596
-0.39774670293327397,-0.1616945620159739,0.5251845266634856,0.41676398203549103,1.5689615592512354,-2.010720107373258
-0.3976213487321747,-0.16183354399133737,0.5252922499478077,0.4168416045463218,1.5688631606026127,-2.010694393580074
-0.39749599428480664,-0.16197260195605603,0.5254000117562345,0.41691925184992135,1.5687646739472645,-2.01066875796174
-0.3973706395826966,-0.16211173596490616,0.525507812126871,0.41699692394140964,1.5686660992357675,-2.0106432005264017
-0.397245284617858,-0.16225094607414778,0.5256156510988657,0.4170746208169738,1.5685674364166435,-2.010617721277136
-0.39711992938157614,-0.16239023233785416,0.5257235287098592,0.41715234247125876,1.5684686854413397,-2.0105923202237257
-0.39699457386588843,-0.16252959481237936,0.5258314449990895,0.41723008890054347,1.5683698462581699,-2.010566997368331
-0.39686921806220177,-0.16266903355219142,0.5259394000044946,0.41730786009978,1.5682709188179618,-2.0105417527188387
-0.3967438619621966,-0.1628085486125787,0.5260473937645955,0.4173856560645164,1.568171903070387,-2.0105165862801964
-0.39661850555724776,-0.16294814004792632,0.5261554263172972,0.41746347678967116,1.568072798966303,-2.0104914980599307
-0.3964931488393191,-0.16308780791439625,0.5262634977017515,0.41754132227143986,1.5679736064541123,-2.010466488059549
-0.39636779179944526,-0.16322755226534788,0.5263716079551737,0.4176191925040405,1.5678743254859728,-2.010441556289222
-0.3962424344295403,-0.16336737315680355,0.5264797571166426,0.417697087483597,1.56777495601039,-2.010416702750259
-0.39611707672083085,-0.16350727064270723,0.5265879452238034,0.4177750072047698,1.5676754979786425,-2.01039192745031
-0.39599171866491556,-0.16364724477812037,0.5266961723150909,0.41785295166302705,1.5675759513404495,-2.010367230393112
-0.39586636025315514,-0.1637872956173893,0.526804438428454,0.4179309208533456,1.5674763160464527,-2.010342611584361
-0.3957410014769547,-0.16392742321498222,0.5269127436019387,0.4180089147708008,1.567376592047085,-2.0103180710290336
-0.39561564232772906,-0.16406762762540433,0.5270210878736281,0.41808693341051073,1.5672767792926818,-2.0102936087316503
-0.39549028279683096,-0.1642079089029469,0.5271294712814689,0.41816497676745545,1.5671768777338226,-2.010269224697079
-0.39536492287560243,-0.16434826710186842,0.5272378938633966,0.41824304483660735,1.567076887321084,-2.0102449189299527
-0.39523956255544235,-0.16448870227658915,0.5273463556574709,0.41832113761306944,1.5669768080047761,-2.010220691434041
-0.3951142018274396,-0.16462921448056397,0.5274548567010924,0.4183992550912735,1.5668766397364686,-2.0101965422158647
-0.3949888406832116,-0.16476980376884456,0.5275633970327838,0.41847739726680155,1.566776382465522,-2.0101724712764786
-0.3948634791137149,-0.164910470194454,0.5276719766896694,0.41855556413381156,1.5666760361439915,-2.010148478623083
-0.3947381171103128,-0.1650512138116319,0.5277805957097303,0.418633755687341,1.5665756007222391,-2.0101245642586303
-0.39461275466426393,-0.16519203467426935,0.5278892541307179,0.4187119719221952,1.566475076151048,-2.0101007281868326
-0.3944873917668872,-0.1653329328364277,0.5279979519905138,0.41879021283331946,1.5663744623809177,-2.010076970410493
-0.3943620284090299,-0.16547390835069226,0.5281066893259843,0.418868478414626,1.5662737593642984,-2.010053290936781
-0.39423666458212736,-0.165614961271411,0.5282154661752338,0.4189467686612953,1.566172967051201,-2.0100296897668577
-0.3941112974052565,-0.16575609306244604,0.5283242837832485,0.41902508449338705,1.5660720846583611,-2.010006164699044
-0.39398593002977833,-0.16589730379188647,0.5284331419628918,0.419103425633149,1.56597111158887,-2.0099827195965756
-0.39386056205566966,-0.16603859220507597,0.528542039858273,0.4191817914860779,1.5658700489919508,-2.0099593527936266
-0.39373519347879693,-0.16617995835548613,0.5286509775065658,0.41926018204663823,1.5657688968172863,-2.009936064293553
-0.3936098248342974,-0.16632140202575724,0.5287599547141628,0.41933859713203153,1.5656676551591906,-2.009912854520282
-0.39348445601396165,-0.1664629230203422,0.5288689713505605,0.4194170366273274,1.5655663242007376,-2.0098897231246884
-0.39335908699065314,-0.16660452141239274,0.5289780274686782,0.4194955005380997,1.5654649038793336,-2.0098666701071686
-0.3932337177380987,-0.16674619727416734,0.5290871231207463,0.41957398886944763,1.565363394132925,-2.009843695467729
-0.3931083482308271,-0.1668879506771077,0.5291962583583656,0.4196525016260395,1.565261794899942,-2.009820799205952
-0.3929829784440706,-0.16702978169172664,0.5293054332324336,0.4197310388120214,1.5651601061194873,-2.009797981321547
-0.3928576083537543,-0.16717169038783916,0.5294146477933124,0.4198096004311773,1.5650583277310584,-2.0097752418137746
-0.3927322379363556,-0.16731367683427095,0.5295239020906262,0.4198881864867093,1.5649564596749839,-2.0097525806825547
-0.3926068671689098,-0.16745574109909378,0.5296331961734333,0.41996679698140216,1.5648545018921247,-2.0097299979278405
-0.3924814960290455,-0.16759788324986855,0.5297425300903957,0.42004543191778554,1.564752454323582,-2.009707493548988
-0.39235612449468604,-0.16774010335289805,0.5298519038892637,0.42012409129759937,1.5646503169117318,-2.0096850675472684
-0.39223075254468487,-0.16788240147530076,0.5299613176183211,0.42020277512325943,1.5645480895974437,-2.009662719919343
-0.39210538015762886,-0.16802477768148188,0.5300707713239352,0.42028148339534943,1.5644457723248755,-2.009640450668661
-0.3919800073131938,-0.16816723203739814,0.5301802650535221,0.42036021611563995,1.5643433650357281,-2.0096182597919143
-0.39185463399108045,-0.16830976460740607,0.5302897988533619,0.42043897328484875,1.5642408676735262,-2.009596147289212
-0.39172926017110665,-0.16845237545466485,0.5303993727688774,0.4205177549029249,1.5641382801830883,-2.009574113162865
-0.391603885834078,-0.16859506464387025,0.5305089868465378,0.42059656097097975,1.564035602506854,-2.0095521574087343
-0.39147851096046793,-0.16873783223732575,0.5306186411311318,0.4206753914885024,1.5639328345902,-2.0095302800288524
-0.3913531355314035,-0.16888067829802128,0.5307283356679062,0.4207542464555334,1.5638299763773036,-2.0095084810216592
-0.39122775952805977,-0.1690236028878845,0.5308380705013542,0.4208331258714286,1.5637270278135127,-2.0094867603876434
-0.3911023829321456,-0.16916660606930117,0.5309478456762733,0.42091202973592745,1.5636239888433074,-2.009465118124552
-0.3909770057252917,-0.16930968790334655,0.5310576612365372,0.42099095804790265,1.5635208594126984,-2.0094435542330866
-0.39085162788953554,-0.1694528484513072,0.5311675172261556,0.4210699108064338,1.563417639467179,-2.0094220687120927
-0.3907262493834356,-0.16959608778524207,0.5312774136984193,0.421148888017676,1.5633143289469291,-2.009400661543423
-0.3906008700861303,-0.1697394060292472,0.5313873507489832,0.42122788971954167,1.5632109277599637,-2.009379332658582
-0.390475490004901,-0.16988280329198788,0.5314973284533784,0.4213069159313764,1.563107435806366,-2.0093580821287906
-0.39035010912982493,-0.17002627962391614,0.5316073468473903,0.4213859666461098,1.563003853039959,-2.0093369099570593
-0.3902247274514856,-0.17016983507690897,0.5317174059678063,0.4214650418577021,1.5629001794125787,-2.009315816141398
-0.3900993449601131,-0.17031346970165856,0.5318275058506017,0.42154414155930087,1.5627964148775857,-2.009294800683126
-0.38997396284611874,-0.1704571829664365,0.531937646035769,0.4216232653624964,1.5626925596957355,-2.009273864503234
-0.38984857969254705,-0.1706009749273911,0.5320478266643829,0.4217024133873814,1.5625886140463199,-2.009253005904562
-0.3897231956684628,-0.17074484624362696,0.5321580481877755,0.4217815858995661,1.5624845773265703,-2.0092322256568456
-0.38959781076374256,-0.17088879696642847,0.5322683106424095,0.42186078289260914,1.562380449489128,-2.0092115237595474
-0.38947242496811363,-0.1710328271465144,0.5323786140643654,0.4219400043596895,1.5622762304873352,-2.009190900213496
-0.38934703827161066,-0.17117693683545057,0.5324889584903241,0.4220192502946103,1.5621719202733213,-2.0091703550163573
-0.38922165069242354,-0.17132112607017547,0.532599343944669,0.4220985206815731,1.5620675188076039,-2.0091498881898904
-0.38909626225544613,-0.17146539486778106,0.5327097704373636,0.4221778154947273,1.5619630260669217,-2.0091294997472415
-0.3889708729382697,-0.17160974326366657,0.5328202379946672,0.4222571347214682,1.5618584420191939,-2.0091091896540676
-0.38884548272455,-0.17175417131369006,0.5329307466567732,0.42233647835771587,1.5617537666146253,-2.009088957912493
-0.38872009159861953,-0.17189867907537976,0.5330412964650404,0.42241584640060226,1.5616489998010528,-2.009068804518657
-0.3885946995448375,-0.17204326660598385,0.5331518874606354,0.4224952388470938,1.5615441415265758,-2.009048729468934
-0.38846930654709944,-0.17218793396100868,0.5332625196835186,0.42257465569295855,1.5614391917415293,-2.0090287327646155
-0.38834391259012335,-0.17233268119813017,0.5333731931751644,0.4226540969355251,1.5613341503932194,-2.009008814399467
-0.3882185176579238,-0.17247750837259426,0.533483907975363,0.4227335625704381,1.561229017432119,-2.0089889743743865
-0.38809312173495414,-0.17262241554069582,0.533594664124639,0.4228130525941097,1.5611237928071888,-2.008969212686345
-0.38796772480590036,-0.17276740275916969,0.5337054616638295,0.4228925670032929,1.5610184764666972,-2.008949529330329
-0.38784232735510926,-0.17291246984171776,0.5338163004276573,0.42297210563561044,1.5609130684894938,-2.0089299246896415
-0.38771692930667,-0.17305761658569402,0.533927180279034,0.42305166837059954,1.5608075690587095,-2.008910398454069
-0.38759153063410245,-0.17320284304350114,0.5340381012567128,0.42313125520388256,1.5607019781286613,-2.008890950604538
-0.38746613131466034,-0.17334814927890585,0.5341490634071842,0.4232108661362157,1.5605962956430306,-2.0088715811350255
-0.3873407256110344,-0.17349353810704796,0.534260069112156,0.4232905029686773,1.5604905200806627,-2.0088522856641298
-0.387215320059731,-0.17363900973340293,0.5343711180559636,0.4233701651916034,1.5603846502070444,-2.0088330721963237
-0.38708991379226454,-0.1737845613328453,0.5344822083139074,0.42344985151632264,1.560278688604332,-2.0088139371019436
-0.3869645067870229,-0.17393019296817253,0.5345933399317524,0.4235295619431476,1.5601726352165366,-2.0087948803730633
-0.3868390990220396,-0.17407590470009926,0.5347045129538066,0.4236092964709756,1.5600664899902514,-2.008775902007231
-0.3867136904758013,-0.17422169658975642,0.534815727424657,0.4236890550990568,1.5599602528712868,-2.00875700199952
-0.38658828112719146,-0.17436756869856582,0.5349269833890848,0.4237688378269008,1.5598539238048477,-2.008738180342966
-0.3864628709550342,-0.17451352108687465,0.5350382808911167,0.4238486446533107,1.5597475027373815,-2.0087194370329517
-0.3863374599383249,-0.17465955381470127,0.5351496199745431,0.4239284755769125,1.559640989615575,-2.0087007720648407
-0.38621204805631315,-0.17480566694200708,0.53526100068311,0.4240083305963411,1.5595343843859948,-2.0086821854331536
-0.3860866352884784,-0.17495186052867745,0.5353724230605037,0.42408820971022954,1.5594276869951211,-2.0086636771316404
-0.3859612216142878,-0.1750981346337927,0.5354838871498473,0.42416811291669004,1.5593208973903323,-2.0086452471556373
-0.38583580701351394,-0.1752444893166267,0.535595392994394,0.4242480402140204,1.5592140155185645,-2.008626895498898
-0.38571039146595343,-0.17539092463582565,0.5357069406369575,0.42432799160012297,1.559107041327422,-2.008608622156232
-0.38558497495167643,-0.17553744065019627,0.5358185301204597,0.42440796707305883,1.5589999747641232,-2.0085904271210215
-0.3854595574505897,-0.17568403741738478,0.5359301614870147,0.4244879666301157,1.5588928157772783,-2.0085723103894377
-0.38533413894324475,-0.17583071499638164,0.5360418347796689,0.4245679902695749,1.5587855643135262,-2.0085542719524914
-0.3852087194096576,-0.17597747344393308,0.5361535500399071,0.424648037988178,1.5586782203223661,-2.008536311807469
-0.3850832930606529,-0.1761243155800912,0.5362653096471321,0.42472811158865303,1.558570782268235,-2.0085184255274764
-0.38495786651189867,-0.1762712416824959,0.5363771133395971,0.42480821058939017,1.5584632488601584,-2.008500621246674
-0.3848324388766855,-0.17641824883397703,0.5364889591302806,0.42488833366406087,1.5583556227610385,-2.0084828952449176
-0.38470701013597,-0.1765653370919546,0.5366008470611368,0.4249684808100431,1.5582479039188677,-2.008465247514085
-0.3845815802707211,-0.17671250651338521,0.5367127771737978,0.4250486520244281,1.5581400922821202,-2.008447678046738
-0.3844561492615117,-0.1768597571535175,0.5368247495087131,0.4251288473031425,1.5580321878014254,-2.008430186840098
-0.38433071708989,-0.17700708907012086,0.5369367641080842,0.4252090666439294,1.5579241904238865,-2.008412773882605
-0.3842052835032206,-0.17715450242948647,0.5370488211062705,0.4252893101153013,1.557816100040374,-2.008395438992529
-0.384079848497743,-0.1773019974188774,0.5371609206352939,0.4253695777741616,1.5577079164838485,-2.008378182298063
-0.3839544120646661,-0.17744957410224782,0.5372730627409752,0.4254498696199731,1.5575996396947782,-2.008361003809163
-0.38382897419040063,-0.1775972325276721,0.5373852474583032,0.4255301856446943,1.5574912696288727,-2.0083439035236053
-0.38370353486210806,-0.17774497274585496,0.5374974748241148,0.42561052584214526,1.557382806238306,-2.00832688143069
-0.383578094066122,-0.17789279480529904,0.5376097448737349,0.4256908902046036,1.557274249478212,-2.0083099375265907
-0.3834526517887795,-0.17804069875481415,0.5377220576427226,0.4257712787245716,1.557165599303304,-2.0082930718063676
-0.3833272080167536,-0.17818868464454587,0.5378344131675834,0.425851691395504,1.557056855666496,-2.008276284260682
-0.3832017627363147,-0.17833675252368114,0.5379468114841759,0.42593212821018944,1.5569480185219797,-2.008259574883085
-0.3830763159333639,-0.1784849024405485,0.5380592526277805,0.4260125891608226,1.5568390878250908,-2.0082429436696843
-0.3829508675944062,-0.17863313444559775,0.5381717366351706,0.42609307424110615,1.5567300635282983,-2.008226390609659
-0.382825417705134,-0.1787814485870315,0.5382842635415761,0.4261735834431699,1.5566209455870772,-2.008209915699143
-0.38269996625165703,-0.1789298449145699,0.5383968333832985,0.4262541167602259,1.5565117339548475,-2.008193518929248
-0.3825745132198275,-0.17907832347738437,0.538509446196278,0.42633467418511267,1.5564024285857465,-2.008177200292619
-0.3824490585953946,-0.1792268843245435,0.5386221020163993,0.4264152557106111,1.5562930294340285,-2.008160959782007
-0.3823236023639076,-0.17937552750473412,0.5387348008793,0.4264958613292462,1.5561835364544392,-2.0081447973911555
-0.3821981445112055,-0.17952425306771705,0.5388475428213813,0.4265764910343138,1.5560739496002596,-2.008128713110161
-0.3820726850227478,-0.1796730610623093,0.5389603278784061,0.42665714481846034,1.555964268826011,-2.0081127069318763
-0.38194722388372604,-0.179821951536682,0.5390731560857052,0.4267378226738935,1.555854494087056,-2.00809677885096
-0.38182176108000654,-0.17997092454127303,0.5391860274802021,0.4268185245944312,1.5557446253356892,-2.0080809288546204
-0.3816962965731996,-0.18011998013492816,0.5392989421063104,0.4268992505792537,1.5556346625217243,-2.0080651569203742
-0.38157083033324213,-0.18026911838831824,0.5394119000162052,0.4269800006327426,1.5555246055827712,-2.0080494630395123
-0.3814453623473355,-0.1804183393612729,0.5395249012533132,0.42706077475269033,1.5554144544631698,-2.0080338472142127
-0.3813198925994943,-0.18056764310275802,0.5396379458536482,0.42714157293175203,1.555304209117674,-2.008018309438651
-0.38119442107424195,-0.18071702966327466,0.5397510338543057,0.42722239516368793,1.5551938694989145,-2.0080028497017
-0.38106894775577693,-0.18086649909232555,0.5398641652917,0.4273032414415822,1.555083435560796,-2.0079874679949716
-0.38094347262831185,-0.18101605143943447,0.5399773402022736,0.4273841117585565,1.5549729072571365,-2.007972164309585
-0.38081799567588437,-0.18116568675358,0.5400905586221019,0.42746500610737403,1.5548622845424223,-2.0079569386379617
-0.3806925168830233,-0.18131540508524052,0.5402038205883188,0.4275459244818804,1.5547515673690604,-2.007941790967332
-0.38056703623360555,-0.18146520648289058,0.5403171261366768,0.42762686687453433,1.5546407556920898,-2.007926721290863
-0.38044155371161814,-0.18161509099532566,0.5404304753031659,0.4277078332780442,1.5545298494660558,-2.00791172960028
-0.38031606930154904,-0.18176505867289194,0.5405438681248675,0.4277888236862372,1.5544188486433606,-2.0078968158819586
-0.38019059187212534,-0.1819151053692649,0.5406573011115332,0.427869835359293,1.554307755470849,-2.0078819869255806
-0.38006511106036456,-0.18206523058031665,0.5407707745966508,0.4279508689330968,1.5541965719520594,-2.007867229944615
-0.3799396282421581,-0.1822154391772331,0.5408842919035342,0.4280319265324013,1.5540852936488079,-2.0078525508923546
-0.3798141434025055,-0.18236573120839686,0.5409978530678701,0.42811300814987036,1.553973920515291,-2.0078379497570693
-0.3796886565261346,-0.1825161067214333,0.5411114581248326,0.42819411377765926,1.5538624525066689,-2.0078234265290478
-0.3795631675974329,-0.18266656576298837,0.5412251071089298,0.4282752434072554,1.5537508895793697,-2.0078089812013173
-0.3794376766015368,-0.18281710838208107,0.5413388000563368,0.4283563970318403,1.5536392316865844,-2.0077946137590006
-0.37931218352280816,-0.18296773462541838,0.5414525370016356,0.4284375746429916,1.5535274787845539,-2.0077803241941727
-0.3791866883457935,-0.1831184445403396,0.5415663179798642,0.42851877623275497,1.5534156308286222,-2.00776611249653
-0.379061191055154,-0.18326923817462107,0.5416801430263787,0.42860000179350727,1.5533036877734963,-2.0077519786540017
-0.37893569163540164,-0.18342011557562996,0.5417940121762672,0.42868125131736107,1.5531916495743785,-2.007737922655434
-0.3788101843327807,-0.18357107948798937,0.5419079277277823,0.4287625265513989,1.553079514706262,-2.007723940104272
-0.3786846758660696,-0.18372213034245316,0.5420218895442881,0.42884382708163116,1.5529672817819138,-2.0077100393037246
-0.37855916530561995,-0.18387326501115053,0.5421358954968192,0.42892515149881827,1.5528549536473644,-2.00769621632882
-0.3784336526348451,-0.18402448354213433,0.5422499456210961,0.42900649979552913,1.5527425302573272,-2.0076824711674974
-0.3783081378369655,-0.18417578598287462,0.5423640399524476,0.42908787196394976,1.552630011567233,-2.007668803809105
-0.3781826208953545,-0.18432717238130952,0.5424781785265431,0.42916926799662036,1.5525173975318232,-2.007655214241077
-0.37805710179332763,-0.18447864278521692,0.5425923613789538,0.429250687885995,1.5524046881059927,-2.0076417024509223
-0.37793158051399445,-0.1846301972417343,0.5427065885448203,0.42933213162410605,1.5522918832454282,-2.0076282684277356
-0.3778060570407966,-0.18478183579904583,0.5428208600600251,0.4294135992037463,1.552178982904355,-2.007614912156871
-0.37768053135666335,-0.18493355850376783,0.5429351759593755,0.4294950906166341,1.552065987039033,-2.00760163362821
-0.37755500344476456,-0.18508536540325846,0.5430495362782073,0.4295766058550354,1.5519528956046695,-2.007588432828851
-0.3774294839635255,-0.18523725154529477,0.5431639368650494,0.42965814166197336,1.5518397113146716,-2.0075753179048172
-0.3773039604518216,-0.18538921613032908,0.5432783779658612,0.429739698713138,1.5517264367027448,-2.0075622733911236
-0.3771784345906717,-0.18554126512660757,0.5433928636509673,0.4298212796096174,1.5516130663364542,-2.007549306549286
-0.3770529063637049,-0.18569339857981856,0.5435073939545236,0.4299028843427162,1.5514996001724641,-2.00753641736762
-0.3769273757547573,-0.18584561653634435,0.5436219689111845,0.4299845129042514,1.5513860381664553,-2.0075236058318464
-0.3768018427474624,-0.1859979190420274,0.5437365885552445,0.4300661652856874,1.5512723802747754,-2.007510871928993
-0.3766763073254662,-0.18615030614280664,0.543851252921081,0.43014784147858054,1.5511586264535921,-2.007498215645391
-0.3765507694721606,-0.18630277788391403,0.5439659620425954,0.43022954147401726,1.5510447766599624,-2.0074856369692027
-0.37642522917121113,-0.18645533431148248,0.5440807159543322,0.43031126526374075,1.5509308308496852,-2.007473135885347
-0.37629968640618916,-0.18660797547144273,0.5441955146907105,0.4303930128393813,1.5508167889787725,-2.007460712378972
-0.3761741411602344,-0.1867607014084449,0.5443103582852746,0.4304747841916911,1.5507026510049,-2.007448366438885
-0.37604859341694574,-0.1869135121686309,0.5444252467726229,0.4305565793124996,1.5505884168836879,-2.0074360980487644
-0.3759230431594318,-0.18706640779670178,0.5445401801863672,0.4306383981926495,1.5504740865726305,-2.0074239071964413
-0.3757974903711645,-0.18721938833854695,0.5446551585609616,0.43072024082384347,1.5503596600275786,-2.0074117938655878
-0.3756719350352764,-0.1873724538390719,0.544770181930192,0.4308021071971205,1.5502451372056418,-2.007399758042576
-0.37554637713492056,-0.1875256043433235,0.5448852503279584,0.430883997303645,1.5501305180636868,-2.007387799712928
-0.37542081665329796,-0.18767883989655354,0.5450003637883196,0.4309659111347515,1.550015802558249,-2.007375918861105
-0.37529525357327387,-0.18783216054305982,0.5451155223446866,0.4310478486811318,1.5499009906470842,-2.0073641154741795
-0.37516968787813276,-0.1879855663284967,0.5452307260314302,0.4311298099344569,1.5497860822860785,-2.0073523895345198
-0.37504411955072214,-0.18813905729722824,0.54534597488204,0.4312117948855182,1.5496710774327864,-2.0073407410281656
-0.374918548573838,-0.1882926334935418,0.5454612689299674,0.4312938035250808,1.5495559760448097,-2.007329169940984
-0.37479297493067953,-0.18844629496303625,0.545576608209593,0.4313758358448581,1.549440778077939,-2.007317676254283
-0.3746673986037594,-0.18860004174924883,0.5456919927538786,0.431457891835142,1.5493254834906647,-2.007306259955472
-0.3745418195758834,-0.18875387389670018,0.5458074225964868,0.4315399714869431,1.5492100922401064,-2.007294921028438
-0.3744162378299958,-0.18890779145040842,0.5459228977714425,0.4316220747916488,1.5490946042826597,-2.007283659455076
-0.3742906533486323,-0.18906179445418878,0.5460384183119493,0.43170420173982926,1.5489790195762727,-2.007272475220665
-0.3741650661142355,-0.18921588295164185,0.5461539842510779,0.43178635232193135,1.548863338079123,-2.007261368310745
-0.37403947610979493,-0.18937005698813003,0.5462695956231414,0.43186852652966656,1.5487475597469746,-2.0072503387048695
-0.37391388331736053,-0.18952431660616958,0.5463852524604871,0.4319507243527772,1.5486316845393384,-2.007239386391157
-0.3737882877198082,-0.18967866185091128,0.5465009547973141,0.4320329457828817,1.5485157124121463,-2.0072285113489876
-0.3736626892993655,-0.18983309276555901,0.546616702666481,0.43211519081026084,1.5483996433238734,-2.0072177135634646
-0.3735370880383204,-0.18998760939357603,0.546732496101044,0.432197459425405,1.5482834772325909,-2.0072069930184484
-0.37341148391908163,-0.19014221177887253,0.5468483351343862,0.43227975161914794,1.5481672140957123,-2.00719634969596
-0.373285876924184,-0.19029689996580387,0.5469642198002176,0.4323620673826627,1.5480508538699997,-2.0071857835761917
-0.3731602670352743,-0.19045167399605073,0.5470801501304019,0.4324444067052738,1.5479343965157302,-2.007175294647354
-0.3730346542351457,-0.19060653391492277,0.5471961261593448,0.43252676957888275,1.5478178419882718,-2.007164882885765
-0.3729090385053535,-0.1907614797639428,0.5473121479188336,0.43260915599276106,1.5477011902479931,-2.007154548279273
-0.3727834198284601,-0.19091651158784295,0.5474282154429049,0.4326915659384619,1.5475844412509159,-2.0071442908051633
-0.3726577981861965,-0.19107162942882452,0.5475443287638508,0.43277399940579014,1.547467594956384,-2.0071341104482796
-0.37253217356045987,-0.19122683332969317,0.5476604879143994,0.4328564563850063,1.5473506513228725,-2.0071240071911185
-0.37240655423800817,-0.19138211949965353,0.5477766897391902,0.4329389343867373,1.5472336124628439,-2.0071139873553943
-0.37228093066080525,-0.1915374869945057,0.5478929341689329,0.4330214337605183,1.5471164805422462,-2.0071040388747505
-0.3721553041418115,-0.19169294055129987,0.5480092244340404,0.433103956552599,1.5469992512562194,-2.0070941674364673
-0.37202967466350234,-0.19184848021084652,0.5481255605658937,0.4331865027522296,1.5468819245649925,-2.007084373023462
-0.37190404220876605,-0.1920041060152562,0.548241942596793,0.4332690723496075,1.5467645004269897,-2.007074655614057
-0.371778406759943,-0.1921598180049485,0.5483583705578803,0.4333516653337761,1.5466469788028212,-2.007065015191412
-0.37165276829974836,-0.1923156162215161,0.5484748444811267,0.43343428169463616,1.5465293596514635,-2.0070554517344887
-0.3715271268105127,-0.19247150070537677,0.5485913643977043,0.43351692142129783,1.5464116429333878,-2.007045965225455
-0.3714014822748499,-0.1926274714978184,0.5487079303394062,0.4335995845035162,1.5462938286078345,-2.007036555643231
-0.3712758346751066,-0.19278352863932327,0.54882454233748,0.43368227093051465,1.5461759166350477,-2.007027222968774
-0.37115018399378563,-0.1929396721708577,0.5489412004235263,0.4337649806918918,1.5460579069745533,-2.007017967181007
-0.37102453021295645,-0.1930959021320482,0.5490579046282309,0.4338477137763399,1.5459397995875932,-2.007008788262572
-0.37089887331520455,-0.1932522185641207,0.5491746549834069,0.43393047017370856,1.5458215944332026,-2.006999686190552
-0.3707732132826944,-0.19340862150700935,0.5492914515199852,0.43401324987297596,1.5457032914720685,-2.0069906609455948
-0.37064755009773265,-0.1935651110010844,0.5494082942692164,0.4340960528634628,1.5455848906642187,-2.006981712506448
-0.3705218837422972,-0.19372168708569157,0.5495251832616539,0.4341788791338045,1.5454663919709801,-2.0069728408545835
-0.3703962141987791,-0.19387834980145896,0.5496421185287597,0.43426172867357304,1.5453477953518904,-2.006964045966901
-0.37027054144924954,-0.19403509918802858,0.5497591001013251,0.4343446014716842,1.5452291007677297,-2.006955327822886
-0.37014486547582415,-0.19419193528515805,0.5498761280102393,0.43442749751716997,1.54511030817905,-2.0069466864011414
-0.3700191862604658,-0.19434885813214342,0.5499932022860845,0.434510416798777,1.544991417546942,-2.006938121681186
-0.3698935037852129,-0.1945058677684948,0.5501103229596094,0.4345933593054367,1.5448724288321358,-2.0069296336413416
-0.36976781803211,-0.1946629642337387,0.5502274900615891,0.4346763250261296,1.5447533419952642,-2.006921222259341
-0.369642128983104,-0.1948201475670857,0.5503447036225959,0.4347593139496502,1.544634156997304,-2.006912887513381
-0.3695164366199615,-0.19497741780717534,0.5504619636728203,0.43484232606443135,1.5445148737999166,-2.0069046293829143
-0.36939074092479807,-0.1951347749937192,0.5505792702432148,0.4349253613596938,1.5443954923632581,-2.00689644784348
-0.36926504187923115,-0.19529221916486333,0.5506966233636588,0.43500841982359956,1.54427601264949,-2.006888342874999
-0.3691393394652529,-0.19544975035990206,0.550814023064846,0.4350915014451509,1.5441564346191705,-2.006880314453236
-0.36901363366448336,-0.19560736861695108,0.5509314693766671,0.43517460621256304,1.544036758234346,-2.0068723625571168
-0.3688879244587424,-0.1957650739747399,0.5510489623294552,0.4352577341145212,1.5439169834561666,-2.0068644871630767
-0.36876221182973445,-0.19592286647160098,0.5511665019532836,0.43534088513946884,1.5437971102462318,-2.0068566882482513
-0.3686364957592847,-0.19608074614622314,0.5512840882784897,0.43542405927613803,1.5436771385655865,-2.006848965788097
-0.36851077622863393,-0.1962387130354572,0.5514017213341473,0.43550725651201194,1.5435570683776438,-2.006841319763292
-0.36838505321979653,-0.196396767178526,0.5515194011509972,0.43559047683627516,1.543436899642576,-2.006833750146488
-0.36825932671428774,-0.19655490861307715,0.5516371277587004,0.43567372023704715,1.5433166323225718,-2.0068262569147266
-0.3681335966933803,-0.19671313737595525,0.5517549011863747,0.43575698670192503,1.543196266380807,-2.0068188400470044
-0.36800786313888434,-0.1968714535056627,0.5518727214643078,0.43584027621970717,1.5430758017781674,-2.006811499516531
-0.36788212603216586,-0.19702985703927237,0.5519905886218088,0.43592358877823023,1.5429552384773586,-2.0068042353004367
-0.3677563853548298,-0.1971883480145637,0.5521085026886938,0.43600692436586563,1.5428345764400644,-2.0067970473730505
-0.36763064108799703,-0.1973469264677674,0.5522264636937178,0.4360902829699418,1.542713815629942,-2.006789935712986
-0.36750489321336044,-0.19750559243685606,0.5523444716668635,0.43617366457904727,1.5425929560082485,-2.0067829002927966
-0.3673791417122132,-0.1976643459585084,0.5524625266372298,0.43625706918090545,1.542471997537877,-2.006775941088512
-0.3672533891880114,-0.1978231858760985,0.5525806276488625,0.4363404959958976,1.5423509408657112,-2.0067690600772914
-0.36712762891336315,-0.19798211351180267,0.5526987760188369,0.4364239461643753,1.542229785740017,-2.006762250564545
-0.36700186626868714,-0.19814113067063457,0.5528169726940935,0.4365074200324414,1.5421085298610975,-2.0067555203482113
-0.36687610047683883,-0.19830023480328152,0.5529352159450593,0.4365909164652619,1.5419871755403285,-2.006748866255616
-0.3667503314944014,-0.19845942597674493,0.5530535058236703,0.4366744354667961,1.5418657227177497,-2.0067422882606203
-0.36662455927919524,-0.19861870425724715,0.5531718423812626,0.436757977040721,1.5417441713335753,-2.0067357863348096
-0.366498783789762,-0.19877806970891204,0.5532902256676588,0.4368415411894919,1.5416225213300059,-2.006729360451916
-0.3663730049857179,-0.19893752239513393,0.5534086557321258,0.4369251279152876,1.5415007726494487,-2.006723010583757
-0.3662472165809749,-0.19909706521149448,0.553527134958747,0.43700873903939297,1.541378923605387,-2.0067167319375128
-0.3661214258292951,-0.19925669914829663,0.5536456636205478,0.43709237437818504,1.5412569723618894,-2.006710533760463
-0.3659956316440338,-0.1994164205110397,0.5537642392077617,0.43717603229905216,1.541134922265657,-2.006704411523214
-0.3658698339879205,-0.19957622935888866,0.5538828617665543,0.43725971280202985,1.5410127732620684,-2.006698365196203
-0.36574403282406287,-0.19973612574919541,0.5540015313417972,0.43734341588606734,1.5408905252983298,-2.006692394752329
-0.3656182281163174,-0.19989610973883132,0.5541202479779981,0.437427141549951,1.5407681783217355,-2.0066865001629326
-0.365492419828799,-0.2000561813828025,0.5542390117183407,0.437510889791325,1.5406457322815383,-2.006680681402298
-0.3653666079267648,-0.20021634073718636,0.5543578226067309,0.43759466060874447,1.5405231871250635,-2.006674938438547
-0.3652407923753813,-0.20037658785539694,0.5544766806851984,0.4376784539990513,1.5404005428027,-2.006669271245499
-0.36511497314056207,-0.20053692279094346,0.5545955859958189,0.437762269959299,1.5402777992642585,-2.006663679794134
-0.36498915018875167,-0.20069734559688038,0.5547145385803347,0.4378461084863633,1.5401549564597192,-2.0066581640544174
-0.3648633234863663,-0.20085785632415296,0.5548335384790033,0.4379299695757769,1.5400320143414483,-2.006652724000599
-0.3647374930009013,-0.20101845502519983,0.5549525857331084,0.43801385322424796,1.539908972859431,-2.006647359600002
-0.3646116586995909,-0.2011791417498362,0.5550716803820934,0.438097759426773,1.5397858319667577,-2.006642070826029
-0.3644858205504864,-0.20133991654872346,0.5551908224659807,0.4381816881790585,1.5396625916150313,-2.0066368576473637
-0.3643599785214917,-0.2015007794704578,0.5553100120233443,0.43826563947548547,1.5395392517582431,-2.0066317200371704
-0.3642341325813607,-0.2016617305647501,0.5554292490935271,0.4383496133113235,1.53941581234857,-2.006626657963208
-0.3641082826986386,-0.20182276987920553,0.555548533714397,0.43843360968047806,1.5392922733406615,-2.0066216713979905
-0.3639824288426752,-0.20198389746256853,0.5556678659246106,0.4385176285777564,1.5391686346873426,-2.006616760308674
-0.36385657098236024,-0.2021451133608263,0.5557872457608986,0.4386016699961393,1.539044896344796,-2.006611924669339
-0.36373070908762806,-0.20230641762199503,0.5559066732614013,0.43868573393012333,1.5389210582662256,-2.0066071644460424
-0.36360484312810115,-0.2024678102919163,0.5560261484627416,0.4387698203727817,1.5387971204074389,-2.0066024796100423
-0.3634789730737378,-0.20262929141636604,0.5561456714014947,0.43885392931723327,1.5386730827240613,-2.006597870131249
-0.3633530988948124,-0.20279086104103355,0.5562652421141747,0.4389380607566276,1.5385489451715728,-2.0065933359783266
-0.3632272205617859,-0.2029525192111621,0.5563848606369843,0.4390222146838888,1.5384247077057918,-2.006588877119871
-0.3631013380451309,-0.20311426597107662,0.5565045270054867,0.4391063910913866,1.538300370283512,-2.0065844935259345
-0.36297545124600283,-0.2032761013961365,0.556624241280737,0.43919058999140353,1.538175932843372,-2.0065801851128424
-0.3628495600465751,-0.20343802561925797,0.556744003564924,0.4392748114242766,1.5380513952759365,-2.0065759518209667
-0.36272366444542037,-0.20360003874046673,0.5568638139308013,0.43935905540520265,1.5379267574861195,-2.006571793704756
-0.3625977644226852,-0.2037621407928886,0.5569836724056207,0.4394433219209509,1.5378020194384483,-2.006567710729972
-0.3624718613317679,-0.2039243311917076,0.5571035785102278,0.4395276105633939,1.5376771814592054,-2.006563703913781
-0.36234595351264787,-0.20408660974765125,0.5572235322083103,0.43961192135265226,1.5375522439172629,-2.006559771142759
-0.36222004118539,-0.20424897736204206,0.5573435341182635,0.43969625465156764,1.5374272059917007,-2.006555913415627
-0.36209412432918775,-0.20441143406626436,0.5574635842662019,0.43978061044578104,1.5373020676492217,-2.0065521307024787
-0.36196820292346565,-0.20457397989229656,0.55758368267867,0.4398649887213979,1.5371768288556387,-2.006548422970849
-0.36184227696827165,-0.2047366148629477,0.5577038293747114,0.43994938945872625,1.5370514895819873,-2.006544790203092
-0.3617163465325586,-0.2048993389543649,0.5578240243371031,0.4400338126108993,1.536926049831553,-2.0065412324251133
-0.36159041157108174,-0.2050621521444608,0.5579442675562045,0.44011825814166794,1.5368005096199597,-2.0065377495259282
-0.3614644720557898,-0.20522505447301828,0.5580645590644782,0.4402027260411853,1.5366748689074017,-2.0065343414742776
-0.3613385279591208,-0.20538804598086197,0.5581848988951197,0.44028721630039575,1.5365491276525298,-2.0065310082346293
-0.3612125792530634,-0.2055511267069188,0.5583052870800111,0.44037172890897974,1.5364232858163436,-2.0065277497763927
-0.3610866259101746,-0.20571429669146585,0.5584257236519852,0.44045626385762604,1.5362973433578915,-2.0065245660637685
-0.3609606679027273,-0.20587755597344803,0.5585462086429533,0.44054082113615245,1.5361713002378308,-2.006521457064167
-0.36083470520329364,-0.20604090459234495,0.5586667420852116,0.4406254007348125,1.5360451564159552,-2.006518422742381
-0.3607087377842042,-0.20620434258648956,0.5587873240102659,0.44071000264311766,1.5359189118534256,-2.006515463065859
-0.3605827656181786,-0.20636786999506385,0.5589079544502229,0.4407946268512319,1.5357925665101317,-2.006512577998483
-0.3604567886775385,-0.2065314868556564,0.5590286334360903,0.4408792733482643,1.5356661203479267,-2.006509767508221
-0.3603308069351199,-0.20669519320712273,0.5591493609997702,0.4409639421242674,1.5355395733268429,-2.006507031558192
-0.36020482036346646,-0.20685898908709674,0.5592701371723223,0.4410486331684972,1.5354129254083897,-2.0065043701144645
-0.36007882893524723,-0.20702287453329907,0.5593909619848798,0.4411333464703256,1.5352861765538253,-2.0065017831419834
-0.35995283262310274,-0.20718684958306877,0.5595118354683202,0.4412180820189145,1.5351593267247767,-2.0064992706060365
-0.3598268313999169,-0.20735091427424995,0.5596327576538858,0.441302839803835,1.5350323758820663,-2.0064968324694985
-0.35970082523811975,-0.20751506864299837,0.559753728571653,0.4413876198135304,1.5349053239886261,-2.0064944686997097
-0.3595748141108501,-0.2076793127274528,0.559874748253093,0.44147242203788567,1.53477817100463,-2.006492179256993
-0.3594487980298702,-0.20784364654520204,0.5599958167132717,0.44155724645358013,1.5346509169044493,-2.0064899641402936
-0.3593227776216059,-0.20800806981507589,0.5601169337265928,0.4416420928526052,1.5345235618450892,-2.0064878237842008
-0.35919675273399765,-0.20817258215943893,0.5602380990422733,0.4417269610461431,1.534396106164527,-2.0064857576503226
-0.35907072333154133,-0.20833718362344744,0.5603593126973312,0.44181185102774406,1.534268549818847,-2.006483765703097
-0.3589446829413152,-0.20850187711429272,0.5604805770627694,0.4418967646103013,1.5341408910681518,-2.006481842991944
-0.35881863908454825,-0.2086666639064624,0.5606018926259124,0.44198170173240253,1.534013127866451,-2.0064799992242395
-0.3586925906060898,-0.208831539963164,0.5607232566449767,0.44206666062648964,1.533885263856601,-2.0064782295351047
-0.358566537471642,-0.20899650532898367,0.5608446691565789,0.44215164128608603,1.5337572989943666,-2.006476533884568
-0.35844047964648595,-0.20916156004617126,0.5609661301957063,0.44223664370317256,1.5336292332383508,-2.006474912238477
-0.35831441709681755,-0.20932670415888083,0.561087639798675,0.4423216678711506,1.5335010665443864,-2.006473364555279
-0.35818834978857694,-0.20949193770952365,0.561209198000588,0.4424067137822912,1.533372798870369,-2.0064718907974393
-0.35806227768783927,-0.2096572607400137,0.5613308048362027,0.4424917814286042,1.5332444301746093,-2.0064704909275743
-0.35793620076126675,-0.20982267329323398,0.5614524603409552,0.44257687080286195,1.533115960413905,-2.0064691649039004
-0.3578101189750438,-0.2099881754097089,0.5615741645486394,0.4426619818962736,1.532987389547939,-2.006467912690644
-0.35768403229613455,-0.2101537671315838,0.5616959174941829,0.44274711470126255,1.5328587175340265,-2.006466734245641
-0.35755794069112135,-0.2103194484990069,0.5618177192111244,0.44283226920894,1.532729944331901,-2.006465629531653
-0.357431844127035,-0.2104852195527601,0.5619395697334488,0.44291744541093997,1.5326010699002397,-2.0064645985081775
-0.3573057425709827,-0.21065108033310564,0.5620614690947829,0.4430026432986136,1.532472094198191,-2.006463641135061
-0.35717962950482374,-0.21081703374648889,0.5621834196602518,0.44308786467995204,1.532343015476032,-2.006462752429078
-0.3570535125172434,-0.21098308113941858,0.5623054219713932,0.44317310952558653,1.5322138316334488,-2.0064619422021597
-0.35692739043710286,-0.21114921838687525,0.5624274732263705,0.44325837603246,1.5320845463900554,-2.006461205513202
-0.35680126323202543,-0.2113154455279903,0.5625495734580443,0.4433436641914369,1.5319551597056758,-2.006460542320719
-0.35667513086967606,-0.2114817626013787,0.5626717226989209,0.44342897399309605,1.5318256715406193,-2.0064599525836586
-0.3565489928762027,-0.2116481698399566,0.5627939211394748,0.4435143055510775,1.5316960817392227,-2.00645943592487
-0.3564228493028878,-0.211814667564432,0.5629161690038018,0.44359965897671516,1.531566390006113,-2.0064589926427896
-0.35629670012659265,-0.2119812558042215,0.5630384663174415,0.4436850342553274,1.5314365963085024,-2.0064586227023393
-0.356170545323784,-0.2121479345875717,0.5631608131051904,0.44377043137225874,1.531306700613853,-2.0064583260587354
-0.35604438486994994,-0.21231470394010432,0.563283209390038,0.443855850311043,1.5311767028930734,-2.006458102675173
-0.35591821874123575,-0.21248156388998116,0.563405655196767,0.44394129105701285,1.5310466031136978,-2.0064579525067034
-0.35579204691300603,-0.21264851446333338,0.5635281505487659,0.4440267535941053,1.5309164012459198,-2.0064578755144704
-0.3556658693609469,-0.2128155556877216,0.5636506954704432,0.4441122379072825,1.530786097258017,-2.0064578716549075
-0.3555396860603226,-0.2129826875897867,0.5637732899855865,0.444197743980891,1.5306556911194509,-2.006457940887033
-0.3554134969863547,-0.21314991019641485,0.5638959341181766,0.44428327179947513,1.5305251827993291,-2.0064580831688192
-0.3552873021142595,-0.21331722353485363,0.5640186278924673,0.4443688213478621,1.530394572266242,-2.006458298456799
-0.3551611014188927,-0.21348462763156736,0.5641413713321874,0.4444543926103595,1.53026385948978,-2.0064585867096345
-0.35503489487495976,-0.21365212251288918,0.5642641644609954,0.444539985571214,1.5301330444396652,-2.0064589478860624
-0.35490868245766016,-0.21381970820703858,0.5643870073038864,0.4446256002160208,1.530002127083086,-2.0064593819385914
-0.35478246414098535,-0.21398738473874818,0.564509899883443,0.4447112365279702,1.529871107391791,-2.0064598888302454
-0.35465623990003614,-0.21415515213655784,0.5646328422249252,0.444796894492947,1.5297399853324516,-2.006460468511802
-0.35453000970886617,-0.2143230104259888,0.5647558343515069,0.44488257409475795,1.529608760875678,-2.006461120943072
-0.35440378010109264,-0.21449095675576285,0.5648788739560702,0.4449682735025535,1.5294774357270633,-2.0064618510836425
-0.3542775433283083,-0.21465898972818215,0.565001960465983,0.4450539926699813,1.5293460119999154,-2.0064626488485398
-0.35415130053022725,-0.21482711366134002,0.5651250968265191,0.4451397334247282,1.5292144857938288,-2.006463519225142
-0.35402505168085074,-0.21499532858165282,0.5652482830615566,0.4452254957513725,1.5290828570780133,-2.0064644621688092
-0.3538987967539402,-0.21516363451502335,0.5653715191946356,0.4453112796341691,1.5289511258222994,-2.0064654776360693
-0.3537725357235306,-0.2153320314884569,0.5654948052500843,0.44539708505818126,1.5288192919950012,-2.0064665655795713
-0.3536462685631294,-0.21550051952751162,0.5656181412512422,0.44548291200749673,1.5286873555662823,-2.0064677259560213
-0.35351999524622,-0.21566909865790135,0.5657415272215749,0.4455687604663521,1.5285553165060353,-2.0064689587211775
-0.35339371574646616,-0.21583776890611114,0.5658649631851065,0.445654630419559,1.528423174783074,-2.006470263827931
-0.35326743003700756,-0.21600653029718328,0.5659884491648737,0.44574052185096175,1.5282909303680476,-2.006471641233187
-0.3531411380915426,-0.21617538285811455,0.5661119851852958,0.4458264347458087,1.528158583228959,-2.0064730908872788
-0.35301483988280413,-0.21634432661305072,0.5662355712688221,0.4459123690873962,1.5280261333375058,-2.0064746127489297
-0.3528885353842597,-0.21651336158863882,0.5663592074396653,0.44599832486080865,1.5278935806620146,-2.006476206768572
-0.3527622245687052,-0.2166824878095852,0.5664828937207047,0.4460843020498159,1.5277609251732995,-2.0064778729021757
-0.3526359074092831,-0.21685170530185696,0.5666066301357162,0.4461703006391081,1.5276281668404432,-2.0064796111012764
-0.35250958387876885,-0.21702101409044033,0.5667304167078111,0.44625632061273396,1.5274953056337461,-2.0064814213199402
-0.35238325394990966,-0.21719041420038188,0.566854253460161,0.44634236195482474,1.527362341523355,-2.0064833035115224
-0.3522569175952537,-0.21735990565626062,0.5669781404156307,0.4464284246492272,1.5272292744799587,-2.0064852576303056
-0.3521305747878305,-0.21752948848433282,0.5671020775982731,0.44651450868100456,1.5270961044719569,-2.006487283624811
-0.3520042254996989,-0.2176991627079268,0.5672260650301171,0.4466006140332159,1.5269628314715316,-2.00648938145213
-0.35187786970358204,-0.21786892835261862,0.5673501027347785,0.44668674069053393,1.5268294554478261,-2.0064915510618184
-0.3517515073718176,-0.21803878544289923,0.5674741907351339,0.4467728886369191,1.5266959763713315,-2.006493792406244
-0.35162513845119747,-0.21820873401435245,0.5675983290630271,0.44685905786333574,1.5265623942056947,-2.0064961054177965
-0.3514987628824855,-0.2183787741238983,0.5677225177654048,0.44694524837076066,1.5264287088966797,-2.00649849004095
-0.3513723806432747,-0.21854890582006714,0.5678467568815917,0.4470314601535145,1.5262949203931746,-2.0065009462552217
-0.3512459917051407,-0.21871912912888708,0.5679710464356262,0.44711769319655986,1.5261610286638774,-2.006503474009572
-0.3511195960391227,-0.21888944407467584,0.5680953864503688,0.4472039474837193,1.526027033679631,-2.006506073257566
-0.35099319361669856,-0.21905985068311556,0.5682197769496495,0.4472902229998206,1.5258929354093755,-2.00650874394782
-0.35086678440872276,-0.21923034897788402,0.5683442179559157,0.44737651972834425,1.5257587338245842,-2.0065114860344715
-0.3507403683867647,-0.21940093898490584,0.5684687094931993,0.44746283765439454,1.5256244288936651,-2.006514299463962
-0.3506139455216708,-0.21957162072779082,0.568593251583934,0.4475491767615114,1.5254900205879658,-2.0065171841892178
-0.35048751578463033,-0.219742394231236,0.5687178442513277,0.4476355370340478,1.525355508877299,-2.0065201401590764
-0.35036107914647996,-0.2199132595187746,0.5688424875177946,0.4477219184555973,1.5252208937329002,-2.006523167325283
-0.35023463557858125,-0.2200842166156153,0.5689671814069335,0.44780832101097695,1.5250861751236953,-2.006526265633667
-0.3501081850514076,-0.22025526554411815,0.5690919259403722,0.44789474468306795,1.524951353022251,-2.0065294350381957
-0.34998173104085595,-0.22042640481080467,0.5692167199199014,0.4479811885066418,1.5248164283308985,-2.00653267815783
-0.3498552692555723,-0.22059763364266327,0.5693415630208567,0.44806765243651947,1.5246814021873822,-2.006535989427708
-0.34972880032477516,-0.2207689545083064,0.5694664569301002,0.4481541375020373,1.5245462723614485,-2.0065393716399824
-0.3496023242204451,-0.22094036743070908,0.5695914016696846,0.44824064368687777,1.524411038823776,-2.006542824740562
-0.3494758409138363,-0.22111187243060243,0.5697163972601134,0.44832717097320707,1.524275701547898,-2.006546348681663
-0.3493493503767606,-0.22128346953054756,0.5698414437231849,0.4484137193445221,1.5241402605048444,-2.0065499434091545
-0.34922285236387296,-0.22145515884638892,0.5699665411557364,0.4485002888426048,1.5240047156083913,-2.0065536087043268
-0.3490963472423374,-0.22162694039139755,0.5700916895542671,0.44858687941597203,1.5238690667950088,-2.006557344962075
-0.34896983491780365,-0.22179881394681383,0.5702168887764536,0.44867349094531894,1.52373331425278,-2.006561151844431
-0.34884331536038715,-0.22197077953452893,0.5703421388437784,0.4487601234137151,1.5235974579539373,-2.0065650293002752
-0.3487167885403224,-0.22214283717679248,0.5704674397779907,0.4488467768045329,1.5234614978701388,-2.006568977276663
-0.34859025442781455,-0.22231498689574763,0.5705927916007831,0.44893345110112653,1.5233254339730677,-2.0065729957202434
-0.3484637129930759,-0.2224872287135604,0.5707181943338808,0.44902014628692066,1.5231892662342739,-2.006577084576884
-0.34833716420592076,-0.222659562651114,0.5708436479981291,0.44910686234449926,1.5230529946268827,-2.006581243795702
-0.34821060803683146,-0.2228319887314087,0.5709691526158698,0.4491935992579799,1.5229166191211287,-2.006585473318524
-0.34808404445541985,-0.22300450697467888,0.5710947082075299,0.44928035700960367,1.5227801396907727,-2.006589773095033
-0.34795747343185823,-0.22317711740292878,0.5712203147947892,0.44936713558290264,1.5226435563071423,-2.006594143068698
-0.3478308949358375,-0.22334982003662493,0.5713459723982706,0.44945393496039077,1.5225068689434753,-2.0065985831870305
-0.34770431384259304,-0.22352261278680233,0.5714716793471939,0.44954075381114306,1.5223700788806718,-2.0066030971333015
-0.347577724244049,-0.2236954944534545,0.5715974350914026,0.4496275920176904,1.522233187789001,-2.0066076771715537
-0.3474511270222367,-0.22386846846737832,0.5717232419732134,0.4497144510186913,1.5220961925733782,-2.00661232718411
-0.34732452214691456,-0.22404153484689943,0.5718491000117809,0.449801330795475,1.5219590932090505,-2.0066170471203497
-0.34719790958853913,-0.2242146936125932,0.5719750092278486,0.4498882313309965,1.5218218896682036,-2.006621836921978
-0.34707128931718856,-0.22438794478388013,0.5721009696413708,0.4499751526074594,1.5216845819244373,-2.0066266965335746
-0.34694466130281487,-0.22456128837980288,0.5722269812720557,0.4500620946068568,1.5215471699517435,-2.0066316259001913
-0.34681802551554597,-0.22473472441999842,0.5723530441400442,0.4501490573116536,1.5214096537232273,-2.0066366249643286
-0.34669138192519533,-0.22490825292313474,0.5724791582648183,0.45023604070368967,1.5212720332131655,-2.0066416936707907
-0.3465647305017798,-0.2250818739085735,0.5726053236663633,0.45032304476534785,1.521134308394814,-2.0066468319615205
-0.3464380712141404,-0.22525558739491403,0.5727315403641824,0.4504100694785034,1.520996479242573,-2.0066520397805823
-0.346311403989497,-0.2254293934202167,0.572857808393213,0.45049711483712873,1.520858545717826,-2.006657317037205
-0.34618472880568696,-0.22560329203208565,0.5729841277926679,0.45058418083542795,1.5207205077685801,-2.006662663709487
-0.3460580456326756,-0.22577728324859214,0.5731104985816786,0.4506712674551451,1.520582365369171,-2.0066680797395438
-0.34593135444026935,-0.22595136708735578,0.5732369207790793,0.4507583746777657,1.5204441184944208,-2.0066735650701886
-0.34580465519828607,-0.22612554356608403,0.5733633944037826,0.4508455024848903,1.520305767118935,-2.006679119643263
-0.3456779478766592,-0.22629981270290864,0.5734899194750169,0.45093265085847173,1.5201673112166574,-2.0066847433985933
-0.34555123244468255,-0.22647417451396748,0.5736164960106338,0.45101981977912403,1.5200287507640475,-2.00669043628148
-0.3454245088723278,-0.2266486290176174,0.573743124030055,0.4511070092290676,1.5198900857345465,-2.0066961982296445
-0.345297783936644,-0.2268231733206124,0.5738698012271888,0.45119421738659565,1.5197513179281097,-2.0067020343792623
-0.34517104954526623,-0.22699780560948457,0.5739965267184353,0.4512814440183893,1.5196124497563408,-2.0067079340273533
-0.34504430692439314,-0.2271725306303947,0.5741233037420328,0.4513686911199544,1.5194734769450509,-2.0067139025587335
-0.34491755604343055,-0.22734734840008403,0.5742501323163445,0.4514559586726106,1.5193343994693838,-2.0067199399132836
-0.3447907968716084,-0.2275222589347766,0.5743770124593914,0.451543246657372,1.5191952173050576,-2.0067260460317753
-0.3446640293780998,-0.22769726225057874,0.57450394418913,0.4516305550552283,1.5190559304278357,-2.0067322208546257
-0.3445372535322573,-0.22787235836420486,0.574630927523959,0.45171788384764844,1.5189165388125832,-2.0067384643196644
-0.3444104693030212,-0.22804754729111928,0.574757962481423,0.4518052330152845,1.5187770424356954,-2.0067447763678694
-0.3442836766595141,-0.22822282904741276,0.574885049079521,0.4518926025392846,1.5186374412726402,-2.00675115693756
-0.34415687557049424,-0.22839820364806562,0.575012187335495,0.4519799924000759,1.5184977353002371,-2.0067576059697787
-0.3440300660051516,-0.22857367110948293,0.5751393772675994,0.4520674025791375,1.5183579244933307,-2.0067641234004405
-0.3439032479320936,-0.2287492314462671,0.5752666188928488,0.4521548330567474,1.5182180088290207,-2.0067707091703104
-0.34377642132034136,-0.2289248846743927,0.5753939122292335,0.4522422838141985,1.5180779882825008,-2.006777363215191
-0.3436495861382882,-0.22910063080787288,0.5755212572933908,0.45232975483147003,1.517937862831432,-2.006784085476226
-0.34352274235478664,-0.2292764698622411,0.5756486541030388,0.4524172460896614,1.5177976324513713,-2.0067908758891315
-0.34339588993836045,-0.22945240185203322,0.5757761026752175,0.4525047575692327,1.5176572971190754,-2.0067977343919794
-0.34326902885754684,-0.22962842679187373,0.5759036030270455,0.4525922892507618,1.5175168568110808,-2.0068046609218464
-0.34314215908069645,-0.22980454469584505,0.5760311551752808,0.4526798411145076,1.5173763115045225,-2.006811655416747
-0.3430152805762976,-0.22998075557852202,0.5761587591370443,0.45276741314112995,1.5172356611757822,-2.0068187178124464
-0.3428883933127498,-0.23015705945423437,0.5762864149293028,0.45285500531117556,1.5170949058014551,-2.0068258480447323
-0.34276149725790717,-0.23033345633563063,0.5764141225678656,0.4529426176040743,1.5169540453602297,-2.006833046053857
-0.34263459238049165,-0.2305099462381748,0.5765418820705301,0.4530302500012806,1.5168130798269972,-2.0068403117706377
-0.3425076786481265,-0.23068652917387472,0.5766696934526938,0.45311790248189493,1.5166720091810655,-2.0068476451358284
-0.3423807560292689,-0.2308632051574473,0.576797556731667,0.4532055750269665,1.516530833398085,-2.006855046081079
-0.3422538244916886,-0.23103997420146052,0.5769254719232748,0.4532932676161024,1.5163895524564126,-2.0068625145439394
-0.3421268840032212,-0.23121683631875103,0.5770534390435489,0.4533809802291572,1.5162481663339402,-2.006870050460384
-0.34199993453194466,-0.23139379152296646,0.5771814581091057,0.45346871284660967,1.5161066750073893,-2.0068776537631416
-0.3418729760454564,-0.23157083982627402,0.577309529135545,0.45355646544796335,1.515965078455308,-2.006885324388771
-0.34174600851168524,-0.23174798124195076,0.577437652139261,0.45364423801355724,1.5158233766546807,-2.006893062269655
-0.3416190388080018,-0.23192521285951442,0.577565824814757,0.45373202872751256,1.515681571445831,-2.006900872614561
-0.3414920588840715,-0.23210253261441877,0.577694046086789,0.4538198372292982,1.5155396654122215,-2.0069087446049347
-0.3413650699393198,-0.23227994531198418,0.5778223192361698,0.45390766553612966,1.5153976542342393,-2.006916683615785
-0.3412380719474015,-0.23245745098231055,0.5779506442907585,0.4539955136351448,1.5152555378740862,-2.0069246896057704
-0.3411110648768654,-0.23263504963595272,0.5780790212651428,0.4540833815055001,1.5151133163110004,-2.0069327625065525
-0.34098404869597765,-0.2328127412825372,0.5782074501732759,0.45417126912576705,1.514970989525316,-2.0069409022518423
-0.34085702337305435,-0.23299052593185396,0.5783359310292466,0.4542591764746969,1.5148285574970317,-2.0069491087740348
-0.34072998887642214,-0.23316840359370244,0.5784644638471668,0.45434710353111113,1.514686020206013,-2.006957382004678
-0.3406029451741581,-0.23334637427708543,0.5785930486406083,0.4544350502733409,1.5145433776330468,-2.006965721876957
-0.34047589223453656,-0.2335244379916247,0.5787216854235959,0.45452301668021566,1.5144006297579853,-2.0069741283213243
-0.34034883002569405,-0.23370259474648022,0.5788503742098483,0.45461100273030713,1.5142577765611642,-2.006982601268832
-0.3402217585154004,-0.2338808445496289,0.5789791150122741,0.45469900840142563,1.5141148180243447,-2.006991140653358
-0.3400946776720115,-0.23405918741091244,0.5791079078451058,0.45478703367275175,1.513971754126724,-2.006999746402196
-0.3399675874630823,-0.23423762333758605,0.579236752720784,0.45487507852172404,1.5138285848507584,-2.007008418449785
-0.33984048785691456,-0.23441615233928198,0.5793656496534298,0.4549631429275084,1.513685310175675,-2.0070171567224038
-0.33971337882083397,-0.23459477442248852,0.5794945986549824,0.4550512268671418,1.5135419300846829,-2.0070259611551795
-0.33958626032301176,-0.23477348959637925,0.5796235997392796,0.4551393303196024,1.5133984445573587,-2.0070348316741318
-0.3394591323311005,-0.23495229786845973,0.5797526529190091,0.4552274532627726,1.513254853575331,-2.007043768209571
-0.339331994812472,-0.23513119924529496,0.5798817582062168,0.45531559567394225,1.5131111571213378,-2.00705277069387
-0.33920484773520876,-0.2353101937357189,0.5800109156145576,0.4554037575320555,1.51296735517502,-2.007061839051556
-0.3390776910664597,-0.23548928134554134,0.5801401251555858,0.45549193881401057,1.512823447719849,-2.0070709732156327
-0.3389505317585968,-0.23566845915073478,0.5802693845236324,0.4555801377087646,1.5126794366266372,-2.0070801784448107
-0.3388233614773988,-0.23584772503461707,0.5803986926077518,0.45566835384340226,1.5125353245199915,-2.0070894435923217
-0.3386961815100715,-0.23602708404790063,0.5805280528552363,0.45575658933242436,1.5123911068610632,-2.0070987743232154
-0.3385689918236885,-0.23620653619603071,0.5806574652774574,0.45584484415275317,1.5122467836332902,-2.0071081705681832
-0.3384417923860097,-0.23638608148661797,0.5807869298873207,0.45593311828289407,1.5121023548171482,-2.00711763225038
-0.33831458316397267,-0.23656571992460426,0.5809164466958807,0.45602141169955446,1.5119578203964774,-2.0071271593003215
-0.3381873641248294,-0.23674545151591073,0.5810460157148962,0.4561097243801973,1.5118131803537043,-2.0071367516446337
-0.3380601352358479,-0.23692527626647286,0.5811756369561543,0.45619805630236515,1.5116684346711065,-2.0071464092090276
-0.3379328964638564,-0.2371051941807725,0.5813053104304415,0.4562864074426524,1.511523583332735,-2.007156131922825
-0.3378056477762801,-0.23728520526518493,0.5814350361498888,0.4563747777790492,1.5113786263200326,-2.0071659197086316
-0.3376783891398052,-0.2374653095236583,0.5815648141249459,0.4564631672879178,1.5112335636174836,-2.0071757724956543
-0.33755112052153,-0.2376455069614389,0.5816946443669884,0.45655157594659973,1.5110883952077439,-2.007185690208215
-0.3374238418882909,-0.23782579758287586,0.5818245268867832,0.45664000373187924,1.5109431210745092,-2.0071956727725175
-0.33729655320705554,-0.23800618139270438,0.5819544616953849,0.4567284506208818,1.5107977412008395,-2.007205720112688
-0.3371692544444267,-0.23818665839444048,0.5820844488030121,0.4568169165899515,1.5106522555712547,-2.0072158321557154
-0.33704194556732503,-0.2383672285925768,0.5822144882205853,0.45690540161618803,1.510506664168863,-2.0072260088246834
-0.33691462654240834,-0.23854789199070933,0.5823445799584162,0.45699390567613407,1.5103609669778122,-2.0072362500445466
-0.33678729733628643,-0.23872864859223233,0.5824747240266919,0.45708242874626526,1.510215163982377,-2.007246555739972
-0.33665995791565884,-0.23890949840077752,0.5826049204357842,0.4571709708032942,1.510069255166391,-2.0072569258340014
-0.33653260824690445,-0.23909044141888616,0.5827351691953195,0.4572595318232443,1.509923240514971,-2.0072673602521167
-0.3364052482966038,-0.23927147764970064,0.5828654703153633,0.45734811178263207,1.5097771200123173,-2.0072778589170492
-0.33627787803145726,-0.23945260709668648,0.5829958238062249,0.4574367106582728,1.5096308936420704,-2.007288421749618
-0.3361504974175329,-0.23963382976121783,0.5831262296767676,0.4575253284255939,1.5094845613904624,-2.0072990486761584
-0.33602310642131883,-0.23981514564596398,0.5832566879367789,0.45761396506100044,1.509338123241901,-2.00730973961811
-0.3358957050092144,-0.23999655475323417,0.5833871985958121,0.45770262054072064,1.5091915791811232,-2.0073204944970904
-0.3357682931474635,-0.24017805708478265,0.5835177616630511,0.4577912948406693,1.5090449291934527,-2.0073313132355004
-0.33564087080216787,-0.24035965264183048,0.5836483771473229,0.4578799879364618,1.5088981732647704,-2.0073421957564523
-0.3355134379397082,-0.24054134142644143,0.5837790450580631,0.4579686998043787,1.5087513113797182,-2.007353141979533
-0.33538599560896554,-0.2407231229897681,0.5839097650502265,0.4580574301480239,1.5086043438188494,-2.0073641526537087
-0.3352585424384973,-0.2409049970017976,0.5840405369566064,0.45814617888889236,1.5084572709774777,-2.0073752259357014
-0.335131075705446,-0.24108696550473566,0.584171362302899,0.4582349470846705,1.5083100913023157,-2.007386360464275
-0.33500359954395265,-0.24126902914720885,0.5843022413813066,0.45832373471063637,1.5081628038407462,-2.007397561350763
-0.33487611320189714,-0.2414511852727234,0.5844331723917002,0.4584125406227782,1.5080154109590185,-2.007408825476094
-0.3347486166240481,-0.2416334339098779,0.5845641553628984,0.458501364810371,1.507867912621324,-2.0074201527658
-0.33462110975659876,-0.24181577508836785,0.5846951903244815,0.45859020726374417,1.5077203087897395,-2.007431543137783
-0.33449359207218965,-0.2419982090308072,0.5848262774577926,0.45867906808954667,1.5075725993009563,-2.0074429961543094
-0.3343660634639898,-0.24218073617544617,0.5849574170767815,0.45876794746096733,1.507424783765431,-2.0074545120200957
-0.3342385244056185,-0.24236335644905144,0.5850886091192584,0.458856845286777,1.5072768621884745,-2.007466091159115
-0.33411097514560595,-0.24254606934224238,0.5852198532304373,0.45894576129956555,1.5071288349756626,-2.0074777333774185
-0.33398341554902444,-0.2427288745872504,0.5853511492375016,0.4590346953643095,1.5069807023556756,-2.0074894382559596
-0.33385584555899595,-0.24291177221423274,0.5854824971705375,0.45912364747146817,1.5068324642907913,-2.007501205715666
-0.33372826511944265,-0.2430947622525411,0.5856138970590616,0.45921261761121546,1.5066841207436756,-2.0075130356758155
-0.3336006741747273,-0.2432778447297297,0.58574534893132,0.4593016057727342,1.5065356716787026,-2.0075249280572307
-0.3334730726701558,-0.24346101967333045,0.5858768528155402,0.45939061194544833,1.506387117059666,-2.007536882776998
-0.333345460551433,-0.24364428710925268,0.5860084087388056,0.45947963611789644,1.506238456851884,-2.007548899753502
-0.3332178306173832,-0.24382765001300424,0.5861400190397903,0.4595686800515702,1.5060896890696676,-2.0075609734443023
-0.33309019133514894,-0.24401111080276797,0.5862716850723126,0.45965774421302497,1.505940810850252,-2.007573115237944
-0.33296254127575686,-0.24419466416653132,0.5864034032267715,0.4597468263391687,1.5057918269322974,-2.0075853190505986
-0.33283488038719256,-0.24437831012722652,0.5865351735281554,0.45983592641736143,1.5056427372828582,-2.0075975847963803
-0.3327072086172205,-0.24456204870479056,0.5866669959993505,0.4599250444330795,1.5054935418723991,-2.007609912395509
-0.33257952591462114,-0.2447458799202384,0.5867988706640019,0.4600141803727573,1.505344240669503,-2.0076223017619217
-0.33245183222806585,-0.24492980379214008,0.5869307975440399,0.46010333422131605,1.5051948336454803,-2.0076347528141736
-0.33232412750698614,-0.24511382033951756,0.5870627766617142,0.4601925059641856,1.5050453207706063,-2.0076472654666375
-0.3321964117008118,-0.24529792957947288,0.5871948080379312,0.46028169558563986,1.5048957020172231,-2.0076598396368612
-0.3320686847596601,-0.2454821315295017,0.5873268916938763,0.4603709030704104,1.5047459773567422,-2.007672475238556
-0.3319409466335701,-0.24566642620509,0.5874590276493294,0.460460128401999,1.504596146762785,-2.0076851721890385
-0.33181319727341485,-0.2458508136227468,0.5875912159247934,0.46054937156479686,1.504446210207244,-2.0076979304000018
-0.3316854366297406,-0.2460352937963163,0.587723456538906,0.46063863254149906,1.504296167665096,-2.0077107497888904
-0.3315576646536629,-0.24621986673994845,0.587855749510525,0.46072791131517826,1.504146019110547,-2.007723630269858
-0.33142988129687545,-0.24640453246817975,0.5879880948587866,0.46081720786933883,1.5039957645169337,-2.0077365717535782
-0.33130208651045834,-0.24658929099216098,0.5881204926004573,0.4609065221852728,1.5038454038616453,-2.0077495741588676
-0.33117428024678297,-0.24677414232585143,0.5882529427542817,0.46099585424639167,1.5036949371180668,-2.007762637393748
-0.3310464624574614,-0.24695908647946516,0.5883854453363837,0.4610852040336345,1.5035443642641217,-2.0077757613755947
-0.3309186330950613,-0.2471441234650556,0.5885180003641857,0.461174571529377,1.5033936852750085,-2.0077889460140597
-0.330790792111749,-0.24732925329218208,0.588650607853368,0.46126395671439274,1.5032429001288474,-2.0078021912244033
-0.3306629394604972,-0.24751447597185813,0.588783267820641,0.46135335957061346,1.5030920088015522,-2.007815496915446
-0.33053507509386204,-0.24769979151265084,0.5889159802810058,0.4614427800783979,1.5029410112719124,-2.007828863001553
-0.3304071989649682,-0.24788519992390662,0.5890487452500208,0.46153221821878754,1.502789907517398,-2.00784228939279
-0.3302793110267572,-0.24807070121335745,0.5891815627421204,0.4616216739718268,1.5026386975172832,-2.007855776002301
-0.33015141123265046,-0.2482562953893123,0.5893144327721536,0.46171114731809515,1.502487381249806,-2.007869322739635
-0.330023499536118,-0.24844198245929264,0.5894473553544275,0.4618006382377502,1.5023359586939404,-2.007882929514953
-0.32989557589070806,-0.2486277624301714,0.5895803305028038,0.46189014671062334,1.5021844298292257,-2.007896596238635
-0.32976764001936765,-0.24881363540189638,0.5897133583037797,0.46197967277192914,1.5020327945730922,-2.0079103226466124
-0.3296396919311313,-0.2489996015530263,0.5898464388877891,0.4620692164732256,1.5018810527501092,-2.0079241088492257
-0.3295117315895171,-0.24918566087569263,0.5899795722581065,0.4621587777868641,1.5017292043520252,-2.0079379547602865
-0.329383753261558,-0.24937181568919983,0.5901127602304712,0.46224835806889036,1.5015772478021592,-2.007951855926699
-0.32925576368418596,-0.24955806802005479,0.5902460039686392,0.46233795774394576,1.5014251807660008,-2.0079658214497473
-0.3291277617168715,-0.24974441354009574,0.5903793005317022,0.46242757496751563,1.501273007092572,-2.0079798464118683
-0.3289997473229995,-0.2499308522415944,0.5905126499231348,0.4625172097127132,1.5011207267723632,-2.0079939307171006
-0.32887172055241987,-0.2501173840792901,0.5906460521173789,0.46260686193024975,1.5009683398223104,-2.008008074341222
-0.3287436814350535,-0.25030400894323346,0.5907795070449715,0.46269653154417145,1.5008158463170247,-2.008022277180202
-0.32861562990708393,-0.25049072676416867,0.5909130146679284,0.4627862185023877,1.500663246303045,-2.008036539059511
-0.32848756592279216,-0.25067753754339017,0.591046574996325,0.4628759227821026,1.5005105397643839,-2.008050859889017
-0.32835948943722393,-0.2508644412841128,0.5911801880415977,0.46296564436197524,1.5003577266823285,-2.008065239571246
-0.3282314004046203,-0.25105143798638113,0.5913138538129694,0.463055383218551,1.500204807042056,-2.0080796780169754
-0.3281032987800625,-0.25123852765242954,0.5914475723212154,0.46314513933001394,1.5000517808256775,-2.0080941751288686
-0.3279751918162095,-0.2514257073129419,0.5915813412682982,0.4632349109159107,1.4998986500313913,-2.0081087364016272
-0.32784707074660346,-0.25161297432363133,0.5917151591455059,0.4633246973537254,1.4997454176414997,-2.008123349898644
-0.3277189369524658,-0.2518003342875682,0.5918490297809988,0.4634145009745507,1.4995920786402586,-2.0081380217739317
-0.3275907903885287,-0.25198778720388687,0.5919829531834262,0.4635043217548186,1.4994386330129357,-2.008152751934083
-0.32746263100995066,-0.2521753330726786,0.5921169293621247,0.46359415967173373,1.4992850807433404,-2.008167540281418
-0.3273344587714231,-0.2523629718920751,0.5922509583250668,0.46368401470122794,1.4991314218176188,-2.008182386722911
-0.3272062736282493,-0.25255070366180093,0.5923850400813597,0.4637738868204477,1.4989776562196424,-2.008197291159356
-0.32707807553524937,-0.2527385283796136,0.5925191746387415,0.4638637760052612,1.4988237839356293,-2.008212253496244
-0.3269498644473803,-0.2529264460433302,0.5926533620050065,0.46395368223167566,1.4986698049515168,-2.008227273637592
-0.32682164031965755,-0.2531144566505956,0.5927876021878427,0.46404360547567336,1.498515719253268,-2.008242351486668
-0.3266934031074191,-0.253302560199755,0.5929218951954445,0.4641335457138264,1.4983615268257322,-2.00825748694332
-0.32656515276531195,-0.2534907566865616,0.5930562410341986,0.46422350292098324,1.4982072276569303,-2.008272679914065
-0.3264368892487459,-0.2536790461089302,0.5931906397120268,0.46431347707360443,1.4980528217318774,-2.008287930297563
-0.32630861251235466,-0.25386742846193744,0.5933250912348695,0.4644034681462545,1.4978983090390803,-2.0083032379999093
-0.32618032251171236,-0.25405590374341225,0.5934595956106175,0.46449347611552044,1.4977436895632814,-2.008318602917566
-0.3260520192014038,-0.2542444719476807,0.5935941528447131,0.46458350095562845,1.4975889632935755,-2.008334024956473
-0.3259237025367856,-0.254433133071303,0.5937287629441845,0.46467354264246213,1.4974341302159708,-2.008349504014542
-0.325795372472764,-0.2546218871091082,0.5938634259148583,0.46476360115078413,1.4972791903185318,-2.008365039993771
-0.32566702896426314,-0.2548107340557251,0.5939981417624345,0.4648536764553073,1.4971241435893978,-2.0083806327955815
-0.32553867196659425,-0.2549996739067981,0.5941329104933428,0.46494376853154806,1.4969689900152034,-2.008396282317113
-0.32541030143451977,-0.255188706655954,0.5942677321126097,0.46503387735369883,1.4968137295850161,-2.0084119884604883
-0.3252819173229966,-0.255377832297224,0.5944026066255605,0.4651240028963242,1.4966583622871987,-2.0084277511254376
-0.32515352024786637,-0.2555670505583843,0.5945375338315679,0.46521414497797847,1.4965028882926605,-2.0084435707154955
-0.3250251103024979,-0.2557563608087003,0.594672513300246,0.46530430329334205,1.496347308124931,-2.008459446764797
-0.32489668737834876,-0.25594576283512216,0.5948075448963532,0.46539447773132975,1.496191621958013,-2.008475378930335
-0.32476824403040006,-0.2561352596214474,0.5949426309359713,0.46548467001708077,1.4960358277209667,-2.0084913614479025
-0.3246397890508206,-0.25632485397261745,0.5950777730688444,0.4655748808070231,1.4958799222912103,-2.0085074062809993
-0.32451132092990953,-0.2565145401226343,0.5952129673737945,0.4656651076620281,1.4957239107915143,-2.008523506928841
-0.3243828396145698,-0.2567043180733579,0.5953482138620725,0.4657553505608749,1.4955677932042484,-2.008539663291205
-0.3242543450521005,-0.2568941878269716,0.5954835125451678,0.4658456094827054,1.4954115695110637,-2.0085558752650123
-0.32412583718993027,-0.2570841493851139,0.5956188634341952,0.46593588440641387,1.4952552396940262,-2.0085721427469982
-0.32399731597568593,-0.2572742027491438,0.5957542665400846,0.46602617531083274,1.4950988037352695,-2.0085884656329167
-0.3238687813569072,-0.2574643479192216,0.5958897218729322,0.4661164821740868,1.494942261618193,-2.0086048438203674
-0.3237402332815087,-0.2576545848958479,0.5960252294430837,0.4662068049746683,1.4947856133254764,-2.0086212772041327
-0.3236116716972317,-0.2578449136780903,0.5961607892598886,0.466297143690196,1.4946288588413685,-2.0086377656815873
-0.323483096552339,-0.2580353342658806,0.5962964013333145,0.466387498299023,1.4944719981487236,-2.008654309145727
-0.3233545003616012,-0.2582258496415017,0.5964320679734905,0.46647787051788864,1.4943150291641767,-2.0086709017965476
-0.32322589197338925,-0.2584164626739023,0.5965677908792948,0.4665682610353301,1.4941579487228402,-2.008687555692792
-0.3230972698660315,-0.2586071675178728,0.5967035660749547,0.46665866738109507,1.494000762014355,-2.0087042642654604
-0.32296863398785725,-0.25879796417042894,0.5968393935684317,0.4667490895319915,1.4938434690242643,-2.0087210274096083
-0.322839983665828,-0.2589888528771487,0.5969752735592695,0.4668395276095185,1.4936860695654792,-2.0087378445439734
-0.32271131891226723,-0.25917983415009704,0.5971112064086779,0.46692998181021783,1.4935285631684099,-2.008754716054457
-0.32258263970065393,-0.25937090802644164,0.597247192151368,0.46702045212620136,1.4933709497816743,-2.008771641901666
-0.32245394599068433,-0.25956207448849605,0.5973832307847307,0.4671109385275211,1.4932132294014384,-2.0087886219724007
-0.3223252377408681,-0.2597533335152407,0.5975193223038304,0.4672014409819358,1.4930554020281075,-2.008805656163143
-0.32219651491046797,-0.2599446850886272,0.5976554667058418,0.4672919594593325,1.4928974676581672,-2.008822744360852
-0.32206777745792614,-0.260136129188435,0.59779166398643,0.4673824939281236,1.492739426290833,-2.0088398864585915
-0.3219390253417238,-0.26032766579503386,0.5979279141416944,0.4674730443571818,1.492581277924475,-2.0088570823471077
-0.3218102585202747,-0.26051929488904485,0.5980642171679298,0.4675636107156055,1.4924230225570538,-2.0088743319158437
-0.3216814769518619,-0.26071101645110484,0.5982005730614612,0.4676541929725558,1.4922646601864211,-2.0088916350536348
-0.321552680594146,-0.26090283046024015,0.5983369818174991,0.4677447910961147,1.492106190812421,-2.0089089916536396
-0.32142386940540923,-0.2610947368979183,0.5984734434329897,0.46783540505613064,1.4919476144316475,-2.0089264016009984
-0.3212950508368202,-0.26128673275184633,0.5986099556040332,0.46792603308941877,1.4917889331380414,-2.00894387053642
-0.3211662158664579,-0.2614788150315383,0.5987465165604051,0.4680166744042803,1.4916301501440996,-2.0089613860350912
-0.3210373659407484,-0.2616709896668889,0.5988831303561275,0.4681073314585774,1.4914712601524414,-2.008978954545309
-0.32090850101712665,-0.261863256638068,0.5990197969873059,0.46819800422147406,1.4913122631609461,-2.0089965759536486
-0.3207796210527363,-0.2620556159246456,0.5991565164496424,0.46828869266177314,1.4911531591681584,-2.009014250147831
-0.32065072600442157,-0.26224806750553076,0.5992932887383913,0.46837939674787116,1.490993948173376,-2.009031977016917
-0.3205218158292169,-0.2624406113605776,0.5994301138494911,0.4684701164488889,1.4908346301745607,-2.0090497564463927
-0.32039289048377384,-0.262633247468691,0.5995669917782294,0.46856085173334255,1.4906752051707903,-2.0090675883239233
-0.32026394992484075,-0.2628259758093764,0.5997039225203349,0.4686516025702294,1.4905156731602565,-2.0090854725346343
-0.32013499410851765,-0.263018796360317,0.5998409060702699,0.4687423689273329,1.4903560341433864,-2.009103408968452
-0.32000602299157244,-0.26321170910163605,0.5999779424242349,0.4688331507742097,1.4901962881173407,-2.0091213975071542
-0.31987703653002875,-0.263404714011295,0.6001150315769235,0.46892394807896526,1.4900364350819533,-2.0091394380383276
-0.3197480346799315,-0.2635978110675749,0.6002521735232733,0.4690147608099937,1.4898764750365237,-2.0091575304478266
-0.3196190173974376,-0.2637910002493666,0.6003893682586685,0.46910558893618315,1.489716407979442,-2.0091756746188794
-0.31948998463816736,-0.26398428153403564,0.6005266157774376,0.46919643242541675,1.4895562339109452,-2.009193870438562
-0.3193609363581267,-0.26417765490043854,0.6006639160749745,0.46928729124669116,1.4893959528292207,-2.0092121177886315
-0.31923187251280716,-0.26437112032596927,0.6008012691456635,0.4693781653680444,1.4892355647342164,-2.009230416554483
-0.3191027930576311,-0.26456467778799514,0.6009386749838843,0.4694690547575646,1.4890750696257873,-2.009248766620778
-0.3189736979482234,-0.26475832726475845,0.6010761335846533,0.46955995938402273,1.488914467502527,-2.009267167868702
-0.31884458713980735,-0.2649520687333736,0.6012136449422076,0.4696508792154664,1.4887537583643593,-2.0092856201820397
-0.31871546058734346,-0.26514590217028666,0.6013512090503321,0.46974181421954575,1.4885929422119335,-2.0093041234457605
-0.31858631824629846,-0.2653398275537749,0.6014888259041182,0.4698327643652657,1.4884320190434057,-2.0093226775384374
-0.3184571601270001,-0.2655338448373797,0.6016264954799129,0.46992372960718815,1.488270988875905,-2.009341282388683
-0.3183279862697379,-0.2657279539156015,0.6017642177125309,0.4700147098733801,1.488109851775315,-2.009359937900303
-0.3181987966090283,-0.26592215468676245,0.6019019925425628,0.4701057050990705,1.4879486078116144,-2.00937864387116
-0.31806959109927746,-0.2661164471288246,0.6020398199649857,0.47019671525324497,1.4877872569832225,-2.0093974001794495
-0.3179403696942549,-0.26631083121760707,0.6021776999732804,0.47028774030347337,1.487625799291156,-2.0094162067087717
-0.31781113234794756,-0.2665053069295503,0.6023156325613832,0.4703787802178504,1.4874642347354583,-2.009435063339743
-0.31768187901469513,-0.2666998742421786,0.6024536177240112,0.4704698349653237,1.4873025633145989,-2.0094539699485825
-0.317552609647862,-0.26689453312973976,0.6025916554535877,0.4705609045126289,1.4871407850311014,-2.0094729264203344
-0.31742332420163244,-0.2670892835690825,0.6027297457443868,0.47065198882841774,1.486978899883963,-2.0094919326310494
-0.3172940226297678,-0.26728412553558306,0.6028678885896603,0.4707430878804006,1.4868169078739033,-2.009510988460119
-0.3171647048858297,-0.2674790590038779,0.6030060839821556,0.47083420163585843,1.486654809002421,-2.0095300937880576
-0.3170353709236995,-0.2676740839495595,0.6031443319153098,0.47092533006283555,1.4864926032696069,-2.0095492484913557
-0.31690602069687657,-0.26786920034687123,0.6032826323816267,0.47101647312851935,1.4863302906771145,-2.009568452449466
-0.31677665216981765,-0.2680644089543333,0.6034209859719395,0.47110763124673255,1.4861678706647607,-2.0095877040107566
-0.3166472675378298,-0.268259710635988,0.6035593932272532,0.4711988046449949,1.4860053423172348,-2.0096070062356413
-0.31651786638466284,-0.26845510387072924,0.603697853119658,0.4712899926667733,1.4858427069642908,-2.009626357365297
-0.31638844866366256,-0.2686505886321051,0.603836365641202,0.47138119527902933,1.4856799646077499,-2.0096457572772395
-0.31625901432815784,-0.26884616489368884,0.6039749307839668,0.47147241244882004,1.4855171152492541,-2.009665205847958
-0.3161295633314509,-0.2690418326290653,0.6041135485400599,0.4715636441432904,1.4853541588902766,-2.0096847029529443
-0.31600009562644615,-0.2692375918105897,0.6042522189007373,0.47165489032880126,1.485191095533721,-2.009704248470444
-0.315870611166595,-0.2694334424124945,0.6043909418585973,0.471746150973112,1.4850279251799203,-2.009723842272055
-0.31574110990447757,-0.2696293844062274,0.6045297174042896,0.47183742604210516,1.484864647832641,-2.0097434842368296
-0.3156115917933189,-0.2698254177654284,0.6046685455300267,0.47192871550328436,1.4847012634926706,-2.009763174236205
-0.3154820567857559,-0.27002154246187204,0.6048074262267225,0.4720200193229232,1.4845377721630446,-2.009782912146283
-0.3153525048343351,-0.27021775846711094,0.604946359485151,0.4721113374672215,1.4843741738469254,-2.0098026978428454
-0.31522293589202466,-0.2704140657541442,0.6050853452971228,0.4722026699034754,1.4842104685454591,-2.0098225311963134
-0.3150933499098283,-0.27061046429447394,0.6052243836534381,0.4722940165979407,1.4840466562618555,-2.009842412081193
-0.31496374675690575,-0.2708069540932593,0.6053634745704102,0.4723853775358654,1.4838827369744796,-2.009862340307926
-0.3148341268257031,-0.27100353502504854,0.6055026179597425,0.47247675261883887,1.4837187107444318,-2.0098823161471295
-0.3147044902728666,-0.27120020660010546,0.6056418134886448,0.4725681416042167,1.4835545779656474,-2.0099023393185425
-0.314574836955992,-0.271396968565593,0.6057810609960379,0.4726595443673868,1.4833903388424627,-2.0099224094067996
-0.31444516680017554,-0.27159382093447443,0.6059203605022065,0.4727509608943388,1.4832259933430825,-2.009942526289322
-0.3143154797319454,-0.2717907637174755,0.6060597120258611,0.47284239117009796,1.4830615414373818,-2.0099626898421246
-0.3141857756790074,-0.2719877969226797,0.6061991155838529,0.4729338351784023,1.4828969830974976,-2.009982899941503
-0.31405605457024066,-0.27218492055591387,0.6063385711914453,0.4730252929019465,1.4827323182973953,-2.010003156463279
-0.3139263163357384,-0.27238213462126865,0.6064780788626845,0.4731167643227193,1.4825675470122466,-2.0100234592816104
-0.31379656090662245,-0.2725794391208365,0.6066176386102127,0.4732082494217919,1.4824026692188284,-2.0100438082701477
-0.3136667882148041,-0.27277683405424785,0.606757250444943,0.4732997481789703,1.48223768489616,-2.0100642033037577
-0.3135369981932614,-0.27297431941987393,0.606896914376907,0.4733912605736144,1.4820725940240076,-2.0100846442552056
-0.3134071907758029,-0.2731718952143469,0.6070366304149197,0.47348278658428467,1.4819073965835352,-2.0101051309968856
-0.3132773658969361,-0.2733695614323796,0.6071763985664482,0.47357432618859113,1.481742092557585,-2.010125663401633
-0.31314752349211794,-0.2735673180678329,0.6073162188383696,0.47366587936392973,1.481576681929332,-2.010146241339747
-0.31301766695494226,-0.27376516376464477,0.6074560902141641,0.4737574453305485,1.4814111656670166,-2.0101668673441515
-0.31288778518984905,-0.27396309968410804,0.6075960138016288,0.47384902513414867,1.4812455433535554,-2.0101875302296808
-0.3127578874646737,-0.27416113153156857,0.6077359932937156,0.4739406207208584,1.4810798094577566,-2.010208244709927
-0.3126279722376175,-0.274359253320249,0.6078760246144843,0.4740322295786813,1.4809139692699052,-2.0102290041477016
-0.31249803943528676,-0.27455746505465617,0.6080161077784543,0.47412385168993504,1.4807480227645071,-2.0102498084162788
-0.3123680889857141,-0.2747557667381577,0.6081562427993501,0.4742154870366633,1.4805819699164966,-2.0102706573853433
-0.3122381208179785,-0.27495415837206005,0.6082964296894491,0.4743071355999614,1.4804158107024703,-2.0102915509241215
-0.31210813486194056,-0.2751526399550743,0.6084366684592033,0.47439879735957524,1.4802495451014237,-2.0103124889033226
-0.31197813104839156,-0.2753512114840873,0.6085769591177885,0.4744904722944224,1.480083173093802,-2.0103334711931202
-0.31184810930923845,-0.27554987295505634,0.6087173016737313,0.4745821603831998,1.4799166946603945,-2.010354497660727
-0.31171806957704007,-0.2757486243617492,0.6088576961340246,0.47467386160347874,1.4797501097839885,-2.010375568174467
-0.3115880117851244,-0.27594746569636713,0.6089981425045647,0.4747655759321253,1.4795834184486047,-2.0103966826021384
-0.31145793586759574,-0.2761463969497781,0.6091386407903165,0.4748573033454467,1.4794166206392347,-2.0104178408105424
-0.3113278417592129,-0.27634541811135943,0.6092791909952049,0.4749490438190643,1.4792497163420695,-2.0104390426661722
-0.3111977293952908,-0.2765445291688429,0.6094197931220027,0.4750407973277918,1.4790827055447298,-2.0104602880358775
-0.31106760243741505,-0.27674372866529073,0.6095604460816917,0.47513256304282664,1.4789155892986663,-2.0104815796536037
-0.31093745588819033,-0.27694301510106467,0.609701148979668,0.4752243405485675,1.4787483691545023,-2.0105029108103047
-0.31080729054906087,-0.2771423919335488,0.6098419041876109,0.4753161312623959,1.47858104202119,-2.0105242851441862
-0.3106771063699654,-0.27734185912548526,0.6099827116906202,0.4754079351473747,1.4784136079070305,-2.010545702519321
-0.3105469033011419,-0.2775414166405658,0.6101235714744839,0.47549975216732654,1.4782460668189288,-2.0105671627958
-0.310416681309027,-0.2777410644349965,0.6102644835194075,0.47559158228184945,1.478078418769738,-2.010588665848614
-0.31028644035498854,-0.27794080245287417,0.6104054477974246,0.4756834254459805,1.4779106637826283,-2.0106102115324007
-0.3101561803858308,-0.2781406306436817,0.6105464642846221,0.47577528161734023,1.4777428018773722,-2.010631799696879
-0.3100259013516995,-0.27834054897030036,0.6106875329662875,0.4758671507596073,1.4775748330611451,-2.0106534301995422
-0.30989560320219933,-0.2785405573938258,0.610828653826462,0.4759590328352936,1.4774067573432388,-2.0106751029021543
-0.3097652858873037,-0.27874065587656843,0.6109698268500616,0.4760509278078579,1.4772385747312087,-2.0106968176617075
-0.30963494935653024,-0.27894084437932243,0.6111110520209468,0.47614283563978277,1.4770702852343793,-2.0107185743386453
-0.30950459355966764,-0.2791411228637892,0.6112523293236363,0.47623475629428136,1.4769018888607324,-2.010740372789563
-0.3093742184460506,-0.2793414912901472,0.6113936587415871,0.4763266897335862,1.4767333856200282,-2.0107622128745275
-0.3092438239653861,-0.27954194961981466,0.6115350402591506,0.4764186359208949,1.4765647755202558,-2.0107840944487494
-0.3091134100669226,-0.27974249781267946,0.6116764738596112,0.47651059481841923,1.47639605857119,-2.0108060173709275
-0.30898297669981645,-0.2799431358283279,0.6118179595260567,0.47660256638825055,1.4762272347828156,-2.01082798149955
-0.308852523813691,-0.28014386362787336,0.6119594972426707,0.4766945505936479,1.476058304162979,-2.010849986687381
-0.30872205135752306,-0.2803446811702907,0.6121010869921406,0.47678654739645765,1.475889266722088,-2.010872032792494
-0.3085915592802069,-0.28054558841427635,0.6122427287569736,0.4768785567584212,1.4757201224707306,-2.010894119672676
-0.3084610475311784,-0.280746585320305,0.6123844225209503,0.4769705786426266,1.4755508714170338,-2.010916247179235
-0.3083305160589749,-0.2809476718458779,0.6125261682657643,0.47706261301015973,1.4753815135727555,-2.0109384151712897
-0.3081999678224747,-0.28114884679354935,0.6126679651042908,0.4771546591877365,1.475212049811653,-2.010960625822059
-0.30806939906235087,-0.28135010877321937,0.6128098121800418,0.47724671673742053,1.4750424815043264,-2.0109828738696622
-0.3079388103580065,-0.281551460350328,0.6129517112564771,0.47733878670418445,1.4748728063515857,-2.0110051619748344
-0.3078082016585757,-0.2817529014831988,0.6130936623159182,0.477430869050094,1.4747030243632386,-2.011027489988844
-0.3076775729126453,-0.28195443212833055,0.6132356653394138,0.4775229637360214,1.4745331355512517,-2.011049857767317
-0.3075469240690847,-0.28215605224315066,0.6133777203086845,0.4776150707235881,1.4743631399262171,-2.01107226516194
-0.3074162629879442,-0.2823577587483364,0.6135198249242975,0.4777071883108944,1.4741930397786958,-2.011094718134448
-0.3072855800984726,-0.2825595479434061,0.6136619768757137,0.47779931534509495,1.4740228387700216,-2.0111172032381526
-0.30715487696099064,-0.2827614264658707,0.6138041807089532,0.4778914545617307,1.4738525309956185,-2.0111397275110567
-0.30702415352401147,-0.28296339427191036,0.6139464364049179,0.47798360592192374,1.4736821164669556,-2.0111622908040503
-0.3068934097360616,-0.2831654513177496,0.6140887439445573,0.4780757693869233,1.473511595195259,-2.0111848929667424
-0.30676264554511157,-0.28336759755775287,0.614231103307521,0.478167944916759,1.47334096719396,-2.0112075338531903
-0.3066318608997838,-0.28356983294843613,0.6143735144749973,0.47826013247307436,1.4731702324735463,-2.011230213309829
-0.30650105574795994,-0.28377215744385215,0.6145159774264473,0.4783523320158703,1.4729993910474786,-2.0112529311893486
-0.3063702300379898,-0.2839745709995906,0.6146584921424356,0.47844454350632704,1.4728284429270624,-2.0112756873386624
-0.3062393837177657,-0.28417707356971,0.6148010586024588,0.47853676690463814,1.472657388125385,-2.0112984816081383
-0.3061085167350903,-0.28437966510796703,0.6149436767858174,0.4786290021708817,1.472486226655731,-2.011321313847889
-0.3059776290380416,-0.2845823455690102,0.6150863466724577,0.4787212492658602,1.472314958530058,-2.0113441839041903
-0.3058467205744275,-0.28478511490658864,0.6152290682417059,0.47881350814983564,1.4721435837612924,-2.011367091624867
-0.3057157912917834,-0.2849879730735276,0.6153718414722502,0.4789057787825152,1.471972102363356,-2.011390036859352
-0.30558484113791984,-0.28519092002355045,0.6155146663434312,0.47899806112433463,1.4718005143488369,-2.0114130194532263
-0.3054538700603793,-0.28539395570947906,0.6156575428339663,0.4790903551351895,1.4716288197312906,-2.0114360392536126
-0.3053228780066988,-0.28559708008411167,0.6158004709225726,0.47918266077505645,1.4714570185241134,-2.0114590961065355
-0.30519186492414807,-0.2858002930993277,0.615943450587332,0.4792749780033576,1.4712851107416955,-2.0114821898596187
-0.305060838744156,-0.2860035916649417,0.616086479529987,0.4793673051310664,1.471113098709457,-2.01150532652858
-0.3049297898025678,-0.28620697195792083,0.6162295553463784,0.479459640940822,1.4709409861640201,-2.0115284924960313
-0.3047987196780717,-0.2864104407359737,0.616372682666467,0.47955198821569717,1.4707687670976959,-2.0115516948942935
-0.3046676283178673,-0.2866139979506567,0.6165158614681685,0.47964434691527486,1.4705964415245445,-2.011574933567317
-0.3045365156688735,-0.2868176435526014,0.61665909172876,0.4797367169985843,1.4704240094596182,-2.0115982083606445
-0.3044053816782064,-0.2870213774930589,0.6168023734259735,0.47982909842518656,1.4702514709169916,-2.011621519116796
-0.3042742262926037,-0.28722519972201566,0.6169457065366601,0.47992149115384874,1.4700788259121664,-2.0116448656809025
-0.30414304945928095,-0.28742911019101974,0.6170890910387943,0.480013895144536,1.4699060744584598,-2.0116682478922425
-0.3040118511246117,-0.2876331088488237,0.6172325269083845,0.48010631035533985,1.4697332165725712,-2.0116916655972883
-0.30388063123544207,-0.28783719564570326,0.6173760141225353,0.4801987367455198,1.4695602522690712,-2.0117151186367828
-0.3037493897384387,-0.2880413705313457,0.6175195526579498,0.48029117427402185,1.4693871815630835,-2.011738606852038
-0.3036181265801714,-0.28824563345508014,0.6176631424910926,0.4803836228996348,1.469214004470006,-2.0117621300842643
-0.3034868417069436,-0.2884499843653403,0.6178067835978109,0.48047608258061275,1.469040721006189,-2.011785688176172
-0.30335553506532875,-0.2886544232114328,0.6179504759545851,0.4805685532759242,1.4688673311866771,-2.0118092809666708
-0.30322420660154314,-0.28885894994146527,0.6180942195370616,0.48066103494378903,1.468693835027858,-2.0118329082970767
-0.3030928562619897,-0.2890635645041313,0.6182380143213191,0.4807535275429393,1.4685202325451754,-2.011856570005763
-0.3029614839926955,-0.28926826684686746,0.6183818602825601,0.480846031031317,1.4683465237554931,-2.011880265933682
-0.3028300977143914,-0.2894730538974694,0.6185257551447645,0.4809385437475437,1.4681727109968679,-2.0119040020919026
-0.3026986879775553,-0.2896779216767829,0.6186696963809197,0.48103106438306176,1.4679987980988818,-2.0119277649922225
-0.3025672563203168,-0.28988287680839314,0.6188136885310369,0.48112359566318796,1.4678247791756576,-2.011951561593917
-0.3024358026895939,-0.2900879192372348,0.618957731568659,0.4812161375450716,1.4676506542458272,-2.011975391734905
-0.30230432703221766,-0.29029304890788554,0.6191018254670899,0.48130868998571363,1.46747642332828,-2.0119992552529324
-0.30217282929502254,-0.290498265764869,0.6192459701996125,0.4814012529421796,1.4673020864417807,-2.012023151984671
-0.30204130942477114,-0.29070356975239675,0.6193901657393046,0.48149382637141785,1.4671276436052911,-2.0120470817664855
-0.30190976736813724,-0.29090896081432005,0.6195344120590036,0.48158641023022725,1.4669530948380352,-2.012071044434569
-0.3017782018209747,-0.2911144393667437,0.61967870948303,0.48167900472750397,1.4667784397939492,-2.0120950388551666
-0.30164661479359545,-0.2913200057516969,0.6198230582152315,0.48177160990327733,1.4666036780644034,-2.012119067414154
-0.3015150059183398,-0.2915256583294045,0.6199674571443108,0.48186422505604043,1.4664288110658856,-2.012143128328877
-0.30138337459839004,-0.2917313971942775,0.6201119063582365,0.48195685022927365,1.4662538387061521,-2.012167220967524
-0.30125172080773144,-0.29193722277808454,0.6202564061653852,0.482049485585375,1.466078760576567,-2.012191345593341
-0.30112004450970975,-0.292143135094502,0.6204009565864319,0.4821421311105704,1.4659035766336244,-2.0122155021110175
-0.30098834565024113,-0.2923491340843532,0.6205455575921794,0.4822347867602485,1.4657282868990162,-2.012239690357054
-0.300856624175605,-0.2925552196895956,0.6206902091542492,0.48232745249070663,1.465552891392786,-2.0122639101632926
-0.30072488003219,-0.2927613918524769,0.6208349112444851,0.48242012825855246,1.4653773901344045,-2.012288161359452
-0.3005931131655615,-0.2929676505124201,0.6209796638327432,0.4825128140185021,1.4652017831467454,-2.012312443782431
-0.3004613235221285,-0.2931739956115822,0.6211244668908344,0.4826055097273101,1.465026070448994,-2.0123367572596944
-0.300329511002702,-0.29338042710694445,0.6212693204016619,0.48269821534932,1.4648502520496216,-2.0123611015888203
-0.30019767565215716,-0.2935869449432506,0.6214142243367897,0.4827909308378599,1.4646743279626415,-2.0123854767139924
-0.30006581735323934,-0.2937935490005163,0.6215591786265393,0.4828836561259829,1.4644982982636323,-2.0124098823436496
-0.29993393606056085,-0.29400023925619523,0.6217041832668326,0.48297639118437485,1.4643221629412726,-2.012434318352961
-0.2998020317200325,-0.29420701565037677,0.6218492382280929,0.4830691359688589,1.464145922016372,-2.012458784569227
-0.29967010427709617,-0.29441387812150066,0.6219943434795892,0.48316189043420016,1.4639695755116358,-2.012483280823395
-0.29953815367749925,-0.2946208266089489,0.6221394989912743,0.48325465453593647,1.4637931234483639,-2.01250780694232
-0.299406179866617,-0.2948278610507661,0.6222847047321682,0.4833474282287661,1.4636165658493598,-2.012532362755579
-0.29927418278983886,-0.29503498138497103,0.6224299606712878,0.48344021146747845,1.4634399027372509,-2.0125569480915364
-0.2991421623926609,-0.29524218754983744,0.6225752667778472,0.4835330042071489,1.4632631341341367,-2.012581562776519
-0.29901011862039795,-0.295449479482947,0.6227206230205846,0.48362580640247094,1.463086260062794,-2.012606206637636
-0.2988780514181073,-0.29565685712093615,0.6228660293675832,0.48371861800757915,1.4629092805469956,-2.012630879503524
-0.2987459607312184,-0.29586432040159494,0.6230114857877611,0.48381143897753026,1.4627321956088393,-2.0126555811980955
-0.2986138465047148,-0.29607186926112083,0.6231569922489211,0.48390426926636393,1.4625550052722456,-2.012680311548723
-0.29848171687192604,-0.29627950057292957,0.6233025464518276,0.4839971072204961,1.4623777119706955,-2.0127050767367543
-0.2983495619105634,-0.2964872101734491,0.6234481457314436,0.48408995144087674,1.4622003196433369,-2.0127298626585377
-0.29821738324901936,-0.2966950051499664,0.6235937949484858,0.4841828048406513,1.4620228220010267,-2.0127546767074898
-0.2980851808320608,-0.29690288543756105,0.623739494070024,0.48427566737350486,1.4618452190682878,-2.0127795187091784
-0.29795295460473437,-0.2971108509721387,0.6238852430637318,0.48436853899381543,1.4616675108683843,-2.0128043884854123
-0.297820704511639,-0.2973189016880229,0.6240310418961732,0.4844614196549532,1.4614896974263838,-2.0128292858614074
-0.29768843049738347,-0.29752703751946147,0.6241768905338758,0.4845543093103409,1.461311778767244,-2.01285421066131
-0.2975561325069638,-0.29773525840189685,0.6243227889442302,0.48464720791435956,1.4611337549141894,-2.012879162704394
-0.29742381048464495,-0.2979435642682263,0.6244687370928346,0.4847401154196965,1.4609556258934782,-2.0129041418162146
-0.29729146437516185,-0.29815195505282105,0.6246147349463511,0.4848330317801936,1.4607773917292801,-2.0129291478166245
-0.2971590941229936,-0.29836043068907886,0.6247607824707644,0.48492595694911383,1.4605990524467944,-2.012954180527065
-0.297026699672438,-0.2985689911096985,0.6249068796315798,0.48501889087933486,1.4604206080719,-2.0129792397697495
-0.29689428096799375,-0.29877763624793424,0.6250530263947116,0.48511183352423964,1.4602420586295568,-2.0130043253639167
-0.2967618379539889,-0.2989863660363626,0.6251992227256089,0.48520478483684104,1.4600634041453773,-2.0130294371295108
-0.29662937057439187,-0.29919518040625975,0.6253454685888125,0.48529774476934306,1.4598846446464144,-2.013054574889026
-0.2964968787738318,-0.2994040792909796,0.6254917639503539,0.4853907132755316,1.4597057801568694,-2.01307973845745
-0.2963643624961172,-0.29961306262104104,0.6256381087742682,0.48548369030729754,1.4595268107043322,-2.0131049276568853
-0.29623182168534967,-0.2998221303278143,0.6257845030252085,0.4855766758172445,1.4593477363151028,-2.01313014230558
-0.29609925628582623,-0.30003128234321597,0.625930946668233,0.4856696697584768,1.4591685570145698,-2.01315538221882
-0.2959666662411182,-0.30024051859661577,0.6260774396666058,0.4857626720824052,1.4589892728311498,-2.0131806472181526
-0.2958340514954614,-0.3004498390194899,0.6262239819851021,0.4858556827420467,1.4588098837903634,-2.013205937117512
-0.29570141199253897,-0.30065924354135254,0.6263705735871197,0.4859487016891398,1.4586303899200153,-2.013231251735346
-0.2955687476761586,-0.30086873209200243,0.6265172144362738,0.48604172887573704,1.4584507912473323,-2.0132565908879183
-0.29543605849012256,-0.3010783046011141,0.6266639044961066,0.48613476425391666,1.4582710877994842,-2.013281954390521
-0.2953033443780715,-0.30128796099768423,0.6268106437296939,0.48622780777538976,1.4580912796042875,-2.013307342059122
-0.29517060528375705,-0.3014977012109615,0.6269574321003066,0.48632085939215847,1.4579113666890238,-2.0133327537076022
-0.29503784115038023,-0.30170752516822796,0.6271042695698323,0.4864139190549456,1.4577313490832573,-2.0133581891543435
-0.29490505192199556,-0.30191743279950134,0.6272511561021199,0.48650698671652703,1.4575512268128579,-2.013383648208242
-0.2947722375416477,-0.3021274240312793,0.6273980916585309,0.4866000623272958,1.4573709999079552,-2.0134091306873203
-0.2946393997677186,-0.3023374981204508,0.6275450757078791,0.48669314549364284,1.457190668935492,-2.0134346378151005
-0.29450653628965995,-0.3025476540816787,0.6276921076228481,0.4867862358605098,1.4570102347840383,-2.0134601662536946
-0.2943736509171533,-0.3027578922201817,0.6278391875591183,0.48687933340605133,1.4568296970496573,-2.013485720272211
-0.2942407403377434,-0.30296821031699855,0.6279863140569995,0.48697243729035766,1.4566490577266153,-2.013511294467053
-0.29410779666497167,-0.3031786136340435,0.6281334908860865,0.48706554997745033,1.4564683123751248,-2.013536884507056
-0.29397482985759993,-0.3033891064435255,0.6282807208288586,0.4871586729049164,1.456287456959347,-2.013562504447576
-0.29384183812276987,-0.30359968132523896,0.6284279988170032,0.4872518029900278,1.4561064979848752,-2.013588146352736
-0.29370882138399246,-0.30381033823722464,0.628575324834185,0.4873449401984114,1.4559254354534708,-2.013613810034256
-0.29357577956462855,-0.30402107713418813,0.6287226988617185,0.4874380844936583,1.4557442693705358,-2.013639495309711
-0.293442711246235,-0.3042318984671892,0.6288701212452774,0.4875312360935979,1.4555629993390335,-2.013665200943231
-0.29330961716633563,-0.30444280318541134,0.6290175926372337,0.48762439535269314,1.4553816244725235,-2.01369092842025
-0.29317649715595095,-0.3046537907592634,0.6291651126868336,0.48771756203376815,1.4552001452014793,-2.0137166770668156
-0.29304335115327174,-0.30486486112093136,0.6293126813595733,0.48781073609065045,1.4550185615490072,-2.013742446689883
-0.29291017909600026,-0.30507601420104125,0.6294602986198523,0.48790391747614914,1.4548368735400066,-2.013768237099938
-0.29277698123393314,-0.3052872498160667,0.6296079643483616,0.48799710608516694,1.4546550812915167,-2.0137940483474757
-0.292643758196526,-0.3054985673403517,0.6297556781151687,0.4880903016144067,1.4544731852992225,-2.013819880539408
-0.2925105097446359,-0.30570996603833916,0.6299034394290093,0.48818350374323605,1.4542911861753685,-2.0138457327593695
-0.2923772357995853,-0.3059214458644676,0.6300512482711209,0.4882767124354676,1.4541090839247621,-2.0138716048210767
-0.29224393628378387,-0.3061330067741871,0.6301991046234807,0.488369927655948,1.4539268785503578,-2.0138974965313663
-0.2921106111197007,-0.3063446487205841,0.6303470084664031,0.48846314936815355,1.4537445700575544,-2.013923407700321
-0.2919772602302775,-0.30655637165588956,0.6304949597796128,0.4885563775352543,1.4535621584522915,-2.013949338136878
-0.29184388353869917,-0.306768175530756,0.6306429585417295,0.4886496121195938,1.4533796437419801,-2.01397528765106
-0.2917104809688329,-0.3069800602958627,0.630791004731412,0.4887428530838205,1.453197025933476,-2.014001256049304
-0.29157705244481846,-0.307192025900584,0.6309390983264089,0.4888361003899372,1.4530143050347837,-2.0140272431384894
-0.29144359789093066,-0.30740407229261185,0.6310872393032882,0.48892935399902615,1.4528314810555407,-2.0140532487271283
-0.2913101088179033,-0.3076162025052925,0.6312354298958627,0.48902261543114917,1.4526485514799563,-2.014079266050889
-0.2911765952952363,-0.3078284209324922,0.6313836729823064,0.48911588619471763,1.4524655122067553,-2.0141053093536585
-0.2910430555135264,-0.3080407199982473,0.6315319633852168,0.48920916314591495,1.452282369869876,-2.0141313705734003
-0.29090948939834504,-0.30825309964683006,0.6316803010788017,0.4893024462444342,1.4520991244813832,-2.0141574495160017
-0.290775896875731,-0.3084655598222737,0.6318286860371178,0.4893957354500441,1.4519157760531956,-2.0141835459850497
-0.29064227787188557,-0.30867810046743216,0.6319771182334,0.4894890307219208,1.4517323245982756,-2.014209659784656
-0.2905086323132462,-0.308890721524268,0.6321255976402651,0.4895823320188432,1.4515487701302854,-2.0142357907186756
-0.29037496012674247,-0.30910342293477405,0.6322741242303693,0.48967563929984814,1.4513651126624099,-2.014261938588013
-0.29024126123921334,-0.30931620463905896,0.632422697975044,0.4897689525228599,1.4511813522098083,-2.014288103196366
-0.29010753557794633,-0.3095290665772205,0.6325713188456308,0.4898622716460251,1.4509974887872295,-2.014314284344705
-0.28997378307038346,-0.30974200868838786,0.6327199868127975,0.4899555966270216,1.450813522410242,-2.014340481834165
-0.28984000364400764,-0.30995503091041054,0.632868701846319,0.49004892742283696,1.4506294530956323,-2.014366695467016
-0.28970619722687374,-0.3101681331816573,0.6330174639163557,0.4901422639910423,1.4504452808591302,-2.0143929250413692
-0.2895723637469567,-0.31038131543889474,0.6331662729919425,0.4902356062882828,1.4502610057181036,-2.0144191703575096
-0.2894385031324047,-0.3105945776181574,0.6333151290416126,0.49032895427089007,1.4500766276904595,-2.014445431215353
-0.2893046153117034,-0.31080791965535526,0.6334640320338245,0.4904223078953143,1.4498921467938801,-2.0144717074126834
-0.2891707002133135,-0.31102134148507243,0.63361298193611,0.4905156671172645,1.4497075630473515,-2.0144979987487557
-0.2890367577660804,-0.3112348430420129,0.6337619787161017,0.49060903189273586,1.4495228764693322,-2.014524305020035
-0.28890278789871715,-0.31144842425925334,0.6339110223402895,0.4907024021767618,1.4493380870799786,-2.0145506260254225
-0.2887687905403853,-0.3116620850702727,0.634060112775467,0.4907957779248568,1.4491531948985708,-2.014576961560263
-0.28863476562016643,-0.3118758254071773,0.6342092499874643,0.4908891590917514,1.4489681999457684,-2.0146033114216357
-0.28850071306749836,-0.3120896452022051,0.6343584339422228,0.4909825456324585,1.44878310224171,-2.014629675403935
-0.28836663281150976,-0.3123035443855262,0.634507664604226,0.491075937500708,1.4485979018087995,-2.0146560533054014
-0.2882325247821296,-0.3125175228890067,0.6346569419391819,0.4911693346516211,1.4484125986669465,-2.0146824449170175
-0.2880983803919044,-0.31273158373597715,0.6348062681625564,0.49126273857254127,1.4482271902622157,-2.0147088433713827
-0.2879642098391768,-0.3129457314594145,0.6349556462621617,0.49135615085476064,1.4480416724189944,-2.014735263118682
-0.28783001129730224,-0.31315995830164356,0.6351050709330628,0.49144956828221054,1.4478560519216988,-2.014761695961724
-0.28769578469641033,-0.3133742641914785,0.6352545421388585,0.4915429908085581,1.4476703287927342,-2.014788141691756
-0.2875615298304073,-0.31358864910535283,0.6354040598778088,0.4916364184108072,1.447484503015133,-2.014814599996508
-0.28742724651751317,-0.31380311314416115,0.6355536242335367,0.4917298511174767,1.44729857446208,-2.0148410706862245
-0.28729293472531303,-0.3140176563589464,0.6357032352532683,0.49182328893229754,1.447112543047801,-2.0148675536884912
-0.28715859439017954,-0.31423227866451475,0.6358528928907985,0.4919167318023531,1.4469264088068827,-2.0148940487959175
-0.28702422544912487,-0.31444697997781923,0.6360025971014669,0.4920101796763576,1.446740171770985,-2.0149205557935153
-0.28688982780043126,-0.3146617602264946,0.6361523478484239,0.49210363250772526,1.446553831963882,-2.014947074444308
-0.2867554013670013,-0.3148766193687721,0.6363021451156232,0.49219709026274344,1.4463673893811282,-2.014973604551923
-0.28662094609063526,-0.3150915573379586,0.6364519888695508,0.49229055289625123,1.4461808440404205,-2.0150001459274205
-0.28648646427386204,-0.315306573191769,0.6366018784420118,0.49238401993503816,1.445994196695645,-2.0150267002108877
-0.28635195301025185,-0.31552166554861516,0.6367518129324843,0.49247749086032844,1.4458074485539891,-2.0150532631171187
-0.2862174127223396,-0.31573683645760814,0.6369017937581223,0.4925709664991353,1.4456205977725345,-2.01507983664931
-0.2860828433469518,-0.3159520858317687,0.6370518208715614,0.49266444679834576,1.4454336443860045,-2.015106420592376
-0.2859482452722286,-0.3161674134204147,0.6372018941067434,0.49275793162471787,1.4452465885671384,-2.0151330150855626
-0.2858136184755349,-0.31638281867650414,0.6373520130990014,0.4928514207318772,1.445059430753716,-2.0151596195951864
-0.28567896267134785,-0.3165983014603702,0.6375021777676966,0.4929449140507861,1.4448721710291799,-2.0151862336254784
-0.285544277663611,-0.31681386192205097,0.6376523882304754,0.49303841163085427,1.4446848092220577,-2.015212857008928
-0.2854095634176099,-0.3170295001320007,0.6378026445480729,0.49313191348417984,1.4444973452284422,-2.0152394896859613
-0.28527481986429404,-0.31724521600891237,0.6379529466771419,0.4932254195601454,1.4443097790779582,-2.0152661314424343
-0.2851400469351386,-0.31746100947270073,0.6381032945752216,0.4933189298091562,1.444122110798389,-2.015292782058772
-0.2850052445608746,-0.3176768804402012,0.6382536881976697,0.49341244417957353,1.4439343404211218,-2.0153194413226814
-0.28487041267321,-0.3178928288310202,0.638404127501834,0.4935059626218814,1.4437464679737548,-2.0153461090118987
-0.2847355512029228,-0.3181088545610805,0.6385546124424502,0.49359948508408785,1.4435584934882504,-2.0153727849132426
-0.2846006600813844,-0.31832495754780454,0.6387051429753372,0.4936930115154169,1.4433704169943913,-2.015399468807329
-0.28446573924012686,-0.31854113770863784,0.6388557190563464,0.493786541865255,1.4431822385216482,-2.0154261604729533
-0.2843307886100028,-0.3187573949582348,0.6390063406393498,0.4938800760811457,1.4429939581027316,-2.0154528596953774
-0.2841958081227265,-0.3189737292136891,0.6391570076799766,0.49397361411251534,1.4428055757669913,-2.015479566250936
-0.2840607977092482,-0.3191901403890146,0.6393077201316713,0.49406715590673983,1.4426170915473837,-2.0155062799233026
-0.2839257573011924,-0.31940662840005235,0.6394584779491965,0.4941607014126402,1.4424285054742803,-2.015533000489045
-0.2837906868297626,-0.31962319316076326,0.6396092810859879,0.49425425057784195,1.442239817580145,-2.015559727728549
-0.28365558622630616,-0.3198398345851343,0.6397601294955138,0.49434780335012823,1.4420510278971341,-2.015586461420425
-0.28352045542218285,-0.32005655258676535,0.6399110231309804,0.49444135967714875,1.441862136457616,-2.0156132013427204
-0.2833852943488866,-0.3202733470792865,0.64006196194563,0.49453491950671724,1.441673143293642,-2.015639947271699
-0.28325010293757114,-0.3204902179747345,0.6402129458915806,0.49462848278564875,1.441484048439005,-2.0156666989866423
-0.2831148811197757,-0.3207071651860563,0.6403639749216143,0.4947220494615488,1.4412948519260722,-2.015693456262468
-0.2829796288266966,-0.32092418862462163,0.6405150489874027,0.4948156194810358,1.4411055537889288,-2.0157202188770755
-0.2828443459900125,-0.3211412882030386,0.6406661680415136,0.49490919279175005,1.4409161540598283,-2.015746986603055
-0.2827090325406818,-0.3213584638310886,0.6408173320345121,0.49500276933945425,1.4407266527743154,-2.015773759219663
-0.2825736884103174,-0.32157571542037583,0.6409685409182773,0.49509634907134725,1.4405370499653696,-2.015800536499146
-0.2824383135302666,-0.3217930428812454,0.6411197946438052,0.4951899319338669,1.4403473456672862,-2.0158273182158153
-0.28230290783180223,-0.3220104461234086,0.6412710931616505,0.49528351787313657,1.440157539914893,-2.015854104144208
-0.28216747124638,-0.3222279250568393,0.6414224364225718,0.4953771068356002,1.439967632742418,-2.0158808940564663
-0.28203200370519355,-0.3224454795902604,0.6415738243764464,0.49547069876694616,1.4397776241854006,-2.015907687726789
-0.28189650513952635,-0.3226631096323604,0.6417252569731415,0.4955642936129719,1.4395875142791574,-2.0159344849278615
-0.28176098420175144,-0.3228808119793811,0.6418767319205569,0.4956578898361796,1.4393973057450158,-2.015961292293091
-0.28162543031206955,-0.32309858163614874,0.6420282459103488,0.4957514855683884,1.439207002973422,-2.0159880945031987
-0.2814898451971697,-0.3233164265153242,0.6421798043848379,0.4958450840508025,1.4390165989719133,-2.0160148995559064
-0.28135422878807503,-0.3235343465233412,0.6423314072923332,0.4959386852281445,1.438826093777605,-2.016041707224193
-0.28121858101642694,-0.32375234156841753,0.6424830545824323,0.496032289046545,1.438635487425096,-2.0160685172741917
-0.28108290181314466,-0.3239704115560004,0.6426347462027677,0.49612589545028846,1.4384447799522158,-2.016095329478603
-0.28094719110948496,-0.3241885563923755,0.6427864821015832,0.49621950438438844,1.438253971395478,-2.016122143606087
-0.28081144883689113,-0.32440677598415646,0.6429382622273718,0.49631311579422605,1.438063061790718,-2.0161489594227593
-0.28067567492623446,-0.3246250702357265,0.643090086527045,0.49640672962372,1.437872051176321,-2.0161757766997215
-0.2805398693089236,-0.32484343905299035,0.6432419549486159,0.49650034581800623,1.4376809395884969,-2.016202595202041
-0.2804040319158041,-0.3250618823396527,0.6433938674385393,0.49659396432077885,1.4374897270659668,-2.016229414699693
-0.2802681626783379,-0.32528040000123937,0.6435458239445841,0.49668758507716504,1.4372984136448945,-2.0162562349557343
-0.28013226152724613,-0.3254989919404625,0.6436978244125218,0.496781208030409,1.4371069993647358,-2.01628305573995
-0.2799963290491778,-0.3257176578294151,0.6438498686224747,0.4968748330157456,1.4369154844649297,-2.0163098773309156
-0.2798603655261882,-0.3259363967927417,0.644001955980742,0.49696845964632097,1.4367238696670834,-2.0163366992620775
-0.2797243707801238,-0.3261552082886917,0.6441540861283293,0.49706208768402177,1.4365321554001462,-2.0163635208278974
-0.2795883359432185,-0.3263740953501962,0.6443062612579529,0.49715571854340496,1.4363403389678682,-2.0163903348612373
-0.2794522715325698,-0.32659306289334755,0.6444584846588164,0.49724935404679105,1.4361484159962332,-2.016417156369212
-0.2793161756649214,-0.32681210272049227,0.6446107507162018,0.49734299080573174,1.4359563936310802,-2.0164439768078197
-0.27918004826390774,-0.327031214742894,0.6447630593820173,0.4974366287679149,1.4357642719041526,-2.0164707959446657
-0.27904388925375745,-0.3272503988729969,0.6449154106090291,0.4975302678820472,1.4355720508453762,-2.0164976135418002
-0.2789076985585499,-0.32746965502189745,0.6450678043490536,0.4976239080960471,1.4353797304860398,-2.0165244293631437
-0.27877147610260433,-0.3276889831006779,0.6452202405539129,0.49771754935799395,1.4351873108571231,-2.0165512431705976
-0.2786352218098962,-0.32790838301844516,0.6453727191740306,0.49781119161473036,1.4349947919917572,-2.0165780547297953
-0.27849893560516925,-0.32812785468612904,0.645525240161148,0.4979048348145716,1.4348021739204555,-2.0166048637989857
-0.2783626174127374,-0.3283473980124009,0.6456778034654072,0.4979984789043888,1.4346094566762484,-2.0166316701410123
-0.2782262583213928,-0.3285670160288741,0.645830411273919,0.498092125285147,1.4344166375412912,-2.016658466538736
-0.2780898689008158,-0.32878671370949714,0.6459830669217581,0.4981857758155071,1.4342237121134496,-2.0166852680841414
-0.2779534472610603,-0.32900648278417566,0.6461357647430286,0.4982794270780836,1.4340306875982618,-2.01671206618249
-0.27781699332649623,-0.3292263231587836,0.6462885046859301,0.4983730790184192,1.4338375640309744,-2.016738860596747
-0.2776805062395997,-0.3294462350178492,0.6464412868981047,0.4984667317120732,1.4336443411994195,-2.0167656504623195
-0.2775439859540487,-0.32966621903862864,0.6465941118587097,0.49856038542390063,1.4334510184613254,-2.016792436178097
-0.2774074324354334,-0.32988627524525366,0.6467469795969665,0.4986540401480485,1.4332575957465141,-2.0168192176344215
-0.2772708456189674,-0.3301064035256422,0.6468998900485228,0.498747695822264,1.4330640731046342,-2.0168459945875012
-0.27713422543981814,-0.3303266037678596,0.6470528431491402,0.4988413523844803,1.4328704505849688,-2.016872766792148
-0.2769975718331885,-0.3305468758604115,0.6472058388349078,0.4989350097730265,1.4326767282360586,-2.016899534000904
-0.2768608847339795,-0.3307672196910563,0.647358877041389,0.4990286679257792,1.432482906107198,-2.0169262959675067
-0.27672416407678924,-0.33098763514678436,0.6475119577036086,0.49912232678014845,1.432288984248459,-2.0169530524469446
-0.27658740979644847,-0.33120812211566136,0.647665080757371,0.4992159862743989,1.4320949627083686,-2.016979803190032
-0.2764506218275855,-0.33142868048530644,0.6478182461381725,0.4993096463465613,1.431900841535824,-2.017006547947867
-0.2763138001043597,-0.3316493101419763,0.6479714537805443,0.4994033069337755,1.4317066207812421,-2.0170332864744993
-0.2761769534637768,-0.3318700078439922,0.6481247013857017,0.4994969665377235,1.431512303282252,-2.0170600255661277
-0.2760400711176718,-0.3320907683191472,0.6482779854300671,0.49959062312718305,1.4313178935681934,-2.0170867495041342
-0.275903154825329,-0.33231159973111013,0.6484313115341975,0.4996842800433956,1.43112338443329,-2.0171134664622574
-0.2757662045206821,-0.33253250196619527,0.648584679632707,0.4997779372238991,1.4309287759271068,-2.0171401761901833
-0.2756292201374908,-0.3327534749103143,0.6487380896599308,0.4998715946060348,1.4307340680995138,-2.017166878437681
-0.27549220160941346,-0.3329745184492088,0.6488915415500935,0.4999652521271133,1.4305392610003924,-2.017193572953915
-0.27535514887012447,-0.33319563246884226,0.6490450352375889,0.500058909724698,1.4303443546791408,-2.017220259486287
-0.2752180618530131,-0.3334168168543705,0.6491985706562438,0.5001525673358668,1.4301493491859656,-2.0172469377834386
-0.2750809404914145,-0.3336380714909058,0.6493521477398652,0.500246224897762,1.4299542445709197,-2.0172736075930073
-0.27494378471874636,-0.33385939626398853,0.6495057664225756,0.5003398823479277,1.4297590408833134,-2.0173002686602377
-0.27480659446790234,-0.33408079105750005,0.6496594266373226,0.5004335396228154,1.4295637381743262,-2.017326920734077
-0.2746693696719813,-0.33430225575615086,0.6498131283176583,0.5005271966595678,1.42936833649389,-2.017353563559895
-0.27453211026410074,-0.33452379024483125,0.6499668713972726,0.5006208533955538,1.429172835891498,-2.0173801968813665
-0.27439481617694383,-0.3347453944070554,0.650120655808883,0.5007145097672553,1.4289772364181565,-2.0174068204450184
-0.2742574873431316,-0.3349670681262256,0.6502744814851367,0.500808165711173,1.4287815381247986,-2.017433433996522
-0.2741201236954147,-0.3351888112862858,0.65042834835908,0.5009018211642944,1.4285857410614642,-2.0174600372787816
-0.27398272516646394,-0.33541062377099756,0.6505822563636401,0.5009954760635782,1.4283898452782036,-2.017486630034036
-0.27384529168836735,-0.33563250546219825,0.6507362054303765,0.5010891303447047,1.428193850827265,-2.0175132120089456
-0.2737078231938721,-0.33585445624406074,0.6508901954925332,0.5011827839451285,1.4279977577577505,-2.0175397829421433
-0.273570319614862,-0.33607647599787455,0.6510442264812992,0.5012764368003416,1.427801566122156,-2.017566342579461
-0.2734327808838062,-0.3362985646069866,0.6511982983293496,0.5013700888474125,1.42760527597018,-2.0175928906595075
-0.27329520693248277,-0.33652072195243476,0.6513524109677147,0.5014637400218585,1.4274088873541948,-2.017619426926403
-0.27315759769317527,-0.3367429479170463,0.6515065643287192,0.5015573902605831,1.4272124003241067,-2.0176459511178084
-0.2730199530974833,-0.33696524238133047,0.6516607583430383,0.5016510394989323,1.4270158149325058,-2.017672462976917
-0.2728822730773297,-0.3371876052269583,0.6518149929421901,0.5017446876731919,1.4268191312303016,-2.0176989622422776
-0.2727445575645939,-0.3374100363354739,0.6519692680576132,0.5018383347196598,1.42662234926834,-2.0177254486515643
-0.27260680649057445,-0.33763253558645456,0.6521235836193484,0.5019319805733315,1.426425469099704,-2.017751921946934
-0.27246901978716487,-0.3378551028615477,0.6522779395589304,0.5020256251707921,1.4262284907746603,-2.0177783818632395
-0.27233119751277446,-0.33807773799547913,0.652432335774586,0.5021192684270667,1.4260314143869157,-2.017804828242981
-0.27219333976747606,-0.3383004406828909,0.6525867720678362,0.5022129101997669,1.4258342401526278,-2.017831260852622
-0.2720554464401097,-0.3385232106201754,0.652741248242843,0.5023065503486963,1.425636968285217,-2.017857679248607
-0.2719175174604942,-0.33874604769081884,0.6528957642324755,0.5024001888115174,1.4254395988329802,-2.017884083164034
-0.27177955275786747,-0.33896895177625663,0.6530503199681443,0.5024938255245298,1.425242131846552,-2.017910472336684
-0.27164155226154385,-0.33919192275817633,0.6532049153814508,0.5025874604243251,1.4250445673760126,-2.0179368465022853
-0.2715035159009034,-0.3394149605184389,0.653359550404133,0.5026810934477289,1.424846905470991,-2.0179632053947487
-0.27136544360484116,-0.339638064937189,0.6535142249667079,0.5027747245304464,1.4246491461830315,-2.017989548751672
-0.27122733530259957,-0.3398612358957209,0.653668939000529,0.5028683536091177,1.4244512895620007,-2.0180158763059763
-0.2710891909233233,-0.3400844732749375,0.6538236924366791,0.5029619806202155,1.424253335658018,-2.018042187790392
-0.27095101039574754,-0.3403077769542766,0.6539784852052026,0.5030556054992719,1.424055284522799,-2.018068482940588
-0.27081279364906585,-0.34053114681467794,0.654133317237231,0.5031492281830101,1.4238571362059396,-2.0180947614865166
-0.27067454061171325,-0.34075458273441045,0.6542881884619924,0.5032428486063496,1.4236588907601406,-2.01812102316457
-0.27053625121275005,-0.340978084593809,0.6544430988102077,0.5033364667058052,1.4234605482352762,-2.0181472677037746
-0.27039792538086616,-0.34120165227187194,0.654598048211648,0.5034300824170478,1.4232621086826527,-2.018173494835691
-0.2702595630447142,-0.3414252856473719,0.6547530365959378,0.5035236956757004,1.4230635721536147,-2.0181997042911863
-0.27012116413269105,-0.341648984598107,0.6549080638920097,0.5036173064167997,1.4228649387004901,-2.0182258958026056
-0.2699827285735221,-0.341872749002934,0.6550631300295695,0.5037109145762606,1.4226662083740307,-2.0182520690978336
-0.26984425625645514,-0.3420965787528546,0.655218234946906,0.5038045200950515,1.4224673812139663,-2.0182782238761963
-0.2697057470555677,-0.3423204737840706,0.6553733786135627,0.5038981229331164,1.4222684572196589,-2.018304359853193
-0.26956720091328457,-0.34254443403174334,0.6555285609979231,0.5039917230491783,1.4220694363925563,-2.0183304768185373
-0.269428617759254,-0.34276845937149053,0.6556837820274479,0.5040853203778048,1.4218703187857393,-2.0183565744982963
-0.26928999752280447,-0.34299254967761583,0.6558390416286692,0.5041789148527496,1.4216711044536747,-2.0183826526208803
-0.26915134013337116,-0.34321670482459155,0.6559943397282506,0.5042725064080127,1.4214717934503636,-2.0184087109127344
-0.26901264552033055,-0.3434409246864854,0.6561496762525785,0.5043660949774329,1.421272385830056,-2.018434749100002
-0.26887391361290724,-0.34366520913663345,0.6563050511275259,0.5044596804944508,1.4210728816476605,-2.018460766909472
-0.268735144340706,-0.3438895580494772,0.656460464279772,0.5045532628934278,1.4208732809564497,-2.0184867640632436
-0.2685963376327436,-0.34411397129721943,0.656615915634402,0.5046468421072474,1.4206735838122337,-2.01851274028844
-0.26845749341822867,-0.34433844875251857,0.6567714051168392,0.504740418069245,1.4204737902700026,-2.018538695309383
-0.26831861162650306,-0.3445629902882709,0.6569269326526905,0.5048339907130589,1.4202739003841867,-2.0185646288482118
-0.268179692186564,-0.34478759577598883,0.6570824981665817,0.50492755997146,1.420073914210689,-2.0185905406296047
-0.2680407350276326,-0.34501226508772326,0.657238101583538,0.5050211257777345,1.419873831804486,-2.0186164303751952
-0.2679017426892365,-0.345236997198071,0.6573937421959175,0.5051146876776893,1.4196736540600445,-2.018642299892249
-0.26776271194777834,-0.34546179041121955,0.657549418865468,0.5052082449804501,1.4194733823499734,-2.0186681443362677
-0.2676236432648196,-0.3456866470771407,0.6577051332220734,0.5053017986370117,1.4192730145615127,-2.018693965911058
-0.26748453656893467,-0.34591156706565335,0.6578608851891969,0.5053953485794812,1.4190725507514856,-2.018719764339636
-0.2673453917891031,-0.34613655024776174,0.6580166746911633,0.5054888947409449,1.4188719909749798,-2.0187455393400837
-0.2672062088539544,-0.34636159649305254,0.6581725016512925,0.5055824370536016,1.4186713352885898,-2.018771290633113
-0.2670669876922549,-0.34658670567135796,0.6583283659930927,0.5056759754499542,1.4184705837483484,-2.0187970179372354
-0.2669277282326128,-0.3468118776517544,0.6584842676395417,0.5057695098620916,1.4182697364109718,-2.0188227209716687
-0.2667884304037589,-0.3470371123035233,0.6586402065137764,0.5058630402223788,1.4180687933326614,-2.0188483994535473
-0.2666490941341948,-0.3472624094949208,0.6587961825382096,0.5059565664625738,1.4178677545706404,-2.0188740531014893
-0.26650971935252343,-0.3474877690943538,0.6589521956353757,0.5060500885146721,1.4176666201816825,-2.018899681632186
-0.2663703059872198,-0.3477131909695507,0.6591082457273321,0.5061436063103104,1.4174653902231504,-2.0189252847628034
-0.26623085396704305,-0.3479386749889988,0.6592643327366945,0.5062371197818025,1.4172640647511987,-2.0189508622068115
-0.26609136322009164,-0.3481642210186723,0.6594204565842858,0.5063306288597821,1.4170626438248604,-2.018976413683486
-0.265951833675091,-0.3483898289264975,0.659576617192343,0.5064241334764203,1.4168611275004677,-2.01900193890493
-0.26581226526020174,-0.34861549857821383,0.6597328144815444,0.5065176335624432,1.4166595158368247,-2.019027437588104
-0.26567265790404093,-0.34884122984091115,0.6598890483735507,0.5066111290496785,1.4164578088907909,-2.019052909444556
-0.2655330115824448,-0.34906702256373034,0.6600453187773989,0.5067046198619837,1.4162560067364929,-2.019078354227386
-0.26539332623102396,-0.34929287656155156,0.6602016255787242,0.5067981059095749,1.416054109476846,-2.0191037716172473
-0.26525360177283375,-0.3495187916834311,0.6603579686867471,0.5068915871165129,1.4158521171846528,-2.0191291613114446
-0.2651138381351412,-0.34974476779740543,0.660514348023808,0.5069850634152262,1.4156500299153243,-2.0191545230190786
-0.2649740352446077,-0.3499708047691656,0.6606707635105749,0.5070785347365857,1.4154478477269326,-2.019179856454559
-0.2648341930283813,-0.3501969024658747,0.6608272150687844,0.5071720010126499,1.4152455706754523,-2.019205161326538
-0.2646943114129945,-0.35042306075232565,0.6609837026184819,0.5072654621738993,1.4150431988195544,-2.0192304373490453
-0.26455439032564865,-0.35064927949540425,0.6611402260812294,0.5073589181524533,1.4148407322150327,-2.0192556842285447
-0.26441442969292517,-0.35087555855961267,0.6612967853768863,0.5074523688788422,1.4146381709203932,-2.019280901676914
-0.2642744294416346,-0.35110189781000967,0.6614533804257259,0.5075458142841288,1.4144355149931833,-2.0193060894029164
-0.2641343894984294,-0.351328297110868,0.6616100111474661,0.5076392542989385,1.4142327644916688,-2.0193312471160936
-0.26399430976497307,-0.35155475633580313,0.6617666774683997,0.5077326888581656,1.4140299194646833,-2.0193563745020104
-0.26385419019628564,-0.35178127536458703,0.6619233793188237,0.507826117898797,1.4138269799573,-2.0193814713115774
-0.26371403120038917,-0.35200785387278544,0.6620801164865311,0.5079195412728259,1.4136239462064801,-2.019406537622209
-0.26357382326209233,-0.3522344944333204,0.6622368907940053,0.508012960043406,1.4134208156303423,-2.019431565177738
-0.26343357747951046,-0.35246120264724995,0.6623937060734661,0.5081063764732607,1.4132175835409657,-2.0194565699717284
-0.26329329188342143,-0.35268796954681686,0.6625505561630636,0.5081997868680149,1.4130142577126343,-2.019481542911556
-0.2631529663832941,-0.35291479502470846,0.6627074410022686,0.5082931911708531,1.412810838176873,-2.0195064837029055
-0.2630126008886142,-0.353141678970066,0.6628643605280393,0.5083865893228602,1.412607324968955,-2.0195313920568627
-0.26287219530984984,-0.353368621271987,0.6630213146773425,0.5084799812655316,1.4124037181235558,-2.0195562676799326
-0.26273174955779055,-0.3535956218173596,0.6631783033855916,0.5085733669391999,1.4122000176774665,-2.0195811102804333
-0.2625912635439285,-0.353822680492321,0.6633353265876969,0.5086667462840703,1.4119962236677983,-2.0196059195644223
-0.2624507371803855,-0.3540497971821395,0.6634923842179772,0.5087601192401285,1.4117923361321356,-2.0196306952361436
-0.2623101703794184,-0.3542769717695897,0.6636494762089935,0.5088534857459541,1.4115883551105808,-2.019655437002863
-0.2621695630540888,-0.354504204137415,0.6638066024933158,0.508946845740486,1.4113842806426993,-2.0196801445678507
-0.26202891511764825,-0.3547314941662853,0.6639637630020565,0.5090401991615394,1.4111801127700738,-2.019704817636396
-0.261888226484162,-0.35495884173707215,0.6641209576665026,0.5091335459474389,1.410975851533485,-2.019729455909326
-0.26174749706771383,-0.3551862467281788,0.6642781864161984,0.5092268860350793,1.4107714969762468,-2.0197540590908303
-0.26160672678280683,-0.3554137090170243,0.664435449180008,0.5093202193609916,1.4105670491423712,-2.0197786268842557
-0.26146591131977814,-0.3556412299078152,0.6645927468831108,0.5094135464465168,1.4103625066882697,-2.019803155585818
-0.26132505595609423,-0.35586881178244767,0.6647500811650633,0.5095068682555957,1.4101578676192783,-2.019827652523381
-0.26118415969321696,-0.35609645021276765,0.6649074489888274,0.5096001829587032,1.4099531357383797,-2.019852113122482
-0.2610432224406001,-0.35632414508212806,0.6650648502873793,0.5096934904947981,1.4097483110840356,-2.0198765370875473
-0.26090224410876495,-0.35655189627436873,0.6652222849940808,0.5097867908036072,1.4095433936934867,-2.0199009241171377
-0.26076122460849227,-0.3567797036711283,0.6653797530407464,0.5098800838236841,1.4093383836060975,-2.0199252739118174
-0.2606201638512502,-0.3570075671534374,0.665537254358787,0.509973369493538,1.4091332808614028,-2.019949586169687
-0.2604790617488524,-0.35723548660064197,0.6656947888784361,0.5100666477508515,1.4089280855004493,-2.0199738605895954
-0.2603379182135077,-0.3574634618906937,0.6658523565289549,0.5101599185326792,1.4087227975654515,-2.0199980968704
-0.26019673315812764,-0.35769149290131214,0.6660099572394724,0.5102531817762749,1.4085174170983588,-2.020022294707727
-0.2600555064958421,-0.357919579508393,0.6661675909378331,0.5103464374179347,1.4083119441428442,-2.020046453798649
-0.25991423814030234,-0.35814772158716046,0.6663252575514309,0.5104396853938206,1.4081063787428836,-2.0200705738384546
-0.25977292800548746,-0.35837591901156934,0.6664829570067758,0.510532925639519,1.4079007209435077,-2.020094654522463
-0.25963157600553277,-0.35860417165380626,0.666640689229133,0.510626158089672,1.4076949707914372,-2.0201186955475463
-0.2594901820555524,-0.35883247938722473,0.6667984541446375,0.5107193826800922,1.407489128331435,-2.020142696603733
-0.25934874607031144,-0.35906084208179756,0.6669562516770178,0.5108125993444675,1.4072831936119747,-2.0201666573874117
-0.25920726796547733,-0.35928925960855024,0.6671140817507881,0.5109058080175578,1.4070771666797384,-2.0201905775886164
-0.25906574765639157,-0.3595177318353394,0.6672719442882076,0.5109990086321393,1.4068710475848667,-2.020214456903261
-0.2589241850594117,-0.35974625863162024,0.667429839212712,0.5110922011224416,1.4066648363750467,-2.020238295019462
-0.258782580090708,-0.3599748398642877,0.6675877664459211,0.5111853854211359,1.4064585331006856,-2.020262091629601
-0.25864093266223076,-0.3602034754018483,0.6677457259105997,0.511278561461832,1.4062521378101371,-2.0202858464190934
-0.25849924007095026,-0.36043216599169864,0.6679037181405452,0.5113717295286637,1.406045649682514,-2.020309556965037
-0.25835750493137866,-0.36066091327954813,0.6680617442789267,0.5114648902914287,1.4058390672988157,-2.020333227182824
-0.2582157267386922,-0.36088971504362416,0.6682198028076569,0.5115580428260764,1.4056323925316558,-2.020356854719748
-0.2580739054196295,-0.3611185711328888,0.6683778936359652,0.5116511870582076,1.4054256254461004,-2.0203804392596543
-0.25793204090026034,-0.3613474813937322,0.6685360166712409,0.5117443229116937,1.4052187661101465,-2.0204039804923397
-0.25779013310757737,-0.36157644567558367,0.6686941718230734,0.511837450312733,1.405011814587752,-2.0204274780973748
-0.2576481914852824,-0.36180546064621294,0.6688523567915401,0.5119305679269522,1.404804774107879,-2.020450939460409
-0.2575062045551624,-0.36203452020780486,0.6690105674027667,0.5120236731980761,1.4045976495419483,-2.0204743476173364
-0.2573641741377628,-0.36226363332218664,0.6691688098483222,0.5121167697903617,1.4043904330019719,-2.0204977112022124
-0.2572221001590833,-0.36249279983442795,0.6693270840346992,0.5122098576273704,1.404183124556293,-2.020521029901435
-0.2570799825459442,-0.3627220195922546,0.6694853898703155,0.5123029366347153,1.403975724269689,-2.0205443033922807
-0.25693782122413467,-0.3629512924395659,0.6696437272608438,0.5123960067353706,1.4037682322114289,-2.0205675313615883
-0.2567956161203835,-0.36318061822334397,0.6698020961141888,0.512489067854672,1.4035606484466854,-2.0205907134858463
-0.2566533671607285,-0.3634099967879195,0.669960496336357,0.5125821199161669,1.4033529730436622,-2.020613849447717
-0.2565110742714287,-0.36363942797819115,0.6701189278337747,0.5126751628439433,1.4031452060695926,-2.0206369389267613
-0.2563687373787804,-0.3638689116389614,0.6702773905128123,0.5127681965621517,1.4029373475915632,-2.0206599816013506
-0.25622635640875036,-0.364098447613665,0.6704358842788638,0.5128612209940817,1.402729397678097,-2.020682977152329
-0.256083931287721,-0.3643280357469653,0.6705944090382219,0.5129542360640433,1.4025213563959253,-2.0207059252555375
-0.25594146194155165,-0.3645576758814716,0.6707529646957089,0.5130472416949903,1.4023132238140645,-2.0207288255912625
-0.25579894829651906,-0.36478736786103555,0.6709115511570554,0.5131402378109072,1.4021049999997235,-2.020751677834746
-0.2556563902785607,-0.36501711152809385,0.6710701683269829,0.5132332243348835,1.4018966850216037,-2.0207744816638424
-0.2555137878138467,-0.3652469067256785,0.6712288161106534,0.5133262011905724,1.4016882789474006,-2.020797236753218
-0.2553711408281316,-0.36547675329513124,0.6713874944120226,0.5134191683005335,1.4014797818466425,-2.0208199427809395
-0.2552284492476593,-0.3657066510792925,0.6715462031361374,0.5135121255885422,1.4012711937867326,-2.0208425994192942
-0.255085712998083,-0.365936599918693,0.6717049421863912,0.5136050729768331,1.4010625148376754,-2.0208652063457473
-0.2549429320054539,-0.3661665996550351,0.6718637114670338,0.5136980103886202,1.400853745067754,-2.0208877632329245
-0.25480010619577875,-0.366396650129644,0.672022510882055,0.5137909377469758,1.4006448845454538,-2.0209102697530708
-0.25465723549464947,-0.36662675118214777,0.6721813403342307,0.5138838549738736,1.4004359333411014,-2.0209327255818414
-0.2545143198281563,-0.3668569026536974,0.6723401997274485,0.5139767619925228,1.4002268915228668,-2.0209551303890483
-0.25437135912196407,-0.36708710438371966,0.6724990889643627,0.5140696587250144,1.4000177591607923,-2.0209774838479917
-0.2542283629344313,-0.3673173530243881,0.6726580057449181,0.5141625438708802,1.3998085395611992,-2.020999793458321
-0.25408531966489,-0.3675476423392653,0.6728169457848714,0.5142554147794747,1.39959923764018,-2.0210220420379574
-0.2539422311398729,-0.36777798142140306,0.6729759153704995,0.514348275168234,1.3993898453975921,-2.021044238287775
-0.2537990972852455,-0.3680083701099741,0.6731349144043173,0.5144411249595872,1.3991803629027495,-2.0210663818760572
-0.2536559180265465,-0.36823880824275534,0.673293942787843,0.5145339640750841,1.3989707902264303,-2.021088472473629
-0.253512693289629,-0.3684692956584027,0.6734530004232426,0.5146267924370436,1.398761127438055,-2.0211105097473228
-0.25336941333836815,-0.36869983538340473,0.6736120894131492,0.514719611180349,1.3985513713530016,-2.021132485506323
-0.2532260968967641,-0.3689304309743768,0.6737712122230368,0.5148124219151696,1.3983415196260842,-2.0211544222118842
-0.25308273364071887,-0.3691610682950459,0.6739303591134806,0.5149052187658952,1.3981315841734332,-2.021176298073907
-0.2529393248566141,-0.3693917538442215,0.6740895345820834,0.5149980043865006,1.3979215592569516,-2.021198119240039
-0.2527958704676987,-0.3696224874616048,0.6742487385317308,0.5150907786996892,1.3977114449448804,-2.0212198853780516
-0.25265237039728383,-0.36985326898677406,0.6744079708652304,0.5151835416282199,1.3975012413053274,-2.021241596154487
-0.2525088245690368,-0.37008409826019656,0.6745672314860447,0.5152762930956353,1.3972909484050202,-2.0212632512317676
-0.2523652328138031,-0.37031497514914424,0.6747265203160122,0.5153690330345159,1.397080566283609,-2.021284850205773
-0.25222159477698725,-0.37054589968004364,0.6748858373868485,0.5154617614415681,1.3968700948298773,-2.0213063925804944
-0.2520779104428712,-0.3707768719748887,0.6750451827962118,0.5155544783551173,1.3966595338652168,-2.0213278783015864
-0.25193417973699717,-0.3710078918674619,0.6752045564428819,0.5156471836954789,1.3964488834619502,-2.021349307032509
-0.25179040258521024,-0.3712389591923746,0.6753639582262467,0.5157398773837009,1.3962381436911062,-2.021370678432878
-0.25164657891280307,-0.37147007378203933,0.6755233880441205,0.5158325593393714,1.396027314626165,-2.0213919921671435
-0.25150270864552837,-0.37170123547024625,0.6756828457953223,0.515925229483209,1.3958163963386363,-2.0214132478943436
-0.25135879170875075,-0.37193244408916365,0.6758423313775119,0.5160178877348879,1.39560538890177,-2.0214344452766975
-0.251214828028159,-0.3721636994718613,0.6760018446890115,0.516110534014872,1.3953942923874283,-2.0214555839723696
-0.25107082726827556,-0.37239499825454514,0.6761613834282763,0.516203167053565,1.395183110177062,-2.021476671592642
-0.2509267777168773,-0.37262633407646806,0.6763209432117909,0.5162957841137419,1.3949718472232,-2.021497690759549
-0.2507826812052336,-0.37285771614876057,0.6764805304112986,0.5163883889613484,1.3947604954238035,-2.021518650223622
-0.25063853765876054,-0.37308914430249474,0.676640144923724,0.5164809815159251,1.3945490548521584,-2.021539549643019
-0.2504943470028618,-0.37332061836844477,0.6767997866457849,0.5165735616969297,1.3943375255816517,-2.021560388675281
-0.2503501091629765,-0.37355213817725963,0.6769594554741234,0.5166661294238624,1.3941259076855559,-2.0215811669768446
-0.25020582406432723,-0.3737837035585507,0.6771191513046411,0.5167586846156038,1.3939142012381591,-2.0216018842056527
-0.2500614916326276,-0.3740153143434398,0.6772788740343421,0.5168512271922642,1.3937024063116115,-2.0216225400138508
-0.2499171117928345,-0.37424697036008486,0.6774386235581038,0.5169437570719363,1.39349052298146,-2.021643134060614
-0.24977268447049816,-0.3744786714385046,0.6775983997721555,0.5170362741741961,1.393278551320683,-2.0216636659983163
-0.2496282095908562,-0.3747104174073379,0.6777582025717441,0.5171287784177525,1.3930664914036945,-2.0216841354818214
-0.24948368707909108,-0.3749422080947849,0.6779180318518101,0.5172212697211294,1.392854343305182,-2.0217045421657813
-0.24933911686081167,-0.375174043330281,0.6780778875081972,0.517313748003881,1.3926421070980362,-2.0217248856998458
-0.24919449886086475,-0.37540592294030306,0.6782377694346238,0.5174062131835471,1.3924297828585386,-2.02174516574067
-0.2490498330047819,-0.3756378467535016,0.67839767752639,0.5174986651793801,1.3922173706600094,-2.0217653819372194
-0.24890511921757952,-0.37586981459642316,0.678557611677288,0.5175911039092381,1.3920048705781054,-2.0217855339430204
-0.2487603574245334,-0.376101826296277,0.6787175717815983,0.5176835292915941,1.3917922826873914,-2.021805621408232
-0.24861554755087756,-0.3763338816798585,0.6788775577333159,0.517775941244755,1.3915796070626751,-2.0218256439827362
-0.24847068952169238,-0.37656598057315144,0.6790375694258595,0.5178683396865719,1.3913668437794984,-2.0218456013172736
-0.2483257832623238,-0.37679812280281766,0.6791976067531498,0.5179607245355233,1.3911539929122918,-2.021865493059175
-0.24818083853468043,-0.3770303049910707,0.6793576674125075,0.5180530945511433,1.3909410579123516,-2.0218853269239174
-0.24803584352554964,-0.3772625206679676,0.6795177469328486,0.5181454469183556,1.3907280437601062,-2.021905085357376
-0.2478908000690394,-0.37749477914903734,0.679677851761689,0.5182377854461353,1.3905149422632561,-2.0219247771500806
-0.24774570808996899,-0.37772708025794866,0.6798379817908282,0.5183301100513187,1.3903017534988777,-2.0219444019522053
-0.24760056751378734,-0.3779594238203649,0.67999813691352,0.5184224206523245,1.390088477541311,-2.021963959406759
-0.24745537826524888,-0.37819180965918864,0.680158317021033,0.5185147171656992,1.3898751144680392,-2.0219834491631796
-0.2473101402696276,-0.3784242375989064,0.680318522005793,0.5186069995092755,1.3896616643543171,-2.0220028708649176
-0.24716485345186,-0.37865670746252894,0.6804787517591695,0.5186992675999483,1.389448127276952,-2.0220222241581745
-0.24701951773717568,-0.3788892190738315,0.6806390061730969,0.5187915213553015,1.3892345033115372,-2.022041508685509
-0.24687413305043115,-0.37912177225498556,0.6807992851383617,0.5188837606918898,1.389020792535375,-2.022060724092597
-0.2467286993165949,-0.3793543668282837,0.6809595885458481,0.5189759855264886,1.3888069950253503,-2.022079870023308
-0.24658321646082637,-0.37958700261642386,0.6811199162867467,0.5190681957763043,1.3885931108575713,-2.0220989461188896
-0.2464376845887113,-0.3798196793822343,0.6812802682112609,0.5191603913369349,1.3883791401718741,-2.022117952171404
-0.2462921039803554,-0.38005239664686224,0.681440644003156,0.5192525720091032,1.3881650833315151,-2.022136887974268
-0.2461464744820958,-0.3802851538553576,0.6816010432927011,0.5193447375551428,1.3879509407417325,-2.0221557528068677
-0.2460007960160251,-0.3805179508338465,0.6817614659734925,0.519436887894065,1.3877367124751923,-2.022174546308458
-0.24585506850331562,-0.38075078740731405,0.6819219119382849,0.5195290229439418,1.3875223986059246,-2.0221932681221895
-0.2457092918650794,-0.38098366340282763,0.6820823810813263,0.5196211426242393,1.3873079992053472,-2.0222119178860183
-0.24556346602143098,-0.38121657864632663,0.6822428732960293,0.5197132468534633,1.3870935143462513,-2.022230495242012
-0.24541759082672332,-0.3814495329871808,0.6824033884918812,0.5198053355590275,1.3868789440759426,-2.0222489997728994
-0.2452716661107397,-0.38168252634898453,0.6825639266295065,0.5198974086975825,1.3866642883749873,-2.022267431096043
-0.24512569182753552,-0.38191555865333143,0.6827244876684682,0.5199894662273332,1.386449547232921,-2.022285788957303
-0.24497966790910652,-0.38214862970926505,0.6828850714905865,0.520081508060703,1.3862347207367949,-2.022304072990938
-0.24483359428721485,-0.3823817393238026,0.6830456779762382,0.5201735341088713,1.3860198089758151,-2.0223222828347724
-0.24468747089380827,-0.38261488730341,0.6832063070054217,0.5202655442828468,1.385804812039525,-2.0223404181259776
-0.24454130128355978,-0.3828480722878309,0.6833669576622285,0.5203575380883295,1.3855897312743406,-2.022358481482061
-0.2443950806600732,-0.38308129188108786,0.6835276282929756,0.5204495144539457,1.3853745684199608,-2.022376465869645
-0.2442488097209914,-0.3833145497919739,0.6836883214747291,0.5205414748904934,1.385159320166452,-2.022394374642299
-0.24410248839100745,-0.38354784583663243,0.683849037094129,0.5206334193127046,1.384943986593426,-2.0224122074353077
-0.24395611659522842,-0.38378117983237187,0.6840097750386676,0.5207253476362924,1.3847285677787926,-2.0224299638791883
-0.24380969425827992,-0.384014551594485,0.6841705351943914,0.5208172597756401,1.3845130638026724,-2.0224476436087455
-0.24366322316066213,-0.38424796034187736,0.6843313170409604,0.5209091554399121,1.384297475391075,-2.022465247787584
-0.2435167030207186,-0.3844814040491766,0.6844921191927114,0.5210010337936021,1.384081804237448,-2.0224827744564813
-0.24337012377695366,-0.3847148855879606,0.6846529436163302,0.5210928957924141,1.383866047074546,-2.0225002148931805
-0.24322349729424708,-0.3849484111787489,0.684813794658166,0.5211847441891524,1.3836501990945134,-2.0225175861904563
-0.24307682162285182,-0.38518197091378636,0.6849746654829474,0.5212765749143898,1.383434268846317,-2.0225348787642004
-0.242930096725674,-0.38541556455093756,0.6851355559373622,0.5213683878617922,1.3832182564634803,-2.0225520922407885
-0.24278332256620772,-0.3856491918445927,0.6852964658656533,0.521460182923179,1.3830021620831234,-2.022569226250694
-0.24263649910942497,-0.38588285254871807,0.6854573951118259,0.5215519599907619,1.3827859858421883,-2.0225862804196475
-0.242489616290535,-0.3861165496297304,0.685618345705735,0.5216437200489829,1.3825697243710686,-2.022603246083869
-0.24234268601057174,-0.38635028932516835,0.6857793220091271,0.5217354658687969,1.382353372867526,-2.022620140381089
-0.24219570556906866,-0.3865840619277143,0.6859403173215277,0.52182719344651,1.3821369396508443,-2.0226369530851303
-0.24204867368746807,-0.3868178683612695,0.6861013322908072,0.5219189031220722,1.3819204237391123,-2.0226536833639797
-0.24190159054017268,-0.38705170973409964,0.6862623676970805,0.5220105953405636,1.3817038240846249,-2.0226703320712662
-0.2417544560479925,-0.3872855858645131,0.6864234234285118,0.5221022700183201,1.3814871407623666,-2.022686898833654
-0.24160727010544392,-0.3875194965791148,0.6865844993789176,0.5221939270746456,1.3812703738378516,-2.022703383253797
-0.2414600340679236,-0.38775344126338396,0.6867455951426003,0.5222855662820675,1.3810535238668107,-2.022719786165945
-0.24131274628853028,-0.38798741876624204,0.6869067099324426,0.5223771871297276,1.3808365916736118,-2.022736104808055
-0.24116540693192334,-0.38822143016011434,0.6870678445039173,0.5224687900483451,1.3806195762407505,-2.0227523399919156
-0.24101801591712047,-0.38845547526434815,0.6872289987458973,0.5225603749547526,1.3804024776415231,-2.0227684913426565
-0.24087057340242435,-0.3886895538216062,0.6873901724951876,0.5226519417402952,1.3801852960333971,-2.022784558681712
-0.24072307929649028,-0.3889236654090042,0.6875513654733258,0.522743490223944,1.379968031702481,-2.0228005414386154
-0.24057553354363925,-0.3891578098000127,0.6877125775375728,0.5228350203044762,1.3797506847644383,-2.022816439234072
-0.24042793608966484,-0.38939198677285264,0.6878738085485665,0.5229265318835192,1.379533255329729,-2.022832251683338
-0.24028028687989167,-0.3896261961024912,0.688035058364612,0.5230180248605893,1.379315743512487,-2.022847978408653
-0.2401325858604597,-0.38986043756511846,0.6881963268449258,0.5231094991363744,1.3790981494249894,-2.022863619026355
-0.23998483297769813,-0.3900947109356976,0.6883576138478649,0.5232009546109653,1.3788804731806572,-2.0228791731536937
-0.23983702817816877,-0.3903290159879573,0.6885189192309209,0.5232923911838697,1.3786627148940496,-2.02289464040869
-0.2396891714089353,-0.39056335249517254,0.6886802428512904,0.5233838087546006,1.3784448746798872,-2.02291002040777
-0.23954126261746111,-0.3907977202296033,0.6888415845654676,0.5234752072222841,1.378226952653727,-2.022925312767203
-0.23939330175167228,-0.3910321189625713,0.6890029442293035,0.523566586485736,1.3780089489318519,-2.0229405171027235
-0.23924528875988038,-0.39126654846394415,0.6891643216976342,0.5236579464431038,1.3777908636318925,-2.022955633030845
-0.23909722359118835,-0.39150100850346625,0.6893257168252465,0.5237492869928578,1.3775726968711695,-2.022970660164913
-0.23894910603440422,-0.39173549890081233,0.689487129500741,0.5238406080497496,1.3773544487109504,-2.0229855979841385
-0.23880093543990988,-0.39197001977711143,0.6896485598190636,0.5239319096390392,1.3771361189138749,-2.023000445729208
-0.23865271184598047,-0.3922045715183241,0.6898100080612122,0.524023191911046,1.3769177070574474,-2.023015203557814
-0.23850443517749653,-0.3924391539281319,0.6899714741052447,0.5241144547767764,1.376699213226426,-2.023029871085507
-0.2383561053596086,-0.39267376681087857,0.6901329578297108,0.5242056981478544,1.3764806375044873,-2.0230444479245504
-0.23820772231744236,-0.39290840997049575,0.690294459112871,0.5242969219357391,1.3762619799755427,-2.023058933686947
-0.23805928597604442,-0.39314308321030145,0.6904559778325527,0.5243881260515771,1.3760432407239878,-2.023073327985025
-0.23791079626046674,-0.3933777863333201,0.6906175138663819,0.5244793104064375,1.375824419834309,-2.0230876304305276
-0.2377622530959993,-0.39361251914310424,0.6907790670923779,0.5245704749119089,1.375605517390074,-2.023101840632284
-0.23761365640766563,-0.39384728144193415,0.6909406373876497,0.5246616194787892,1.3753865334761393,-2.0231159582013047
-0.23746500612045462,-0.394082073031616,0.6911022246289718,0.5247527440176641,1.3751674681776804,-2.023129982748539
-0.23731629703217205,-0.3943168953358751,0.691263829789841,0.5248438489593567,1.3749483197513375,-2.0231439096077595
-0.23716753522105005,-0.39455175147471966,0.6914254550696421,0.5249349357202064,1.374729085814143,-2.0231577473767337
-0.2370187196372946,-0.394786636222302,0.6915870968654376,0.5250260021496255,1.3745097708251364,-2.0231714909380183
-0.2368698502045028,-0.395021549384164,0.6917487550566443,0.5251170481604247,1.3742903748648034,-2.0231851398955802
-0.236720926845698,-0.3952564907630977,0.6919104295206999,0.5252080736635795,1.3740708980167042,-2.023198693859449
-0.23657194948439475,-0.39549146016304604,0.6920721201358897,0.5252990785710724,1.373851340362684,-2.023212152434688
-0.2364229180439228,-0.39572645738665196,0.6922338267795727,0.5253900627941047,1.3736317019858812,-2.023225515228347
-0.23627383244787126,-0.3959614822368618,0.6923955493293406,0.5254810262442648,1.3734119829687639,-2.0232387818449373
-0.23612469261970048,-0.39619653451556675,0.6925572876620354,0.5255719688325348,1.3731921833947953,-2.023251951890287
-0.23597549848292942,-0.3964316140242592,0.6927190416542217,0.5256628904697683,1.372972303347636,-2.0232650249697013
-0.23582624996148382,-0.396666720565332,0.6928808111831328,0.5257537910676392,1.3727523429095378,-2.0232780006842823
-0.23567694697882402,-0.39690185393890504,0.693042596124366,0.5258446705363228,1.3725323021652542,-2.023290878639937
-0.23552758945885088,-0.3971370139461312,0.6932043963542824,0.5259355287869075,1.3723121811979726,-2.023303658438023
-0.23537817732519883,-0.39737220038663135,0.6933662117481445,0.5260263657295231,1.3720919800924707,-2.023316339682615
-0.23522871050185667,-0.397607413060769,0.6935280421817671,0.5261171812749983,1.3718716989323216,-2.0233289219740844
-0.2350791889127528,-0.3978426517681401,0.6936898875304216,0.52620797533376,1.3716513378017483,-2.023341404913371
-0.23492961248187783,-0.39807791630803385,0.6938517476691697,0.5262987478161671,1.3714308967850595,-2.0233537881006947
-0.23477998113302423,-0.3983132064784724,0.6940136224721676,0.5263894986318081,1.3712103759678325,-2.023366071138282
-0.23463029479038866,-0.3985485220784441,0.6941755118142852,0.526480227691132,1.3709897754341667,-2.02337825362405
-0.23448055337807006,-0.3987838629060571,0.6943374155697661,0.5265709349040997,1.3707690952689542,-2.0233903351568348
-0.2343307568202091,-0.3990192287590533,0.694499333612602,0.5266616201805578,1.3705483355572494,-2.0234023153349545
-0.23418090504085587,-0.3992546194343417,0.6946612658161921,0.5267522834298958,1.3703274963848449,-2.023414193757531
-0.23403099796440685,-0.3994900347295911,0.6948232120545006,0.5268429245622136,1.3701065778363077,-2.023425970019981
-0.23388103551485884,-0.3997254744405085,0.6949851722000799,0.5269335434863266,1.3698855799983332,-2.0234376437217376
-0.23373101761670867,-0.39996093836414803,0.6951471461264735,0.5270241401121867,1.3696645029556738,-2.023449214456885
-0.2335809441943022,-0.4001964262965088,0.6953091337064707,0.5271147143491254,1.3694433467940963,-2.0234606818209646
-0.23343081517177922,-0.4004319380323565,0.6954711348119789,0.5272052661057232,1.3692221116005923,-2.023472045411475
-0.23328063047385506,-0.40066747336808445,0.695633149316099,0.5272957952918991,1.3690007974598764,-2.023483304819802
-0.23313039002465707,-0.4009030320974519,0.6957951770900319,0.5273863018157969,1.3687794044596089,-2.0234944596432562
-0.23298009374897344,-0.4011386140161664,0.6959572180064062,0.5274767855871331,1.3685579326847788,-2.0235055094721397
-0.23282974157110914,-0.4013742189176921,0.696119271936233,0.5275672465141318,1.3683363822228447,-2.023516453901585
-0.23267934766670706,-0.4016098421435829,0.6962813357564195,0.5276576831573208,1.3681147583269113,-2.02352730449781
-0.23252889508543895,-0.40184547417154814,0.6964434027954534,0.5277480911342943,1.3678930678989687,-2.023538036069648
-0.23237838637238895,-0.40208112857904243,0.6966054824726986,0.5278384760036181,1.367671299038239,-2.023548661037236
-0.23222782145331422,-0.4023168051587346,0.6967675746586814,0.5279288376739544,1.3674494518316858,-2.023559178988435
-0.23207720025351364,-0.4025525037012692,0.6969296792224702,0.5280191760526223,1.367227526368483,-2.023569589515428
-0.23192652269866088,-0.4027882239983134,0.6970917960338876,0.5281094910478259,1.367005522736278,-2.023579892206125
-0.23177578871411786,-0.40302396584001565,0.6972539249616627,0.5281997825667927,1.3667834410243171,-2.023590086651339
-0.23162499822547566,-0.4032597290170196,0.6974160658748958,0.528290050517251,1.3665612813209622,-2.023600172439091
-0.2314741511583307,-0.4034955133196183,0.6975782186424442,0.528380294806806,1.3663390437147407,-2.0236101491570175
-0.23132324743827581,-0.403731318537745,0.6977403831329134,0.5284705153429392,1.3661167282943485,-2.023620016392375
-0.23117228699064007,-0.4039671444599847,0.6979025592139427,0.5285607120322791,1.365894335149866,-2.023629773734852
-0.23102126974143644,-0.4042029908770883,0.6980647467547527,0.5286508847831767,1.3656718643684476,-2.0236394207666324
-0.23087019561589628,-0.4044388575765561,0.698226945622217,0.528741033501741,1.3654493160409629,-2.023648957077698
-0.23071906453985935,-0.40467474434777617,0.698389155684588,0.5288311580955964,1.3652266902557,-2.02365838225132
-0.23056787643899312,-0.4049106509791209,0.6985513768093936,0.5289212584717634,1.3650039871019186,-2.023667695872254
-0.23041663123893663,-0.405146577258505,0.6987136088638395,0.5290113345370622,1.364781206669172,-2.0236768975251693
-0.2302653288652916,-0.4053825229733298,0.6988758517147691,0.5291013861980737,1.364558349047373,-2.0236859867948036
-0.23011396924384364,-0.4056184879113099,0.6990381052292642,0.5291914133617438,1.3643354143257822,-2.0236949632636367
-0.22996255230028684,-0.4058544718594514,0.6992003692739037,0.5292814159346377,1.3641124025942553,-2.023703826514764
-0.22981107796058353,-0.4060904746053835,0.6993626437157285,0.5293713938239106,1.3638893139416182,-2.023712576128155
-0.22965954615016315,-0.4063264959343892,0.6995249284200873,0.5294613469351395,1.3636661484593011,-2.0237212116890126
-0.22950795679498182,-0.4065625356333364,0.6996872232534903,0.529551275175196,1.3634429062365219,-2.0237297327767014
-0.229356309820977,-0.40679859348864145,0.6998495280821304,0.5296411784507568,1.363219587362785,-2.023738138970488
-0.22920460515369712,-0.4070346692849149,0.7000118427709001,0.529731056667315,1.362996191929535,-2.02374642985335
-0.22905284271925286,-0.4072707628084651,0.7001741671859358,0.5298209097317412,1.3627727200258697,-2.023754605002118
-0.22890102244341648,-0.40750687384397444,0.7003365011922034,0.5299107375498535,1.3625491717426068,-2.023762663996823
-0.22874914425197979,-0.40774300217583476,0.7004988446544678,0.5300005400273917,1.362325547170653,-2.0237706064169547
-0.22859720807108275,-0.40797914758931997,0.7006611974381469,0.5300903170708792,1.3621018463995647,-2.0237784318381453
-0.22844521382639726,-0.408215309867628,0.7008235594071603,0.530180068585455,1.3618780695211712,-2.0237861398405075
-0.22829316144425515,-0.4084514887959882,0.7009859304269144,0.5302697944778807,1.3616542166245469,-2.02379372999707
-0.22814105085017466,-0.40868768415626205,0.70114831036038,0.5303594946525915,1.3614302878026177,-2.02380120188897
-0.22798888197063505,-0.4089238957334702,0.7013106990728328,0.5304491690164678,1.361206283144177,-2.0238085550870997
-0.22783665473134107,-0.40916012330939777,0.7014730964272098,0.5305388174741605,1.360982202741706,-2.0238157891700825
-0.22768436905845668,-0.4093963666671376,0.7016355022874077,0.5306284399314132,1.360758046685819,-2.0238229037115043
-0.22753202487811208,-0.4096326255892806,0.7017979165169694,0.5307180362937371,1.3605338150674757,-2.023829898285004
-0.22737962211628915,-0.40986889985747627,0.7019603389787656,0.5308076064660919,1.3603095079785186,-2.023836772465504
-0.22722716069930549,-0.41010518925423567,0.7021227695363024,0.530897150354203,1.3600851255094688,-2.023843525824149
-0.22707464055308435,-0.41034149356022404,0.7022852080517561,0.5309866678625818,1.359860667752835,-2.0238501579359105
-0.2269220616040224,-0.41057781255747183,0.7024476543883056,0.5310761588968748,1.3596361347991883,-2.0238566683705668
-0.22676942377822407,-0.41081414602653765,0.7026101084080709,0.5311656233617862,1.3594115267406333,-2.0238630567006792
-0.2266167270019359,-0.411050493748114,0.7027725699732801,0.5312550611622563,1.3591868436688401,-2.0238693224970747
-0.22646397120134765,-0.4112868555023017,0.7029350389457418,0.5313444722029264,1.3589620856759363,-2.0238754653308892
-0.22631115630288967,-0.4115232310696956,0.7030975151876344,0.5314338563889365,1.3587372528531765,-2.023881484770517
-0.2261582822328645,-0.4117596202300222,0.7032599985605161,0.5315232136249268,1.3585123452926084,-2.0238873803854416
-0.22600534891743695,-0.41199602276211056,0.7034224889253031,0.5316125438150171,1.3582873630871093,-2.0238931517463112
-0.22585235628311828,-0.41223243844567775,0.7035849861435683,0.5317018468641127,1.358062306328203,-2.023898798419934
-0.22569930425633444,-0.41246886705973207,0.7037474900763794,0.531791122676736,1.3578371751080123,-2.0239043199737585
-0.22554619276341725,-0.4127053083825314,0.70391000058427,0.5318803711569967,1.3576119695193087,-2.023909715975991
-0.2253930217308504,-0.4129417621924999,0.7040725175279046,0.5319695922092609,1.3573866896543947,-2.023914985993025
-0.22523979108504388,-0.41317822826740197,0.7042350407674793,0.5320587857375499,1.3571613356061074,-2.0239201295917564
-0.22508650075283576,-0.4134147063861849,0.7043975701640601,0.5321479516468851,1.3569359074655745,-2.0239251463344172
-0.22493315066024877,-0.4136511963243592,0.7045601055762267,0.5322370898399081,1.356710405327854,-2.023930035791544
-0.22477974073429685,-0.4138876978607346,0.704722646864965,0.5323262002218127,1.356484829283707,-2.023934797523066
-0.2246262709014255,-0.41412421077159633,0.7048851938894396,0.5324152826960802,1.356259179426708,-2.0239394310946555
-0.2244727410882028,-0.41436073483328245,0.7050477465088623,0.5325043371663648,1.3560334558501048,-2.0239439360705003
-0.22431915122124124,-0.4145972698219021,0.7052103045822888,0.532593363536292,1.355807658647152,-2.0239483120140775
-0.2241655012275352,-0.41483381551457027,0.7053728679695177,0.5326823617103571,1.3555817879096128,-2.0239525584847193
-0.22401179103350088,-0.41507037168584776,0.7055354365285011,0.5327713315913231,1.3553558437320998,-2.02395667504757
-0.2238580205660501,-0.41530693811173347,0.7056980101182466,0.5328602730831404,1.3551298262072047,-2.023960661262411
-0.223704189751885,-0.41554351456704947,0.7058605885969174,0.5329491860890337,1.354903735428688,-2.023964516690983
-0.2235502985180151,-0.4157801008273323,0.7060231718232055,0.533038070512888,1.354677571489172,-2.0239682408916937
-0.22339634679091525,-0.4160166966657418,0.7061857596540877,0.5331269262569827,1.3544513344839113,-2.023971833428271
-0.22324233449788444,-0.41625330185807685,0.7063483519484683,0.5332157532256662,1.354225024504675,-2.02397529385572
-0.2230882615656764,-0.4164899161777113,0.706510948563499,0.5333045513216464,1.3539986416459249,-2.0239786217345044
-0.2229341279211825,-0.41672653939811016,0.7066735493564091,0.5333933204478338,1.353772186001745,-2.0239818166235057
-0.22277993349151792,-0.4169631712931597,0.706836154184745,0.533482060507584,1.3535456576654374,-2.0239848780790926
-0.22262567820353674,-0.4171998116353584,0.7069987629050529,0.5335707714033707,1.3533190567317346,-2.0239878056601928
-0.22247136198453887,-0.41743646019846253,0.7071613753748061,0.5336594530387265,1.3530923832935629,-2.0239905989208804
-0.222316984761326,-0.4176731167539369,0.7073239914498206,0.5337481053156394,1.3528656374463843,-2.0239932574203254
-0.22216254646121847,-0.4179097810747836,0.7074866109870408,0.5338367281373605,1.3526388192835144,-2.023995780712061
-0.22200805037820803,-0.418146451910198,0.7076492331624804,0.533925321139327,1.352411930168628,-2.02399817123337
-0.22185349244790764,-0.4183831268336445,0.7078118562764173,0.5340138831699675,1.352184971725534,-2.0240004227051274
-0.22169887319253956,-0.41861980888562395,0.7079744824537073,0.5341024154722969,1.35195794120597,-2.0240025376368806
-0.22154419253858126,-0.41885649783760476,0.7081371115501827,0.5341909179486329,1.351730838704267,-2.024004515583709
-0.2213894504127456,-0.4190931934615405,0.7082997434220388,0.5342793905017807,1.3515036643139011,-2.0240063560980324
-0.2212346467419044,-0.41932989552958094,0.708462377925624,0.5343678330348235,1.3512764181278412,-2.0240080587304123
-0.2210797822931614,-0.4195666035567119,0.7086250147462749,0.5344562453836016,1.3510491005597722,-2.0240096237577094
-0.22092485659402517,-0.41980331658604003,0.7087876532320139,0.5345446271413234,1.3508217123075321,-2.0240110497825925
-0.22076986960810352,-0.42004003463346773,0.7089502934083067,0.5346329783106665,1.3505942532518311,-2.0240123365722216
-0.22061482125631393,-0.42027675747850457,0.7091129351365186,0.5347212987974322,1.3503667234787522,-2.0240134836801555
-0.2204597114602862,-0.4205134849023484,0.7092755782792604,0.5348095885088475,1.350139123072004,-2.0240144906534354
-0.22030454014095469,-0.42075021668262913,0.7094382226965616,0.5348978473497158,1.3499114521193265,-2.0240153570472725
-0.2201493072201952,-0.4209869525995422,0.7096008682503374,0.5349860752269096,1.3496837107050124,-2.0240160824079223
-0.2199940126195532,-0.4212236924310991,0.7097635148009287,0.5350742720458863,1.3494558989157068,-2.024016666285978
-0.21983865626055987,-0.421460435954319,0.7099261622079704,0.535162437711565,1.3492280168389452,-2.0240171082330285
-0.21968323806550316,-0.4216971829481229,0.7100888103324987,0.5352505721304419,1.3490000645596356,-2.0240174077936057
-0.2195277579560866,-0.42193393318831807,0.7102514590332989,0.5353386752069171,1.348772042166167,-2.0240175645191893
-0.21937221585481836,-0.4221706864528242,0.7104141081707107,0.5354267468471212,1.348543949744043,-2.0240175779536247
-0.21921660085727268,-0.42240744578319417,0.7105767597696975,0.5355147877735005,1.3483157832556691,-2.0240174383272045
-0.21906092556957546,-0.42264421805401403,0.7107394187201832,0.5356028013190038,1.3480875378939705,-2.0240171637970863
-0.21890518804769954,-0.42288099268002305,0.7109020776859563,0.5356907831404774,1.3478592227549633,-2.0240167445990314
-0.2187493882142162,-0.42311776943580687,0.7110647365249974,0.535778733142344,1.3476308379269437,-2.0240161802791508
-0.21859352599192228,-0.42335454809592127,0.7112273950952779,0.5358666512291861,1.3474023834979383,-2.024015470381942
-0.21843760130375678,-0.4235913284346005,0.7113900532545534,0.5359545373055264,1.3471738595560567,-2.0240146144511177
-0.2182816140727013,-0.4238281102253591,0.7115527108600688,0.5360423912755385,1.3469452661899852,-2.024013612030726
-0.2181255642218911,-0.42406489324144747,0.711715367768893,0.53613021304338,1.3467166034884228,-2.02401246266388
-0.21796945167467374,-0.42430167725604745,0.71187802383806,0.5362180025133334,1.3464878715398523,-2.0240111658922273
-0.2178132763543088,-0.42453846204118095,0.7120406789237741,0.5363057595890066,1.3462590704338648,-2.024009721258998
-0.2176570368737245,-0.4247752477635876,0.7122033331437541,0.536393484271045,1.3460301997562345,-2.024008127171791
-0.21750073424974747,-0.4250120351856498,0.7123659870505437,0.5364811769120247,1.3458012588401627,-2.0240063850421746
-0.21734436826225068,-0.4252488232450353,0.7125286399208308,0.5365688370736146,1.345572248500457,-2.0240044936717867
-0.21718793883946574,-0.42548561170681654,0.7126912916060961,0.5366564646573168,1.345343168831743,-2.0240024525962514
-0.21703144590908785,-0.4257224003335247,0.7128539419559807,0.5367440595629128,1.3451140199314715,-2.0240002613569317
-0.21687488939938504,-0.4259591888893471,0.7130165908213426,0.5368316216915404,1.344884801894806,-2.023997919489225
-0.2167182692383811,-0.4261959771370219,0.713179238051997,0.5369191509434171,1.3446555148184063,-2.023995426531229
-0.21656158535425618,-0.4264327648393644,0.7133418834978249,0.5370066472189574,1.3444261587985715,-2.023992782019483
-0.21640483767516727,-0.4266695517585858,0.7135045270082792,0.5370941104182768,1.3441967339320646,-2.0239899854908616
-0.21624802612962135,-0.4269063376576981,0.7136671684334077,0.5371815404422193,1.343967240314406,-2.0239870364786685
-0.21609115064566886,-0.427143122297445,0.7138298076216163,0.5372689371901087,1.3437376780436088,-2.023983934521182
-0.2159342111519056,-0.42737990544012827,0.7139924444224572,0.5373563005625528,1.3435080472155208,-2.023980679150999
-0.21577720757679053,-0.42761668684699866,0.7141550786847297,0.5374436304595318,1.3432783479269996,-2.0239772699023026
-0.21562013984881645,-0.4278534662789004,0.7143177102569469,0.5375309267808693,1.3430485802751313,-2.02397370630907
-0.21546300789661554,-0.42809024349667346,0.7144803389876291,0.5376181894265294,1.342818744356738,-2.023969987903945
-0.2153058116488209,-0.42832701826063,0.7146429647249253,0.537705418296232,1.3425888402690138,-2.023966114219703
-0.21514855103416597,-0.4285637903309313,0.714805587316885,0.5377926132897272,1.3423588681090723,-2.0239620847882063
-0.21499123695270406,-0.4288005561930735,0.7149682044476497,0.5378797735407825,1.3421288322226392,-2.0239579086613424
-0.21483385652209464,-0.42903730842889043,0.7151308108649523,0.537966895432481,1.3418987375569642,-2.0239535665941064
-0.21467641152113437,-0.42927405724699697,0.7152934136781006,0.5380539831497092,1.341668575121818,-2.0239490673894696
-0.21451890187862688,-0.42951080240563144,0.7154560127337852,0.5381410365913672,1.3414383450156173,-2.023944410579505
-0.21436132752368664,-0.4297475436636981,0.7156186078791915,0.5382280556569868,1.3412080473357006,-2.0239395956930935
-0.21420368838536064,-0.4299842807792805,0.7157811989609177,0.5383150402456403,1.3409776821801371,-2.023934622260066
-0.21404598452730106,-0.4302210134711482,0.7159437857996638,0.5384019902478271,1.3407472496981072,-2.023929489923816
-0.2138882158961799,-0.43045774135699955,0.7161063681448656,0.5384889055073087,1.340516750114843,-2.0239241981355063
-0.21373038241256026,-0.43069446415727547,0.7162689458169602,0.5385757859080023,1.3402861835603679,-2.023918746386759
-0.21357248400402806,-0.4309311816317045,0.7164315186636729,0.538662631349792,1.3400555501305802,-2.0239131342059187
-0.2134145205984037,-0.4311678935402682,0.7165940865329246,0.5387494417329015,1.3398248499207905,-2.023907361119198
-0.2132564921236071,-0.4314045996426728,0.7167566492724489,0.5388362169575039,1.33959408302637,-2.0239014266521687
-0.2130983985204189,-0.4316412996933527,0.7169192067264172,0.5389229569220253,1.339363249549198,-2.0238953303442275
-0.21294023976783727,-0.4318779934240641,0.717081758723721,0.5390096615184269,1.339132349615346,-2.0238890717528397
-0.2127820157857112,-0.43211468054195795,0.717244305075531,0.5390963306251737,1.3389013833659726,-2.023882650361708
-0.21262372650307526,-0.4323513608052039,0.717406845628549,0.5391829641422731,1.3386703508970728,-2.023876065692748
-0.21246537184843461,-0.4325880339695153,0.7175693802276917,0.5392695619680582,1.3384392523073734,-2.023869317273502
-0.21230694070038325,-0.4328247030688012,0.7177319108794187,0.5393561247346054,1.3382080833690235,-2.0238623949831673
-0.21214844606769034,-0.43306137501132025,0.7178944425215978,0.5394426558927766,1.3379768394514668,-2.023855317382249
-0.21198988600651703,-0.4332980388752262,0.7180569675752246,0.5395291509625565,1.3377455299393548,-2.023848074581778
-0.2118312604428052,-0.43353469442135906,0.7182194858887909,0.539615609844836,1.3375141549255374,-2.023840666104263
-0.21167256930247014,-0.433771341409706,0.7183819973101788,0.5397020324400443,1.3372827145036126,-2.0238330914730667
-0.21151381251183565,-0.43400797960103077,0.7185445016878518,0.5397884186493409,1.33705120876595,-2.023825350207905
-0.21135498999710833,-0.43424460875491033,0.7187069988694201,0.5398747683731769,1.3368196378060733,-2.023817441830289
-0.21119610168477276,-0.4344812286312138,0.7188694887027207,0.5399610815123789,1.336588001716867,-2.023809365859432
-0.21103714750131708,-0.4347178389890696,0.7190319710350646,0.5400473579673913,1.336356300591828,-2.0238011218151137
-0.21087812737325784,-0.4349544395869591,0.719194445713303,0.5401335976383431,1.336124534524959,-2.0237927092174393
-0.2107190412274358,-0.4351910301838619,0.7193569125846642,0.5402198004258884,1.3358927036093708,-2.0237841275836477
-0.21055988899054867,-0.43542761053746737,0.7195193714954491,0.5403059662298955,1.3356608079394572,-2.023775376433092
-0.2104006705895527,-0.4356641804056978,0.7196818222921406,0.5403920949505605,1.3354288476090495,-2.023766455283014
-0.21024138595162611,-0.4359007395466056,0.7198442648213312,0.5404781864883353,1.3351968227115334,-2.0237573636488326
-0.2100820350036825,-0.43613728771647586,0.7200066989283362,0.540564240742532,1.334964733342164,-2.023748101049412
-0.2099226176731026,-0.4363738246726588,0.7201691244592605,0.5406502576134024,1.3347325795946192,-2.0237386669992117
-0.20976313388716683,-0.43661035017138006,0.7203315412594025,0.5407362370005303,1.3345003615636608,-2.0237290610143606
-0.20960358357330122,-0.43684686396870054,0.7204939491739526,0.5408221788035353,1.3342680793439718,-2.0237192826100032
-0.20944396665900022,-0.4370833658202184,0.7206563480477772,0.5409080829218548,1.334035733030515,-2.0237093313011263
-0.20928428307205316,-0.43731985548193897,0.7208187377260513,0.540993949255379,1.3338033227174826,-2.0236992066001576
-0.20912453274013743,-0.437556332708711,0.7209811180531203,0.5410797777033068,1.333570848500189,-2.023688908021297
-0.20896471559109564,-0.4377927972553087,0.7211434888732868,0.5411655681649377,1.3333383104737597,-2.0236784350775245
-0.20880483155279528,-0.4380292488758705,0.7213058500304026,0.5412513205392593,1.3331057087338165,-2.0236677872821613
-0.2086448805534502,-0.4382656873251663,0.721468201368793,0.5413370347258761,1.3328730433749354,-2.023656964145364
-0.2084848625210336,-0.4385021123563174,0.7216305427315928,0.5414227106233387,1.3326403144934165,-2.0236459651804384
-0.20832478029298684,-0.43873852286967807,0.7217928734015322,0.5415083479536313,1.3324075233397348,-2.0236347924548097
-0.2081646302698168,-0.4389749167711043,0.7219551919019485,0.5415939456772045,1.332174671185516,-2.0236234404082984
-0.20800441287889626,-0.4392112966970444,0.7221175000821498,0.5416795048756212,1.3319417556178144,-2.023611911063932
-0.20784412805121288,-0.43944766239727384,0.7222797977830298,0.5417650254468397,1.3317087767348974,-2.0236002039285164
-0.2076837757174328,-0.43968401361981835,0.7224420848442166,0.5418505072876709,1.3314757346368926,-2.0235883185124663
-0.2075233558085401,-0.4399203501134114,0.7226043611058639,0.5419359502955757,1.3312426294228152,-2.0235762543230145
-0.20736286825545225,-0.4401566716260088,0.7227666264075685,0.542021354367579,1.3310094611923624,-2.0235640108683093
-0.20720231298911074,-0.4403929779051355,0.722928880588622,0.5421067194005232,1.330776230045499,-2.0235515876564647
-0.20704168994087624,-0.4406292686994172,0.7230911234891289,0.5421920452921926,1.3305429360805932,-2.023538984191311
-0.20688099904159962,-0.4408655437549719,0.7232533549473752,0.542277331938665,1.3303095793987987,-2.023526199982392
-0.2067202402227899,-0.44110180281994105,0.7234155748031323,0.542362579237636,1.3300761600985567,-2.0235132345324196
-0.2065594134154649,-0.4413380456400238,0.7235777828943992,0.5424477870851456,1.3298426782810124,-2.023500087349629
-0.20639851855132108,-0.44157427196301646,0.7237399790607162,0.542532955378905,1.3296091340445089,-2.023486757935224
-0.20623755556146506,-0.44181048153388636,0.7239021631395683,0.5426180840146846,1.329375527490563,-2.023473245797002
-0.2060765243777336,-0.44204667409989906,0.7240643349701279,0.5427031728900752,1.329141858717647,-2.023459550435174
-0.2059154249315167,-0.4422828494060456,0.7242264943899173,0.5427882219011342,1.3289081278267312,-2.0234456713550037
-0.20575425715442108,-0.4425190071975877,0.7243886412366667,0.5428732309442519,1.3286743349182033,-2.0234316080597843
-0.20559302097839183,-0.44275514722059484,0.724550775348705,0.5429581999165454,1.3284404800912102,-2.023417360049337
-0.20543171633499568,-0.4429912692190791,0.7247128965628704,0.5430431287137575,1.3282065634471394,-2.0234029268279454
-0.20527034315619552,-0.4432273729380642,0.7248750047167496,0.5431280172325079,1.3279725850858914,-2.0233883078958663
-0.20510890137405013,-0.44346345812238286,0.7250370996477984,0.5432128653694115,1.327738545107342,-2.0233735027526523
-0.2049473909203856,-0.44369952451540723,0.7251991811924174,0.5432976730201454,1.3275044436128816,-2.0233585109006675
-0.20478581172753252,-0.4439355718619222,0.7253612491880492,0.5433824400815594,1.327270280701927,-2.0233433318371383
-0.20462416372741998,-0.44417159990457916,0.7255233034705872,0.5434671664490726,1.3270360564762282,-2.0233279650639626
-0.204462446852391,-0.4444076083870902,0.7256853438767106,0.5435518520190171,1.326801771035989,-2.0233124100788777
-0.20430066106733236,-0.44464359704355333,0.7258473702367931,0.5436364966859121,1.3265674244944772,-2.023296666407683
-0.20413880635530912,-0.44487956556927055,0.7260093823544356,0.543721100329506,1.3263330170026135,-2.0232807335741416
-0.2039768826381705,-0.4451155136556691,0.726171380029903,0.543805662824856,1.3260985487053059,-2.023264611026969
-0.20381488984680995,-0.44535144104732266,0.7263333631004345,0.5438901840685636,1.3258640197013511,-2.023248298263712
-0.20365282791220274,-0.4455873474884602,0.7264953314030267,0.5439746639571235,1.3256294300896982,-2.0232317947815552
-0.20349069676552212,-0.44582323272343594,0.7266572847747801,0.5440591023872641,1.3253947799688792,-2.023215100076038
-0.20332849633800265,-0.44605909649616754,0.7268192230524866,0.5441434992555397,1.3251600694376897,-2.0231982136425986
-0.20316622656111782,-0.4462949385508588,0.7269811460731592,0.5442278544588569,1.3249252985943136,-2.0231811349745907
-0.20300388736598585,-0.4465307586296677,0.727143053672326,0.5443121678927649,1.3246904675391498,-2.023163863569714
-0.20284146729759023,-0.4467665597720976,0.7273049478444147,0.5443964400681848,1.3244555717509001,-2.0231463887938514
-0.20267897944987912,-0.4470023490650309,0.7274668336775094,0.5444806746286284,1.3242206066734359,-2.0231287293344247
-0.20251642196811304,-0.4472381156112675,0.7276287035976639,0.5445648671048378,1.323985581670901,-2.0231108755949587
-0.202353794784365,-0.44747385915411875,0.7277905574412968,0.5446490173937905,1.3237504968412015,-2.023092827064592
-0.202191097830271,-0.44770957943449724,0.7279523950430873,0.5447331253908495,1.3235153522848844,-2.0230745832378005
-0.20202833103778772,-0.44794527619395136,0.7281142162381871,0.5448171909919839,1.3232801481014662,-2.0230561436060266
-0.20186549433895173,-0.44818094917367535,0.7282760208615024,0.544901214093045,1.3230448843906273,-2.0230375076604137
-0.20170258766620908,-0.4484165981158418,0.7284378087486632,0.5449851945907414,1.3228095612506037,-2.0230186748881396
-0.20153961095137518,-0.44865222275948746,0.7285995797330198,0.545069132379625,1.3225741787831653,-2.0229996447837535
-0.2013765641269627,-0.4488878228457488,0.7287613336494667,0.5451530273559244,1.3223387370872814,-2.0229804168347547
-0.20121344712548161,-0.4491233981151164,0.7289230703324376,0.5452368794155377,1.3221032362624383,-2.022960990529156
-0.20105025987926695,-0.4493589483067355,0.7290847896153938,0.5453206884535147,1.3218676764094937,-2.0229413653574206
-0.20088700232114753,-0.4495944731610764,0.7292464913327743,0.5454044543660163,1.321632057627439,-2.0229215408051013
-0.20072367438349215,-0.44982997241613204,0.7294081753172184,0.5454881770475261,1.3213963800180077,-2.022901516363322
-0.20056027599937565,-0.45006544581206254,0.7295698414029603,0.5455718563942554,1.3211606436800465,-2.0228812915159886
-0.20039680710156205,-0.45030089308714455,0.7297314894228677,0.5456554923011747,1.3209248487144247,-2.0228608657509417
-0.20023326762290417,-0.4505363139793878,0.7298931192096236,0.5457390846631939,1.320688995222077,-2.0228402385555166
-0.2000696574967442,-0.4507717082280944,0.7300547305968652,0.5458226333763115,1.320453083302111,-2.022819409412241
-0.19990597665600252,-0.4510070755702535,0.73021632341655,0.5459061383349664,1.32021711305618,-2.0227983778087757
-0.19974222503388273,-0.4512424157433573,0.7303778975010133,0.5459895994341032,1.3199810845850677,-2.022777143230158
-0.19957840256387627,-0.4514777284854023,0.7305394526829683,0.5460730165691748,1.3197449979886908,-2.022755705158804
-0.19941450917934844,-0.45171301353324844,0.7307009887943088,0.5461563896349361,1.3195088533680839,-2.0227340630790263
-0.1992505448137969,-0.451948270623658,0.7308625056668663,0.5462397185262081,1.3192726508241424,-2.0227122164741775
-0.19908650940076278,-0.4521834994929418,0.7310240031321524,0.5463230031376163,1.3190363904580502,-2.022690164827627
-0.19892240287397378,-0.4524186998775036,0.7311854810217571,0.5464062433639906,1.3188000723706246,-2.022667907621267
-0.19875822516723396,-0.45265387151345426,0.7313469391670653,0.5464894391000813,1.3185636966627785,-2.0226454443365744
-0.19859397621436514,-0.4528890141363288,0.7315083773990514,0.5465725902403522,1.3183272634358676,-2.0226227744553937
-0.19842965594938988,-0.453124127481843,0.7316697955488314,0.5466556966795343,1.3180907727907734,-2.0225998974578605
-0.19826526430624103,-0.45335921128474455,0.7318311934468231,0.5467387583117841,1.3178542248292906,-2.022576812825555
-0.19810080121926,-0.4535942652807777,0.7319925709241835,0.5468217750321226,1.3176176196517555,-2.022553520036115
-0.19793626662236363,-0.4538292892033682,0.7321539278103826,0.5469047467340054,1.3173809573610555,-2.022530018572345
-0.19777166045010475,-0.4540642827878833,0.7323152639363215,0.5469876733124446,1.3171442380574712,-2.0225063079105094
-0.19760698263685228,-0.4542992457683115,0.7324765791319003,0.5470705546615757,1.3169074618427012,-2.0224823875294633
-0.19744223311699383,-0.45453417787812067,0.7326378732266501,0.5471533906752858,1.3166706288188172,-2.022458256908293
-0.19727741182511416,-0.4547690788509492,0.732799146050235,0.5472361812477194,1.316433739087431,-2.0224339155244246
-0.19711251869595792,-0.45500394842045255,0.7329603974323411,0.5473189262731656,1.316196792749883,-2.022409362854045
-0.19694755366427685,-0.4552387863197168,0.7331216272022476,0.5474016256456286,1.315959789907947,-2.0223845983737188
-0.1967825166648458,-0.4554735922813035,0.733282835188859,0.5474842792588609,1.315722730663779,-2.022359621560261
-0.19661740763257107,-0.455708366037688,0.7334440212210263,0.5475668870066818,1.3154856151193874,-2.022334431889545
-0.19645222650245486,-0.4559431073211387,0.7336051851274599,0.547649448782891,1.3152484433767784,-2.0223090288368324
-0.19628697320983157,-0.45617781586463135,0.7337663267373928,0.5477319644819375,1.3150112155368512,-2.0222834118742594
-0.19612164768952667,-0.4564124913985051,0.7339274458781428,0.5478144339964687,1.3147739317034408,-2.022257580480035
-0.19595624987696958,-0.45664713365492815,0.7340885423783723,0.5478968572206012,1.3145365919779224,-2.022231534126173
-0.1957907797077123,-0.45688174236595114,0.7342496160666663,0.5479792340484966,1.3142991964615578,-2.022205272283836
-0.19562523711684143,-0.4571163172611614,0.7344106667698194,0.5480615643726414,1.31406174525834,-2.0221787944297893
-0.19545962204010614,-0.4573508580721986,0.7345716943161338,0.548143848087153,1.3138242384695307,-2.022152100034001
-0.19529393441306198,-0.4575853645293535,0.7347326985329343,0.5482260850852911,1.3135866761977686,-2.022125188568975
-0.19512817417144301,-0.45781983636301943,0.7348936792476306,0.5483082752605177,1.3133490585453236,-2.0220980595057867
-0.19496234125099932,-0.4580542733030694,0.7350546362872596,0.5483904185060434,1.31311138561484,-2.0220707123157755
-0.194796435587671,-0.45828867507955867,0.7352155694790001,0.5484725147153374,1.3128736575084976,-2.022043146468636
-0.19463045711723126,-0.45852304142127265,0.735376478649111,0.5485545637810691,1.3126358743297575,-2.0220153614363903
-0.19446440577586976,-0.458757372058087,0.7355373636246574,0.54863656559683,1.3123980361805192,-2.0219873566869366
-0.19429828149964834,-0.4589916667187814,0.7356982242319106,0.5487185200555381,1.312160143163756,-2.0219591316900254
-0.19413208422479045,-0.4592259251322145,0.7358590602972073,0.5488004270502941,1.3119221953820968,-2.021930685914054
-0.19396581388765632,-0.4594601470272025,0.7360198716468629,0.5488822864742944,1.3116841929379754,-2.0219020188263994
-0.1937994704243895,-0.4596943321311095,0.7361806581061394,0.5489640982197965,1.311446135935334,-2.0218731298972914
-0.19363305377178008,-0.4599284801733399,0.7363414195017972,0.5490458621806774,1.3112080244754,-2.0218440185902278
-0.19346656386600358,-0.46016259088024797,0.7365021556583748,0.549127578248705,1.3109698586628407,-2.0218146843759413
-0.19330000064388386,-0.46039666398021634,0.7366628664019039,0.5492092463172566,1.310731638599627,-2.021785126718486
-0.19313336404207426,-0.460630699200385,0.7368235515575128,0.5492908662789237,1.3104933643889831,-2.021755345084193
-0.1929666539973649,-0.46086469626787424,0.7369842109503244,0.5493724380264071,1.3102550361339118,-2.021725338938332
-0.19279987044652103,-0.4610986549091391,0.7371448444049831,0.549453961452043,1.310016653937974,-2.021695107746879
-0.19263301332664007,-0.4613325748514201,0.7373054517467157,0.5495354364488652,1.309778217903536,-2.0216646509725464
-0.19246608257472708,-0.4615664558210138,0.7374660328000657,0.5496168629093386,1.3095397281338597,-2.0216339680795223
-0.19229907812761926,-0.46180029754298524,0.7376265873886836,0.5496982407251502,1.3093011847334495,-2.0216030585342577
-0.19213199992274355,-0.46203409974423537,0.7377871153375706,0.5497795697894489,1.3090625878043483,-2.02157192179708
-0.19196484789731727,-0.46226786215026405,0.7379476164707102,0.5498608499944808,1.3088239374500459,-2.0215405573310474
-0.19179762198867856,-0.46250158448650475,0.7381080906120454,0.5499420812325638,1.3085852337738684,-2.021508964598305
-0.19163032213406428,-0.46273526647743474,0.7382685375848261,0.5500232633954355,1.3083464768800566,-2.0214771430625227
-0.19146294827125843,-0.4629689078492156,0.738428957213543,0.5501043963761865,1.3081076668705667,-2.021445092181666
-0.19129550033757958,-0.46320250832556586,0.7385893493209053,0.5501854800662374,1.3078688038500688,-2.0214128114193017
-0.1911279782707549,-0.46343606763132417,0.7387497137304502,0.550266514357947,1.307629887921635,-2.02138030023485
-0.19096038200846976,-0.46366958549064596,0.7389100502652206,0.5503474991432943,1.3073909191889181,-2.0213475580885123
-0.19079271148858368,-0.46390306162782835,0.7390703587483718,0.5504284343144764,1.307151897755162,-2.0213145844390352
-0.19062496664897743,-0.4641364957667574,0.7392306390027645,0.55050931976351,1.3069128237238594,-2.021281378745205
-0.1904571474274004,-0.4643698876302357,0.7393908908504732,0.5505901553817334,1.3066736971995743,-2.021247940467708
-0.19028925376204953,-0.4646032369423705,0.7395511141145334,0.5506709410615559,1.3064345182850525,-2.0212142690625927
-0.19012128559106323,-0.4648365434265197,0.739711308617442,0.5507516766949551,1.3061952870837013,-2.0211803639868933
-0.1899532428523143,-0.465069806804427,0.739871474180517,0.5508323621728425,1.3059560037006395,-2.0211462247009946
-0.18978512548433102,-0.465303026800011,0.7400316106266773,0.5509129973878342,1.3057166682381172,-2.0211118506582815
-0.1896169334251958,-0.4655362031348596,0.7401917177771429,0.5509935822309564,1.305477280800959,-2.021077241317455
-0.18944866661352755,-0.4657693355322287,0.7403517954543588,0.5510741165945688,1.3052378414917354,-2.0210423961316075
-0.18928032498748593,-0.4660024237130211,0.7405118434790561,0.5511546003694225,1.3049983504156182,-2.0210073145592147
-0.18911192033906854,-0.46623546408413397,0.7406718595187556,0.5512350330070235,1.3047588127470624,-2.020972006910014
-0.18894343907390265,-0.46646844894171785,0.7408318380516499,0.551315410433755,1.3045192329100677,-2.0209364530870015
-0.18877488282174504,-0.4667013887499828,0.7409917863974007,0.5513957369514724,1.3042796016269484,-2.020900661269
-0.18860625152136823,-0.466934283230353,0.7411517043771401,0.5514760124517386,1.3040399190013365,-2.020864630909162
-0.18843754511161492,-0.46716713210406097,0.7413115918118658,0.5515562368260853,1.3038001851368584,-2.020828361460141
-0.1882687635310898,-0.46739993509087563,0.7414714485215104,0.5516364099650838,1.3035604001386696,-2.020791852377561
-0.1880999067191702,-0.46763269191328155,0.7416312743279985,0.5517165317613988,1.3033205641084085,-2.020755103108609
-0.1879309746143516,-0.46786540228965423,0.7417910690502545,0.5517966021048003,1.3030806771524373,-2.020718113110679
-0.18776196715593674,-0.4680980659412316,0.7419508325093025,0.5518766208872576,1.3028407393734256,-2.020680881832335
-0.18759288428318754,-0.4683306825886314,0.742110564525718,0.5519565880003942,1.3026007508745532,-2.0206434087228224
-0.18742372593482415,-0.46856325194976484,0.7422702649181017,0.5520365033339596,1.3023607117620348,-2.020605693237781
-0.18725449210959688,-0.46879577372979137,0.7424299334970841,0.5521163667784381,1.302120622162836,-2.0205677348760736
-0.1870851827844069,-0.469028247580935,0.7425895700360536,0.5521961782006375,1.3018804822487178,-2.0205295330899933
-0.18691579789512502,-0.4692606731801392,0.7427491743251036,0.5522759374745152,1.3016402921612176,-2.020491087298002
-0.18674633738386426,-0.46949305024332416,0.7429087461815471,0.5523556444901351,1.3014000520076046,-2.0204523969491337
-0.18657680119275177,-0.46972537848576895,0.7430682854222344,0.5524352991372202,1.3011597618956838,-2.020413461493057
-0.18640718926405775,-0.4699576576226443,0.7432277918639452,0.5525149013055412,1.3009194219331521,-2.020374280378623
-0.18623750154022733,-0.4701898873691509,0.743387265323487,0.5525944508850191,1.3006790322274313,-2.0203348530534835
-0.186067737963576,-0.47042206743923975,0.7435467056167613,0.5526739477647891,1.3004385928872149,-2.020295178967589
-0.18589789847686866,-0.47065419754801174,0.7437061125605169,0.5527533918349534,1.3001981040195716,-2.02025525756664
-0.18572798302272275,-0.47088627740925765,0.7438654859705531,0.5528327829847857,1.2999575657329103,-2.0202150882987926
-0.1855579915440213,-0.47111830673714766,0.7440248256629518,0.5529121211039643,1.2997169781349474,-2.020174670610053
-0.18538792398365977,-0.4713502852451838,0.7441841314533151,0.5529914060818062,1.2994763413339674,-2.020134003947142
-0.18521778028458868,-0.47158221264637845,0.7443434031568925,0.5530706378074012,1.2992356554386078,-2.0200930877569885
-0.1850475603900259,-0.47181408865412383,0.7445026405892197,0.5531498161702423,1.2989949205568114,-2.0200519214843813
-0.18487726424334205,-0.47204591298173126,0.7446618435657797,0.5532289410598918,1.2987541367963804,-2.0200105045732046
-0.184706891787779,-0.47227768534122483,0.7448210119011209,0.5533080123651023,1.2985133042664336,-2.019968836469738
-0.18453644296688232,-0.4725094054451721,0.7449801454101967,0.5533870299751491,1.2982724230751983,-2.0199269166176625
-0.18436591772421806,-0.4727410730054696,0.7451392439074764,0.553465993778949,1.2980314933314732,-2.019884744461366
-0.18419531600359562,-0.4729726877342881,0.7452983072076362,0.5535449036657449,1.2977905151434903,-2.01984231944337
-0.1840246351319621,-0.4732042500654642,0.7454573355932474,0.553623759605915,1.2975494874786972,-2.0197996385841206
-0.1838538778562695,-0.47343576137450605,0.7456163300748653,0.5537025623721347,1.2973084094638627,-2.0197567054419276
-0.18368304378011757,-0.4736672191848998,0.7457752889380842,0.5537813109539531,1.2970672831205363,-2.0197135177204006
-0.18351213284415646,-0.4738986232138539,0.7459342120010821,0.5538600052428327,1.2968261085504185,-2.0196700748552274
-0.1833411449883462,-0.47412997317540173,0.7460930990797157,0.5539386451280068,1.2965848858588054,-2.0196263762898496
-0.1831700801531575,-0.4743612687854299,0.7462519499912013,0.5540172305001458,1.2963436151485297,-2.0195824214617772
-0.1829989382789705,-0.47459250975919554,0.7464107645522953,0.5540957612495422,1.296102296522956,-2.019538209809362
-0.18282771930604014,-0.47482369581115075,0.7465695425791683,0.5541742372659866,1.2958609300861894,-2.0194937407722717
-0.18265642317493835,-0.47505482665686,0.7467282838888067,0.5542526584401595,1.2956195159407655,-2.0194490137862826
-0.18248504982585523,-0.4752859020100222,0.7468869882968323,0.5543310246614633,1.2953780541912416,-2.0194040282913868
-0.18231359919938583,-0.4755169215858343,0.7470456556199663,0.5544093358204701,1.2951365449401402,-2.01935878372265
-0.18214207123598491,-0.4757478850986888,0.747204285674341,0.554487591807244,1.294894988290726,-2.019313279516475
-0.18197046587602372,-0.47597879226241974,0.7473628782756832,0.5545657925115184,1.2946533843467105,-2.0192675151099526
-0.1817987830600467,-0.4762096427913976,0.7475214332401112,0.5546439378234916,1.2944117332109324,-2.0192214899378755
-0.18162702272843667,-0.4764404363991478,0.747679950383128,0.5547220276328207,1.294170034987021,-2.019175203436513
-0.18145518482175227,-0.47667117279976784,0.7478384295206544,0.5548000618296525,1.29392828977769,-2.019128655039755
-0.18128326928063476,-0.47690185170756066,0.7479968704687625,0.5548780403043537,1.2936864976851785,-2.019081844180123
-0.18111127604538702,-0.4771324728352523,0.7481552730423715,0.5549559629462121,1.2934446588134028,-2.019034770293625
-0.18093920505652505,-0.4773630358963587,0.7483136370569783,0.5550338296451589,1.2932027732651001,-2.0189874328133213
-0.1807670562546484,-0.4775935406046365,0.7484719623282556,0.5551116402913675,1.292960841142492,-2.0189398311708286
-0.18059482958011586,-0.47782398667273057,0.7486302486710632,0.5551893947742664,1.2927188625489165,-2.018891964800007
-0.18042252497361844,-0.4780543738146106,0.7487884959012301,0.5552670929843126,1.29247683758589,-2.018843833130342
-0.18025014237541193,-0.4782847017423499,0.7489467038331958,0.555344734810644,1.2922347663569898,-2.0187954355957074
-0.18007768172596172,-0.478514970168866,0.7491048722820177,0.5554223201430739,1.291992648964551,-2.0187467716269234
-0.17990515512946015,-0.47874517548150086,0.7492629989090354,0.5554998485477469,1.2917504909040223,-2.0186978520267607
-0.17973254875955824,-0.4789753099768051,0.7494210781738433,0.5555773158301053,1.2915082963046658,-2.0186486565043142
-0.17955986426989945,-0.4792053840868825,0.7495791173859168,0.5556547262915801,1.2912660559001212,-2.018599192961034
-0.17938710176566275,-0.4794353973887985,0.7497371162678057,0.5557320797814633,1.2910237699477822,-2.0185494609269057
-0.1792142612434322,-0.4796653494168261,0.7498950745107678,0.5558093761233291,1.290781438722236,-2.0184994597835275
-0.17904134273283745,-0.47989523978642734,0.7500529918630852,0.5558866151758312,1.2905390624311046,-2.0184491889993934
-0.17886834629211545,-0.48012506808724237,0.7502108680554231,0.5559637967898653,1.2902966413109693,-2.0183986480578615
-0.1786952718548971,-0.48035483391419814,0.7503687028204218,0.5560409208080545,1.2900541755690171,-2.0183478363089553
-0.17852211937091944,-0.4805845369686831,0.7505264959651603,0.5561179871168989,1.2898116653189162,-2.0182967531840954
-0.178348888789861,-0.48081417695111883,0.7506842472960127,0.5561949956023111,1.289569110675279,-2.0182453981163038
-0.17817558006182832,-0.4810437535630406,0.7508419566201727,0.5562719461511295,1.289326511751159,-2.018193770534574
-0.17800218090950715,-0.48127326983315655,0.7509996258984821,0.5563488389498341,1.289083863197779,-2.018141858385219
-0.1778287050961911,-0.4815027328669855,0.7511572602882577,0.5564256779889056,1.288841161172684,-2.0180896808544184
-0.1776551509742239,-0.4817321316268188,0.7513148520874235,0.5565024587439716,1.288598415200287,-2.0180372290658664
-0.17748151849366245,-0.48196146581106986,0.7514724011009086,0.5565791811000828,1.2883556253964794,-2.0179845024527134
-0.17730780760528564,-0.4821907351205421,0.7516299071353965,0.5566558449441416,1.2881127918740507,-2.017931500440612
-0.17713401825943187,-0.48241993925341425,0.7517873699956517,0.5567324501612577,1.2878699147487378,-2.017878222461331
-0.17696015040693602,-0.48264907790926614,0.7519447894874696,0.5568089966376756,1.28762699413437,-2.01782466794183
-0.1767862039986401,-0.4828781507869821,0.7521021654161388,0.5568854842592476,1.2873840301453983,-2.0177708363099494
-0.1766121789853461,-0.48310715758454387,0.7522594975862926,0.5569619129112867,1.2871410228971412,-2.017716726994969
-0.1764380753181376,-0.48333609800041916,0.7524167858029216,0.557038282479571,1.286897972504118,-2.017662339423848
-0.1762638929483522,-0.48356497173341856,0.7525740298712726,0.5571145928502441,1.286654879080216,-2.0176076730216117
-0.17608963182699178,-0.48379377848018384,0.7527312295950064,0.5571908439079889,1.2864117427417188,-2.017552727218154
-0.17591529190568167,-0.4840225179392896,0.7528883847792045,0.5572670355390054,1.2861685636023656,-2.0174975014371324
-0.17574087313589448,-0.48425118980792975,0.7530454952279388,0.5573431676286057,1.2859253417773406,-2.0174419951049343
-0.17556637546906284,-0.4844797937823624,0.7532025607446009,0.5574192400615368,1.2856820773827426,-2.0173862076494844
-0.1753917988571878,-0.48470832956056503,0.7533595811338438,0.557495252723908,1.28543877053238,-2.0173301384930404
-0.17521714414731626,-0.484936796596377,0.7535165560422112,0.5575712054811554,1.2851954217467392,-2.017273787908897
-0.1750424096993033,-0.48516519420714616,0.7536734849869955,0.5576470979306465,1.284952031157149,-2.0172171533307575
-0.1748675956433683,-0.48539352337881075,0.7538303686736687,0.557722930486324,1.2847085977442088,-2.0171602351517417
-0.1746927019218809,-0.48562178381751486,0.7539872069123978,0.5577987030360387,1.2844651216114678,-2.0171030327919484
-0.1745177284773467,-0.4858499752303276,0.7541439995140209,0.5578744154683303,1.2842216028611508,-2.017045545668436
-0.17434267525215574,-0.4860780973242342,0.7543007462893074,0.557950067671694,1.283978041595367,-2.0169877731979593
-0.17416754218851782,-0.48630614980584996,0.7544574470487486,0.5580256595343683,1.2837344379164608,-2.0169297147977674
-0.17399232922866403,-0.4865341323823448,0.7546141016032357,0.558101190945003,1.283490791925895,-2.0168713698831158
-0.1738170363143805,-0.48676204475944984,0.7547707097625964,0.5581766617912112,1.2832471037266546,-2.0168127378726717
-0.17364167576088718,-0.4869898833127307,0.7549272691831419,0.5582520717166056,1.2830033790417628,-2.01675382991889
-0.1734662335908279,-0.487217640370167,0.7550837743355463,0.5583274164581118,1.282759621766901,-2.016694625628377
-0.17329071130437512,-0.4874453263552641,0.755240232528998,0.558402700307632,1.2825158225944866,-2.016635132520052
-0.17311510884300318,-0.48767294097476643,0.7553966435740271,0.5584779231534832,1.2822719816254915,-2.0165753500083836
-0.1729394261478765,-0.4879004839347759,0.7555530072806835,0.558553084883504,1.282028098961453,-2.0165152775091904
-0.17276366316057512,-0.488127954943947,0.7557093234608758,0.5586281853873666,1.2817841747006231,-2.016454914431016
-0.1725878198217785,-0.48835535370778926,0.755865591924199,0.5587032245524431,1.281540208944833,-2.016394260190569
-0.17241189607266705,-0.48858267993484594,0.7560218124824583,0.5587782022682801,1.28129620179205,-2.0163333141960185
-0.17223589185363153,-0.4888099333310837,0.7561779849455599,0.5588531184225264,1.281052153343141,-2.0162720758622066
-0.17205980606235283,-0.4890371138854346,0.756334109306616,0.5589279729239905,1.2808080632180299,-2.016210543601808
-0.17188364061438577,-0.48926422170628575,0.7564901856835937,0.5590027659953507,1.2805639315721749,-2.0161487192605674
-0.17170739523685974,-0.4894912549078229,0.7566462127725773,0.5590774968726914,1.2803197599079978,-2.0160866010694565
-0.1715310698844057,-0.48971821318131,0.7568021903733739,0.5591521654398448,1.2800755483426653,-2.016024188446266
-0.17135466451179227,-0.48994509621764587,0.7569581182855298,0.559226771580504,1.279831296993569,-2.0159614808086874
-0.17117817539752345,-0.4901719046911524,0.7571139969442884,0.5593013152413141,1.2795870042920143,-2.0158984740668724
-0.17100160657471264,-0.4903986404776859,0.7572698277306955,0.5593757975396539,1.2793426692415477,-2.0158351734441955
-0.1708249575522096,-0.49062530014943884,0.757425608261248,0.5594502170774723,1.2790982947006015,-2.0157715760342185
-0.17064822828651582,-0.49085188339567276,0.7575813383343695,0.5595245737382855,1.2788538807874121,-2.015707681251189
-0.17047141873408833,-0.4910783899044794,0.7577370177476279,0.5595988674048876,1.2786094276214137,-2.015643488511451
-0.1702945288516835,-0.49130481936431136,0.7578926462988598,0.5596730979604594,1.2783649353213953,-2.015578997229303
-0.1701175585957433,-0.4915311714612716,0.7580482237841837,0.5597472652866061,1.2781204040087635,-2.01551420682432
-0.169940507923668,-0.4917574458847144,0.7582037500021022,0.5598213692674096,1.277875833800802,-2.015449116706234
-0.1697633767923019,-0.49198364232058217,0.7583592247486219,0.5598954097846089,1.277631224818689,-2.0153837262929177
-0.16958616515887037,-0.4922097604555162,0.758514647820264,0.5599693867205727,1.2773865771825574,-2.0153180349992983
-0.16940887298098062,-0.4924357999768773,0.7586700190140796,0.560043299958314,1.27714189101146,-2.0152520422372886
-0.16923150021614042,-0.4926617605706019,0.7588253381260794,0.5601171493799398,1.276897166425959,-2.01518574742159
-0.16905404682196945,-0.49288764192215023,0.7589806049519274,0.5601909348673367,1.2766524035469802,-2.0151191499671226
-0.16887651275649862,-0.49311344371782595,0.7591358192879083,0.5602646563031263,1.276407602494225,-2.015052249285464
-0.16869889797777837,-0.4933391656430278,0.759290980929646,0.5603383135693973,1.2761627633882795,-2.0149850447895776
-0.16852120244386803,-0.4935648073822164,0.75944608967208,0.5604119065476865,1.2759178863506484,-2.014917535893893
-0.16834342611332964,-0.4937903686210965,0.7596011453110636,0.5604854351205498,1.2756729715011346,-2.014849722008426
-0.16816556894459556,-0.494015849043796,0.759756147641296,0.5605588991695305,1.275428018961232,-2.014781602546384
-0.1679876308963255,-0.4942412483344768,0.7599110964575058,0.5606322985763174,1.2751830288521855,-2.014713176919826
-0.16780961192746524,-0.4944665661775819,0.7600659915546277,0.5607056332229247,1.2749380012946978,-2.0146444445389933
-0.1676315119968228,-0.4946918022559248,0.7602208327264051,0.560778902990315,1.2746929364112274,-2.0145754048174638
-0.16745333106375693,-0.4949169562538016,0.7603756197676699,0.5608521077606404,1.274447834322242,-2.0145060571637643
-0.16727506908751444,-0.4951420278539878,0.7605303524721414,0.5609252474150805,1.2742026951498364,-2.0144364009894598
-0.16709672602757575,-0.495367016739319,0.7606850306335851,0.5609983218349794,1.2739575190158263,-2.0143664357049023
-0.1669183018436975,-0.4955919225928438,0.7608396540459239,0.5610713309019563,1.2737123060415698,-2.0142961607188132
-0.16673979649544712,-0.4958167450957728,0.7609942225017368,0.5611442744964271,1.2734670563504302,-2.0142255754438163
-0.16656120994292323,-0.4960414839306788,0.7611487357946007,0.5612171524999103,1.2732217700639323,-2.0141546792878096
-0.16638254214639758,-0.4962661387798927,0.7613031937179175,0.5612899647938732,1.2729764473036855,-2.0140834716582905
-0.16620379306592348,-0.49649070932377504,0.7614575960636478,0.5613627112584828,1.2727310881934688,-2.0140119519670137
-0.16602496266206135,-0.496715195243923,0.7616119426246581,0.5614353917749179,1.2724856928553716,-2.013940119621352
-0.1658460508954871,-0.49693959622145295,0.7617662331934656,0.5615080062241335,1.272240261411858,-2.013867974028924
-0.1656670577268473,-0.4971639119363163,0.7619204675617324,0.5615805544863632,1.2719947939865972,-2.0137955145994346
-0.16548798311714652,-0.4973881420690716,0.7620746455215697,0.5616530364424009,1.27174929070232,-2.0137227407399068
-0.16530882702748784,-0.4976122862996838,0.7622287668646526,0.5617254519727312,1.2715037516822778,-2.0136496518579152
-0.16512958941923017,-0.4978363443082501,0.7623828313827548,0.5617978009580553,1.2712581770493563,-2.0135762473596257
-0.16495027025355746,-0.49806031577305493,0.7625368388663225,0.5618700832778878,1.2710125669284276,-2.013502526655047
-0.16477086949234376,-0.498284200374467,0.7626907891073302,0.5619422988133658,1.270766921441651,-2.0134284891475187
-0.1645913870971505,-0.49850799779040217,0.7628446818959551,0.5620144474439775,1.2705212407139441,-2.0133541342459536
-0.16441182303003643,-0.4987317077000001,0.7629985170232723,0.562086529050213,1.2702755248685496,-2.013279461354914
-0.16423217725294492,-0.49895532978084756,0.7631522942792195,0.5621585435115635,1.2700297740303785,-2.013204469882102
-0.16405244972835575,-0.499178863711919,0.7633060134547507,0.5622304907086377,1.269783988322477,-2.0131291592304383
-0.16387264041838012,-0.49940230916947265,0.7634596743388316,0.5623023705202085,1.2695381678709625,-2.0130535288091203
-0.1636927492858007,-0.49962566583177864,0.7636132767219008,0.5623741828266148,1.2692923127993314,-2.0129775780208807
-0.16351277629341077,-0.4998489333761055,0.7637668203936645,0.5624459275075941,1.2690464232320904,-2.0129013062701104
-0.16333272140397348,-0.5000721114785427,0.7639203051429635,0.5625176044421534,1.2688004992949677,-2.012824712963331
-0.1631525845806996,-0.5002951998161711,0.7640737307593666,0.562589213510131,1.2685545411123016,-2.0127477975033585
-0.16297236578672258,-0.5005181980646655,0.7642270970314109,0.5626607545904716,1.2683085488099284,-2.012670559295751
-0.16279206498555077,-0.5007411059003584,0.7643804037481159,0.5627322275627109,1.2680625225126954,-2.012592997743259
-0.16261168214068356,-0.5009639229984805,0.7645336506976936,0.5628036323057095,1.267816462346582,-2.012515112250561
-0.16243121721598186,-0.5011866490348728,0.7646868376688021,0.5628749686988842,1.2675703684366382,-2.0124369022196538
-0.16225067017521155,-0.501409283683866,0.7648399644489938,0.5629462366206835,1.2673242409095367,-2.0123583670555645
-0.16207004098257993,-0.5016318266207531,0.7649930308265231,0.5630174359503639,1.2670780798906007,-2.012279506159693
-0.16188931412492735,-0.5018542815712453,0.7651460392066984,0.5630885666870649,1.2668318781428412,-2.012200303831296
-0.1617085067552324,-0.50207665699968,0.7652989957607588,0.5631596338612046,1.266585631794963,-2.0121207835924735
-0.16152761708865704,-0.5022989397531232,0.7654518912848651,0.5632306320775704,1.266339352296827,-2.0120409357677413
-0.1613466450878258,-0.5025211295083445,0.7656047255682408,0.5633015612159019,1.266093039771318,-2.0119607597559215
-0.1611655907151004,-0.5027432259403968,0.7657574983988455,0.5633724211547778,1.2658466943431972,-2.0118802549596313
-0.16098445393317906,-0.502965228725385,0.7659102095654045,0.5634432117736026,1.2656003161357683,-2.01179942077786
-0.1608032347047832,-0.5031871375390469,0.7660628588563663,0.5635139329515825,1.26535390527259,-2.011718256609794
-0.16062193299254535,-0.5034089520562781,0.7662154460595572,0.5635845845673852,1.2651074618780427,-2.0116367618561086
-0.16044054875930058,-0.5036306719525078,0.7663679709631865,0.5636551665001215,1.2648609860756805,-2.0115549359152833
-0.16025908196801097,-0.5038522969033832,0.7665204333556161,0.5637256786291163,1.2646144779886042,-2.0114727781844666
-0.16007753258119806,-0.5040738265821941,0.7666728330234736,0.5637961208320592,1.2643679377425652,-2.0113902880664103
-0.15989590056213743,-0.5042952606654344,0.7668251697557231,0.5638664929889867,1.2641213654592736,-2.0113074649545473
-0.15971418587352382,-0.5045165988266629,0.7669774433391732,0.5639367949778802,1.263874761263784,-2.0112243082495
-0.15953238847832907,-0.50473784074054,0.7671296535614269,0.5640070266775516,1.2636281252796402,-2.0111408173482617
-0.15935050833944064,-0.504958986081194,0.7672818002096902,0.5640771879664713,1.2633814576308415,-2.0110569916486
-0.15916854541986503,-0.5051800345232368,0.7674338830715106,0.5641472787234882,1.2631347584406214,-2.0109728305463612
-0.15898649968249678,-0.5054009857407394,0.7675859019340301,0.5642172988270936,1.2628880278326775,-2.0108883334382344
-0.15880437109019852,-0.5056218394076748,0.767737856584306,0.5642872481557312,1.2626412659306443,-2.0108034997205997
-0.15862215960573156,-0.5058425951976766,0.7678897468091344,0.5643571265876174,1.262394472858383,-2.0107183287902024
-0.1584398651920118,-0.5060632527852953,0.7680415723959708,0.5644269340016365,1.2621476487384666,-2.0106328200408097
-0.15825748781158389,-0.5062838118436598,0.7681933331312152,0.5644966702756581,1.2619007936949973,-2.0105469728695238
-0.1580750274272429,-0.5065042720474359,0.768345028802377,0.5645663352886475,1.2616539078500504,-2.01046078666888
-0.15789248400136024,-0.5067246330698255,0.76849665919588,0.5646359289185099,1.2614069913272778,-2.010374260834937
-0.15770986161165546,-0.5069448935184426,0.7686482234095284,0.564705451028452,1.2611600462390702,-2.0102873988183094
-0.15752715577965404,-0.50716505074765,0.7687997195460516,0.5647749001330005,1.2609130737490575,-2.010200193773111
-0.15734436690840692,-0.5073851076938933,0.768951149680769,0.5648442774531554,1.2606660710941557,-2.010112647344111
-0.15716149496636778,-0.5076050640227042,0.7691025135947376,0.5649135828642737,1.260419038406289,-2.0100247589308924
-0.15697853992243438,-0.5078249194005604,0.7692538110697047,0.5649828162424964,1.2601719758160643,-2.0099365279294914
-0.15679550174570522,-0.5080446734937698,0.7694050418872895,0.565051977463956,1.2599248834541061,-2.0098479537353744
-0.15661238040543068,-0.5082643259682421,0.7695562058288168,0.5651210664046084,1.2596777614513386,-2.0097590357440627
-0.1564291758708265,-0.5084838764885847,0.7697073026746519,0.5651900829395899,1.2594306099400716,-2.00966977335355
-0.15624588811151163,-0.5087033247201757,0.7698583322057226,0.5652590269446968,1.2591834290515085,-2.009580165958755
-0.1560625162946101,-0.5089226705355931,0.7700092943368846,0.5653278982975554,1.258936218526012,-2.0094902121589455
-0.1558790601929836,-0.509141914320854,0.770160189350602,0.5653966971402803,1.2586889777825714,-2.0093999115129426
-0.15569551986840224,-0.5093610559509029,0.7703110171757555,0.5654654234410078,1.2584417067808535,-2.0093092636269914
-0.1555118953447323,-0.5095800950212823,0.7704617775451563,0.5655340770527734,1.2581944057278285,-2.00921826791709
-0.15532818664511172,-0.5097990311288308,0.7706124701924946,0.5656026578290997,1.2579470748290524,-2.009126923798832
-0.15514439379208156,-0.5100178638712489,0.7707630948520268,0.5656711656237732,1.2576997142891642,-2.009035230688056
-0.15496051680765177,-0.5102365928462952,0.7709136512579997,0.5657396002903606,1.2574523243128375,-2.008943188002506
-0.15477655571397086,-0.5104552176538807,0.7710641391461914,0.5658079616837859,1.2572049051022465,-2.0088507951557153
-0.15459251085761494,-0.5106737378098001,0.771214558197912,0.5658762496582038,1.256957457019267,-2.008758051886441
-0.15440838218743025,-0.5108921526614602,0.7713649079710772,0.5659444639601814,1.2567099804807753,-2.0086649573997626
-0.1542241696513642,-0.5111104618623233,0.7715151882378573,0.5660126044587629,1.25646247562099,-2.008571511051893
-0.1540398686926414,-0.5113286662520684,0.7716653995388163,0.5660806710345484,1.2562149403388556,-2.0084777077449636
-0.15385548462510634,-0.5115467678770704,0.7718155433949794,0.5661486650554506,1.2559673739265487,-2.008383554140484
-0.15367101691166507,-0.5117647624813881,0.7719656168351845,0.566216584784316,1.2557197799921787,-2.0082890470063672
-0.1534864632772015,-0.5119826503017034,0.7721156200092634,0.5662844300942512,1.255472157565807,-2.0081941834970976
-0.1533018356276079,-0.5122004297980955,0.7722655520177741,0.5663522016043661,1.2552245109367668,-2.0080989758596925
-0.1531171198031478,-0.5124180945771237,0.7724154082056263,0.5664198953311638,1.2549768422033472,-2.008003404381256
-0.15293232128112955,-0.5126356535793338,0.7725651949223948,0.5664875154068163,1.2547291443654,-2.007907479503675
-0.15274743159097426,-0.5128531051810286,0.7727149109307216,0.5665550603257022,1.2544814165683862,-2.0078111904007336
-0.1525624687543452,-0.5130704510269363,0.7728645576443567,0.5666225326085841,1.2542336617580359,-2.0077145578940785
-0.15237741920857495,-0.5132876800365774,0.7730141271344815,0.566689926461121,1.2539858864816116,-2.0076175605202327
-0.15219228635378812,-0.5135048006959043,0.7731636254044751,0.5667572456233194,1.253738083627634,-2.007520206115374
-0.15200706993664248,-0.5137218108945105,0.7733130509884258,0.5668244892411379,1.253490254902595,-2.007422492898334
-0.151821756839702,-0.5139387136331898,0.7734624058236226,0.5668916571622968,1.2532423939688608,-2.0073244071718515
-0.15163636644610534,-0.514155514356722,0.7736116940034004,0.5669587535714086,1.2529945006523517,-2.00722597324493
-0.1514508911788326,-0.5143721997982275,0.7737609061490569,0.5670257724148597,1.2527465850424584,-2.007127175320742
-0.15126533161447497,-0.5145887741485812,0.7739100452183747,0.567092715432008,1.252498643254153,-2.0070280158059886
-0.15107968774585778,-0.514805237042459,0.774059110970656,0.5671595824887115,1.252250675448393,-2.006928494095837
-0.15089395956492524,-0.5150215881128279,0.7742081031639096,0.5672263734494094,1.252002681788141,-2.0068286095910284
-0.15070814683333644,-0.5152378270532835,0.7743570215954909,0.5672930881790879,1.251754662319548,-2.006728361457019
-0.15052224942718517,-0.515453953715387,0.7745058661749171,0.5673597266171567,1.2515066169729128,-2.0066277490722144
-0.1503362679162228,-0.5156699677000042,0.7746546366455842,0.567426288676033,1.2512585460912404,-2.0065267724688143
-0.15015020262056744,-0.5158858680972441,0.7748033323896477,0.5674927740385709,1.2510104504244075,-2.006425431142033
-0.14996405347574004,-0.5161016542431949,0.7749519529562776,0.567559182445579,1.2507623303944861,-2.0063237242752607
-0.1497778204578033,-0.5163173257918705,0.7751004981178369,0.5676255137684522,1.2505141861410647,-2.0062216512616784
-0.14959150354327555,-0.5165328823983879,0.7752489676474874,0.5676917678794601,1.2502660178022398,-2.006119211490552
-0.14940510270866447,-0.5167483237166254,0.7753973613174749,0.5677579446500904,1.2500178255174421,-2.006016404353502
-0.14921861793045732,-0.5169636493992332,0.7755456788991375,0.5678240439510566,1.2497696094274175,-2.0059132292444675
-0.14903204918578883,-0.5171788591008608,0.7756939201652688,0.5678900656545819,1.2495213696703422,-2.005809685551077
-0.14884538326340024,-0.5173939558172224,0.7758420870505645,0.5679560095698077,1.2492730997894004,-2.0057057593805605
-0.14865863461793438,-0.5176089461987415,0.7759901844259929,0.5680218798799389,1.2490247973023982,-2.0056014700312437
-0.14847180192404785,-0.5178238195450823,0.7761382047918972,0.5680876721963632,1.2487764715629937,-2.005496810223041
-0.1482848851592582,-0.5180385755081036,0.7762861479189946,0.568153386389727,1.2485281227120273,-2.005391779346865
-0.14809788430124904,-0.5182532137392879,0.7764340135777177,0.5682190223305041,1.248279750890636,-2.0052863767936784
-0.14791079932806017,-0.5184677338907258,0.7765818015389354,0.5682845798896905,1.248031356239064,-2.005180601951852
-0.14772363021763724,-0.5186821356128475,0.7767295115722899,0.568350058937203,1.2477829388993988,-2.0050744542132297
-0.14753637694824473,-0.5188964185564849,0.7768771434477078,0.5684154593433335,1.2475344990130892,-2.0049679329676247
-0.14734903949834788,-0.5191105823722912,0.7770246969349759,0.5684807809783405,1.2472860367216383,-2.0048610376043596
-0.14716161784654425,-0.5193246267103796,0.7771721718034734,0.5685460237121935,1.2470375521670478,-2.0047537675132387
-0.1469741119714394,-0.5195385512197314,0.7773195678217433,0.568611187414155,1.2467890454925235,-2.0046461220861254
-0.1467865218522224,-0.5197523555510161,0.7774668847595514,0.5686762719547699,1.2465405168390842,-2.0045381007094125
-0.1465988474678479,-0.5199660393525655,0.7776141223849433,0.5687412772030253,1.2462919663504095,-2.004429702774772
-0.14641108879766307,-0.5201796022734649,0.7777612804665042,0.5688062030285315,1.2460433941691158,-2.0043209276708995
-0.1462232458210524,-0.5203930439617789,0.7779083587720632,0.5688710493002693,1.2457948004388977,-2.0042117747882573
-0.14603531851784624,-0.5206063640666085,0.7780553570701954,0.5689358158880415,1.245546185302044,-2.0041022435135702
-0.14584729358283788,-0.520819565578771,0.7782022772934409,0.5690005025625973,1.2452975421795398,-2.0039923197534346
-0.14565918553634294,-0.5210326550708415,0.7783491242593374,0.5690651135118565,1.2450488687635939,-2.0038820227944343
-0.14547099308970424,-0.5212456219096635,0.778495890512001,0.5691296443746199,1.244800174366052,-2.003771345559583
-0.1452827162230843,-0.5214584657411486,0.7786425758176327,0.5691940950188271,1.2445514591323714,-2.0036602874399314
-0.1450943549169379,-0.5216711862114305,0.778789179942585,0.5692584653126608,1.2443027232076,-2.0035488478249905
-0.1449059091520537,-0.5218837829671359,0.778935702653559,0.5693227551247424,1.2440539667360335,-2.003437026101974
-0.14471737872765722,-0.522096255699784,0.7790821437462685,0.5693869643217647,1.2438051897703268,-2.0033248214741053
-0.14452876305289397,-0.5223086043417933,0.7792285031800832,0.5694510928237909,1.243556392031904,-2.0032122328174866
-0.14434005456125476,-0.5225208308965863,0.7793747822733232,0.5695151406181608,1.2433075693916915,-2.0030992520522846
-0.14415126214480534,-0.5227329387837909,0.7795209835574775,0.5695791100416855,1.2430587209538309,-2.0029858905158813
-0.14396238501291947,-0.522944921343628,0.7796671023672106,0.5696429983672606,1.2428098524922064,-2.002872143683935
-0.1437734231457295,-0.5231567782209255,0.7798131384677971,0.5697068054622096,1.2425609641519721,-2.0027580109438357
-0.14358437652379497,-0.5233685090615233,0.779959091625241,0.5697705311946507,1.2423120560769034,-2.002643491679301
-0.14339524512748003,-0.5235801135090902,0.7801049616039433,0.5698341754312599,1.2420631284132453,-2.0025285852788755
-0.14320602893757073,-0.5237915912082795,0.7802507481690131,0.5698977380394882,1.241814181305899,-2.002413291127507
-0.14301672793499076,-0.5240029418032721,0.7803964510852008,0.5699612188865376,1.2415652149001846,-2.0022976086104287
-0.14282734210070025,-0.5242141649372601,0.7805420701165193,0.5700246178389988,1.2413162293424609,-2.002181537114545
-0.14263787141594264,-0.5244252602536993,0.7806876050271621,0.5700879347637294,1.24106722477862,-2.0020650760250844
-0.14244831586217988,-0.5246362273959796,0.7808330555812604,0.5701511695276256,1.240818201354478,-2.001948224726475
-0.1422586754207691,-0.5248470660057835,0.7809784215416817,0.5702143219964637,1.2405691592177623,-2.0018309826067298
-0.14206895007363762,-0.5250577757265147,0.7811237026725415,0.5702773920373133,1.240320098513972,-2.0017133490482957
-0.14187913980246236,-0.5252683561991098,0.7812688987361338,0.5703403795155936,1.2400710193914317,-2.0015953234392247
-0.1416892445894149,-0.5254788070658437,0.7814140094957192,0.570403284297744,1.2398219219967026,-2.0014769051630252
-0.14149926441658423,-0.5256891279673839,0.7815590347133674,0.5704661062491581,1.2395728064781368,-2.001358093606518
-0.14130919926653718,-0.5258993185456491,0.7817039741520504,0.5705288452361893,1.2393236729824235,-2.0012388881522027
-0.14111904912160078,-0.5261093784401272,0.7818488275729454,0.5705915011235665,1.239074521659041,-2.0011192881880913
-0.14092881396467583,-0.5263193072920429,0.7819935947384882,0.570654073777318,1.2388253526552215,-2.000999293096585
-0.14073848032945868,-0.5265291080826797,0.7821382775773,0.5707165629020239,1.2385761591803326,-2.000878888439551
-0.1405480629096525,-0.5267387872285845,0.7822828807994942,0.5707789726914261,1.238326939264361,-2.0007580935253757
-0.14035756544969225,-0.5269483329358963,0.7824273961943402,0.570841298873816,1.2380777047587785,-2.0006369067465832
-0.1401669814652795,-0.527157742596505,0.7825718218607411,0.5709035397009516,1.2378284560569943,-2.0005153190640317
-0.1399763114289847,-0.5273670203973844,0.7827161607567916,0.5709656969033007,1.2375791892189132,-2.0003933325196077
-0.13978555527491743,-0.5275761660252557,0.7828604126761212,0.5710277703587205,1.237329904333426,-2.000270946459993
-0.13959471293453696,-0.5277851791700635,0.783004577414586,0.5710897599461974,1.2370806014851983,-2.000148160227509
-0.13940378433603673,-0.5279940595231198,0.7831486547689019,0.5711516655444593,1.2368312807568975,-2.000024973165431
-0.13921276940460459,-0.5282028067798802,0.7832926445386668,0.5712134870338258,1.2365819422258206,-1.9999013846109883
-0.13902166806174598,-0.5284114206379859,0.7834365465249196,0.5712752242947344,1.2363325859662444,-1.9997773939010184
-0.13883048022516853,-0.5286199007983847,0.7835803605309462,0.5713368772084149,1.2360832120480512,-1.9996530003694493
-0.13863920580878197,-0.5288282469671717,0.7837240863636179,0.5713984456580493,1.235833820534487,-1.999528203342915
-0.13844784472178606,-0.5290364588528986,0.7838677238314067,0.5714599295267633,1.2355844114853858,-1.9994030021484794
-0.1382563968685906,-0.5292445361683538,0.7840112727456754,0.5715213286987223,1.2353349849549955,-1.9992773961095156
-0.13806486214887403,-0.5294524786333462,0.7841547329226994,0.5715826430609162,1.2350855409885884,-1.9991513845389506
-0.13787324738837192,-0.5296602842587553,0.784298103069081,0.571643872598875,1.2348360832455785,-1.9990249739321462
-0.13768154576493963,-0.5298679491375046,0.7844413803675887,0.5717050149979461,1.234586613195695,-1.9988981542869648
-0.1374897577405445,-0.5300754775386285,0.7845845678346874,0.5717660720206411,1.2343371268118932,-1.9987709276119354
-0.13729788323784575,-0.5302828691570016,0.7847276652692559,0.5718270435461151,1.2340876241700962,-1.99864329324093
-0.13710592217543827,-0.5304901236909552,0.784870672472521,0.5718879294543214,1.2338381053416148,-1.9985152505048118
-0.13691387446762882,-0.5306972408432106,0.78501358924873,0.5719487296265251,1.2335885703919929,-1.9983867987295114
-0.13672174002369708,-0.5309042203192984,0.7851564154039776,0.5720094439440561,1.2333390193828893,-1.998257937240861
-0.13652951874806796,-0.531111061831039,0.7852991507487372,0.5720700722905675,1.2330894523678422,-1.9981286653560029
-0.13633721053937187,-0.5313177650943837,0.785441795096264,0.5721306145503515,1.2328398693948441,-1.9979989823898923
-0.13614481529014277,-0.5315243298309327,0.7855843482636864,0.572191070609202,1.2325902705044645,-1.9978688876520683
-0.13595234648806986,-0.5317307524291215,0.7857268079026478,0.5722514405729702,1.2323406628761255,-1.9977383945954017
-0.1357597892682012,-0.5319370259689058,0.7858691689762467,0.5723117200015128,1.2320910483888436,-1.9976074827099428
-0.13556714514117463,-0.5321431600827399,0.7860114382810588,0.5723719129154798,1.2318414183142812,-1.9974761575026663
-0.13537441471236988,-0.5323491539716151,0.7861536152776449,0.5724320190739862,1.2315917733911428,-1.9973444188785636
-0.13518159809770935,-0.5325550067420676,0.7862956993539507,0.5724920381436435,1.2313421143005918,-1.9972122661306717
-0.13498869532289426,-0.5327607178716676,0.7864376901571539,0.5725519699277036,1.231092441351917,-1.9970796986222685
-0.13479570647845307,-0.5329662869221932,0.7865795873944177,0.572611814271057,1.2308427547943936,-1.9969467158197958
-0.13460263176519405,-0.5331717133866972,0.7867213907259614,0.5726715710033974,1.2305930549752153,-1.9968133172924853
-0.13440947115000945,-0.5333769967311867,0.7868630997900112,0.572731239917249,1.2303433421965269,-1.996679502324467
-0.13421622461847882,-0.5335821365838125,0.7870047143388157,0.5727908208713041,1.2300936166151986,-1.9965452702980722
-0.134022892156759,-0.53378713257427,0.7871462341257356,0.5728503137254158,1.2298438783860917,-1.9964106205903709
-0.1338294600817509,-0.5339919876681863,0.7872876610733899,0.5729097180940474,1.2295941204262477,-1.9962755382873696
-0.1336359431662988,-0.5341967080830116,0.787428999751111,0.5729690381645485,1.2293443411726623,-1.9961400425473395
-0.13344234026576807,-0.5344012835023422,0.7875702429117832,0.57302826970007,1.2290945497377461,-1.9960041272112656
-0.13324865136734054,-0.5346057135546423,0.7877113903078063,0.5730874125600274,1.2288447462772163,-1.9958677916544372
-0.13305488300736368,-0.5348099962693224,0.787852440651073,0.573146466723178,1.228594934429226,-1.995731042121237
-0.13286102769689379,-0.5350141282296772,0.7879933914596591,0.5732054299704552,1.2283451149389761,-1.9955938681190177
-0.1326670859897785,-0.5352181140922455,0.788134246025133,0.5732643042311728,1.228095283429806,-1.9954562718003643
-0.13247305787081665,-0.5354219534834462,0.788275004098288,0.5733230893627876,1.2278454400582097,-1.9953182525414166
-0.13227894332494117,-0.5356256460299212,0.7884156654300547,0.5733817852229316,1.2275955849802613,-1.9951798097168625
-0.1320847423370708,-0.5358291913577414,0.7885562297709239,0.573440391668865,1.2273457183525653,-1.9950409427020377
-0.13189045489212425,-0.536032589092477,0.7886966968709928,0.5734989085575228,1.22709584033218,-1.9949016508727344
-0.13169608097519703,-0.5362358388601587,0.7888370664806734,0.5735573357461797,1.2268459510754512,-1.9947619336026452
-0.13150162057133308,-0.5364389402860269,0.7889773383497731,0.5736156730915868,1.2265960507395242,-1.9946217902666767
-0.1313070736655968,-0.5366418929949094,0.7891175122277732,0.573673920450233,1.226346139481888,-1.9944812202399436
-0.13111244002702804,-0.5368446966641228,0.7892575878983132,0.5737320776743272,1.2260962173441354,-1.9943402226688933
-0.13091771962365328,-0.5370473510807012,0.789397565224597,0.5737901446828528,1.2258462843259526,-1.994198796975
-0.13072291243671863,-0.537249855894434,0.7895374439735328,0.5738481213416223,1.2255963405594337,-1.994056942537013
-0.1305280184454789,-0.5374522107348696,0.7896772238977485,0.5739060075080678,1.225346386194927,-1.9939146587230125
-0.1303330381975627,-0.5376544150929397,0.789816904659479,0.5739638030507895,1.225096421688878,-1.9937719455020844
-0.1301379717928679,-0.5378564681531711,0.7899564856999768,0.5740215076639772,1.2248464476470788,-1.99362880220128
-0.12994281921161388,-0.5380583694242955,0.7900959666867768,0.5740791211568468,1.224596464334645,-1.9934852281448954
-0.12974758044663837,-0.5382601185236562,0.7902353473638879,0.574136643383549,1.2243464719184316,-1.9933412227135157
-0.12955225549109706,-0.5384617150671154,0.7903746274742227,0.5741940741974013,1.2240964705669746,-1.9931967852900854
-0.12935684433867856,-0.5386631586700656,0.7905138067603423,0.5742514134515896,1.2238464604492754,-1.9930519152572028
-0.12916134698379267,-0.5388644489483775,0.7906528849651462,0.5743086609998297,1.2235964417336485,-1.9929066119945473
-0.128965763420954,-0.5390655855147742,0.790791861829224,0.5743658166938858,1.2233464145921182,-1.9927608748884855
-0.12877009364566305,-0.5392665679835714,0.7909307370943224,0.574422880386834,1.2230963791946867,-1.9926147033194421
-0.12857433765368143,-0.5394673959664715,0.7910695105002685,0.5744798519301884,1.222846335714422,-1.9924680966730173
-0.12837849544161806,-0.539668069075645,0.7912081817872267,0.5745367311760241,1.222596284323737,-1.9923210543317684
-0.12818256700658281,-0.5398685869215456,0.7913467506941001,0.574593517975493,1.2223462251970367,-1.9921735756809589
-0.1279865523464334,-0.5400689491141156,0.7914852169594138,0.5746502121796598,1.2220961585092658,-1.9920256601053106
-0.12779045145981982,-0.5402691552627691,0.7916235803213012,0.5747068136395084,1.2218460844359327,-1.9918773069889897
-0.12759426434590893,-0.5404692049746068,0.7917618405162052,0.5747633222047296,1.2215960031552735,-1.9917285157202955
-0.1273979771328797,-0.5406691011896917,0.791899999454794,0.5748197374040064,1.2213459073177828,-1.9915792709396813
-0.12720160473474706,-0.5408688498860984,0.7920380615362639,0.5748760634024831,1.2210957958172404,-1.9914295917220435
-0.1270051460982078,-0.541068440946085,0.7921760196461496,0.5749322960437546,1.22084567764308,-1.991279472453008
-0.1268086012261307,-0.541267873973619,0.7923138735186113,0.5749884351767327,1.2205955529770474,-1.991128912520126
-0.12661197012235803,-0.5414671485713431,0.7924516228868472,0.5750444806498072,1.22034542200245,-1.9909779113120927
-0.12641525279155807,-0.5416662643393267,0.7925892674821813,0.5751004323100144,1.2200952849056825,-1.9908264682219936
-0.1262184492399685,-0.5418652208788626,0.7927268070368396,0.575156290005654,1.219845141871639,-1.9906745826371262
-0.12602155921369906,-0.5420640178500091,0.7928642413211353,0.5752120535766169,1.2195949929473695,-1.9905222536736682
-0.12582458074304181,-0.5422626555091856,0.793001570504126,0.575267722895163,1.2193448370673805,-1.9903694786822765
-0.1256275278360377,-0.542461131523307,0.7931387931263219,0.5753232987176449,1.2190946807289433,-1.9902162725313348
-0.1254303854801142,-0.542659439243336,0.7932759043417024,0.575378776595038,1.2188445251976643,-1.9900626148885092
-0.12523315464238216,-0.5428575879877957,0.7934129107287582,0.575434160368338,1.2185943618093864,-1.9899085099228815
-0.1250358352540335,-0.5430555774201243,0.793549812062539,0.5754894499002381,1.2183441906618777,-1.9897539569516773
-0.12483842724419603,-0.5432534072050802,0.7936866081189677,0.5755446450535854,1.2180940118507888,-1.9895989552900972
-0.12464093053958081,-0.5434510770073319,0.7938232986738072,0.5755997456903881,1.2178438254713453,-1.98944350425517
-0.12444334506492272,-0.543648586494718,0.7939598835050385,0.5756547516739958,1.2175936316143783,-1.989287603157215
-0.12424568471347719,-0.5438459320082725,0.7940963602168258,0.5757096632280134,1.217343438037712,-1.9891312662707032
-0.12404793443074347,-0.5440431069597569,0.7942327240059912,0.5757644759092453,1.217093245893371,-1.9889744732738202
-0.12385009647175771,-0.5442401203124011,0.7943689812176307,0.5758191935737916,1.216843047260683,-1.988817229611695
-0.12365217235972814,-0.5444369704327487,0.7945051307329107,0.5758738157591601,1.21659284398043,-1.9886595359746024
-0.12345416195236858,-0.5446336558207543,0.7946411715068238,0.575928341854404,1.216342637228284,-1.98850139117948
-0.12325606522560761,-0.544830176100894,0.7947771032869033,0.5759827717117922,1.21609242715714,-1.9883427945926435
-0.12305788215474323,-0.5450265308975205,0.7949129258205438,0.5760371051833005,1.215842213919793,-1.9881837455804783
-0.12285961271456802,-0.5452227198358931,0.7950486388557509,0.5760913421212944,1.2155919976676812,-1.988024243506764
-0.1226612568792147,-0.5454187425415883,0.7951842421407092,0.5761454823781104,1.2153417785515956,-1.9878642877342858
-0.12246281462189845,-0.5456145986392861,0.795319735422896,0.576199525805222,1.215091556723138,-1.9877038776281117
-0.12226428591528382,-0.5458102877552742,0.7954551184509064,0.5762534722549121,1.2148413323316838,-1.987543012549013
-0.12206567073106456,-0.5460058095153606,0.795590390972928,0.5763073215788408,1.214591105526902,-1.9873816918590617
-0.12186695499500377,-0.5462011668713777,0.7957255549134539,0.5763610732400891,1.2143408686788613,-1.9872198997819897
-0.12166815369717554,-0.5463963656182893,0.7958606145394622,0.5764147313876659,1.214090621041792,-1.9870576552613737
-0.12146926581721118,-0.5465913958711163,0.7959955628937254,0.5764682919529394,1.2138403714301618,-1.9868949531445428
-0.12127029132284228,-0.5467862572572778,0.7961303997253646,0.576521754787274,1.2135901199903645,-1.9867317927897645
-0.12107123018091137,-0.5469809494063583,0.7962651247850112,0.5765751197430826,1.2133398668658297,-1.9865681735499707
-0.12087208235658586,-0.5471754719460235,0.796399737821829,0.5766283866710421,1.2130896122019548,-1.9864040947836834
-0.12067284781421606,-0.54736982450765,0.7965342385876166,0.5766815554238591,1.2128393561392736,-1.9862395558401853
-0.12047352651638743,-0.5475640067213341,0.7966686268331609,0.5767346258528726,1.2125890988194878,-1.9860745560728537
-0.12027411842431412,-0.5477580182188646,0.7968029023104082,0.5767875978100245,1.2123388403818474,-1.9859090948313944
-0.12007462349754938,-0.5479518586327211,0.7969370647717255,0.5768404711471453,1.212088580964349,-1.9857431714646188
-0.11987504215023481,-0.5481455274894711,0.7970711139001256,0.576893245729838,1.2118383209572208,-1.9855767858124809
-0.11967537456332789,-0.5483390240593672,0.7972050491953802,0.5769459212924744,1.2115880609164078,-1.985409937359399
-0.11947563175308673,-0.5485323452038099,0.7973388685855789,0.5769984979462456,1.2113378073189531,-1.985242637383465
-0.11927580189207454,-0.5487254857850057,0.7974725683279331,0.5770509721814394,1.2110875608825173,-1.9850748699507366
-0.11907588533606983,-0.5489184528863037,0.7976061534251513,0.577103346876002,1.2108373148157079,-1.9849066373807136
-0.11887588164895124,-0.5491112464755618,0.7977396238609584,0.5771556219662444,1.210587068804921,-1.9847379386740733
-0.11867579080292767,-0.5493038664663987,0.7978729795855717,0.5772077974172075,1.2103368227246631,-1.9845687732862072
-0.11847561273981455,-0.5494963125031783,0.798006220359226,0.5772598730823802,1.210086576694438,-1.9843991405478074
-0.11827534739839685,-0.549688584232235,0.798139345943472,0.5773118488155101,1.2098363308307016,-1.9842290397868605
-0.11807499471439264,-0.5498806813031624,0.7982723561021081,0.5773637244713887,1.2095860852452707,-1.9840584703254962
-0.11787455461989449,-0.5500726033671812,0.7984052505999819,0.5774154999046698,1.209335840047253,-1.9838874314845836
-0.11767402704315089,-0.5502643500775772,0.798538029203304,0.5774671749700728,1.2090855953424715,-1.983715922582874
-0.1174734119086569,-0.5504559210923412,0.7986706916815622,0.5775187495240435,1.2088353512302152,-1.9835439429303423
-0.11727270913631394,-0.5506473160712163,0.7988032378053624,0.577570223422671,1.2085851078067593,-1.9833714918363627
-0.1170719186415008,-0.5508385346785707,0.7989356673485095,0.5776215965234833,1.2083348651618253,-1.9831985686024955
-0.11687104033418017,-0.5510295765805926,0.7990679800859528,0.5776728686834411,1.2080846233819171,-1.9830251725303527
-0.11667007411914199,-0.5512204414497189,0.7992001757970026,0.5777240397617472,1.2078343825448719,-1.9828513029103358
-0.11646901989510017,-0.5514111289623159,0.7993322542636272,0.5777751096181418,1.2075841427225942,-1.982676959028301
-0.11626787755414547,-0.5516016387988915,0.7994642152705898,0.5778260781128584,1.2073339039807138,-1.9825021401655747
-0.11606664698138758,-0.5517919706458408,0.7995960586067081,0.5778769451075995,1.2070836663763622,-1.9823268455949568
-0.11586534228558598,-0.5519821208805277,0.7997277818876651,0.5779277109273536,1.2068334380139578,-1.982151090149444
-0.1156639482013535,-0.5521720832743733,0.7998593805654632,0.5779783711675973,1.2065832193787642,-1.9819748536360353
-0.1154624655060914,-0.5523618667962654,0.7999908609783715,0.5780289295136661,1.2063330020011254,-1.9817981392495374
-0.11526089404964246,-0.5525514711598458,0.8001222229339113,0.5780793858331522,1.206082785898558,-1.9816209462270207
-0.11505923367071791,-0.5527408960864729,0.800253466244877,0.5781297399949773,1.2058325710771847,-1.9814432737965477
-0.11485748723516931,-0.5529301406017474,0.8003845902671478,0.5781799919717467,1.205582359255172,-1.981265124504736
-0.1146556544013615,-0.55311920248058,0.8005155934396719,0.578230140831973,1.2053321522345193,-1.9810864967838082
-0.11445373308469975,-0.5533080818973817,0.8006464758729539,0.5782801863828599,1.20508194892528,-1.9809073877656809
-0.11425172325744626,-0.553496779821922,0.8007772382607614,0.5783301290094727,1.2048317481903177,-1.9807277972084267
-0.11404963328590867,-0.5536852939988579,0.8009078791158206,0.5783799688693775,1.2045815548945404,-1.980547733708144
-0.1138474544620518,-0.5538736205456406,0.8010383956168203,0.5784297033086705,1.2043313695098037,-1.9803671854673146
-0.11364518964383663,-0.5540617637610394,0.8011687908348644,0.5784793344093905,1.204081188733532,-1.9801861566034824
-0.11344283870744931,-0.5542497217200814,0.8012990634222712,0.5785288613869305,1.2038310141589297,-1.9800046459072551
-0.1132404016739681,-0.554437493986668,0.8014292130821028,0.5785782840698637,1.2035808460108033,-1.9798226527875935
-0.11303787856489222,-0.5546250801266909,0.8015592395188254,0.5786276022880783,1.2033306845115104,-1.9796401766475165
-0.11283526940156019,-0.5548124797042754,0.8016891424355741,0.5786768158702907,1.2030805298855236,-1.9794572168940476
-0.11263257420538864,-0.5549996922832879,0.8018189215352525,0.5787259246450464,1.2028303823575988,-1.9792737729342054
-0.11242979299806244,-0.5551867174285242,0.8019485765213954,0.5787749284415047,1.2025802421513325,-1.979089844171848
-0.11222692580098048,-0.5553735547021211,0.8020781070955563,0.5788238270870698,1.2023301094935253,-1.9789054300171667
-0.11202397263611452,-0.5555602036690309,0.8022075129612962,0.5788726204110117,1.2020799846075219,-1.9787205298721715
-0.1118209335248892,-0.5557466638898166,0.8023367938189345,0.5789213082397051,1.2018298677219774,-1.9785351431497677
-0.11161780848949832,-0.5559329349290941,0.8024659493716966,0.5789698904022078,1.2015797590605908,-1.9783492692513847
-0.1114145975515406,-0.5561190163466722,0.8025949793192644,0.5790183667244139,1.2013296588528783,-1.9781629075904335
-0.11121130073329688,-0.5563049077058223,0.8027238833637957,0.5790667370345102,1.2010795673241195,-1.9779760575703929
-0.11100791805678245,-0.5564906085671049,0.8028526612054301,0.5791150011589075,1.2008294847028615,-1.9777887186011494
-0.11080443515709604,-0.5566761217953498,0.8029813147220342,0.5791631583998985,1.2005794029236718,-1.9776008741543203
-0.11060086728612539,-0.5568614526585335,0.803109847800167,0.5792112128212666,1.2003293221655507,-1.9774125429598075
-0.11039721360941357,-0.5570465916820588,0.8032382537600449,0.579259160522326,1.2000792509988234,-1.977223720974637
-0.11019347414950964,-0.5572315384256188,0.8033665323010006,0.5793070013289948,1.199829189652927,-1.9770344076074322
-0.10998964892899288,-0.557416292447983,0.8034946831216523,0.5793547350666034,1.1995791383583916,-1.9768446022684403
-0.10978573797056868,-0.557600853307577,0.803622705920322,0.5794023615602736,1.1993290973461508,-1.9766543043680052
-0.1095817412970872,-0.5577852205626276,0.8037506003951416,0.5794498806350147,1.1990790668473543,-1.9764635133161617
-0.10937765893154783,-0.5579693937711352,0.8038783662440343,0.5794972921157101,1.1988290470934055,-1.9762722285227026
-0.109173490897021,-0.5581533724903361,0.8040060031643219,0.5795445958267603,1.1985790383166215,-1.9760804493986066
-0.10896923721663576,-0.5583371562766383,0.8041335108526777,0.5795917915920484,1.198329040750301,-1.9758881753561783
-0.10876489791379473,-0.5585207446869729,0.8042608890061116,0.5796388792358215,1.1980790546270927,-1.9756954058054859
-0.10856047063801988,-0.5587041378183341,0.8043881376780049,0.5796858584906484,1.197829078802155,-1.9755021375158357
-0.108355958603358,-0.5588873359920131,0.8045152571375107,0.5797327298999156,1.1975791139271834,-1.975308373820117
-0.1081513616512737,-0.5590703368778277,0.8046422457483673,0.5797794925079164,1.1973291619819488,-1.9751141134481556
-0.10794667979957495,-0.5592531400385689,0.8047691032113398,0.5798261461401806,1.1970792231931193,-1.974919355810434
-0.10774189858570615,-0.5594357483343317,0.8048958314052781,0.579872690060655,1.1968292893470955,-1.9747240841518081
-0.10753703331417608,-0.5596181668919998,0.8050224341135053,0.5799191283081382,1.1965793608730044,-1.9745283171255918
-0.10733208318348098,-0.5598003863858148,0.8051489047577585,0.5799654570408052,1.196329446237276,-1.9743320509972164
-0.10712704821211183,-0.5599824063746335,0.805275243035779,0.5800116760819072,1.1960795456711932,-1.9741352851825578
-0.1069219284191183,-0.5601642264189384,0.8054014486464514,0.5800577852558227,1.1958296594040385,-1.9739380190920346
-0.10671672382359887,-0.5603458460774096,0.8055275212873059,0.580103784385822,1.1955797876672654,-1.973740252139673
-0.10651143444486433,-0.5605272649080019,0.8056534606553027,0.5801496732947712,1.195329930693191,-1.973541983740254
-0.10630606030262513,-0.5607084824692508,0.8057792664477832,0.5801954518059809,1.195080088713404,-1.9733432133058584
-0.1061006014165411,-0.5608894983171525,0.8059049383601993,0.5802411197411778,1.1948302619625704,-1.9731439402541269
-0.1058950578067801,-0.561070312009024,0.806030476088921,0.5802866769230148,1.1945804506737254,-1.9729441639980296
-0.10568942949366189,-0.5612509231009982,0.8061558793294137,0.5803321231734431,1.1943306550813353,-1.9727438839525087
-0.1054837164975897,-0.5614313311476242,0.8062811477759491,0.5803774583134543,1.1940808754217747,-1.9725430995355189
-0.10527790428374662,-0.5616115389953797,0.8064062833015284,0.5804226815726166,1.1938311033716444,-1.9723417938135355
-0.1050720080597296,-0.5617915516805877,0.8065312896210779,0.5804677969607618,1.1935813394866117,-1.9721399852077515
-0.10486602692680247,-0.5619713601094678,0.8066561603161078,0.5805128007114155,1.1933315919953995,-1.971937670119164
-0.1046599609097214,-0.5621509639168379,0.8067808951373947,0.5805576926778782,1.1930818610581084,-1.9717348479871648
-0.10445381005635035,-0.5623303626511138,0.8069054937749272,0.5806024726820033,1.1928321469264278,-1.971531518256007
-0.10424757445634025,-0.5625095558312846,0.807029955898245,0.580647140538983,1.1925824498964963,-1.9713276804166666
-0.10404125412352005,-0.562688542966838,0.8071542811693733,0.5806916960501451,1.1923327702455115,-1.9711233338691938
-0.1038348490758132,-0.5628673236112065,0.8072784692813437,0.5807361390349418,1.1920831082097454,-1.970918478027114
-0.10362835933132786,-0.5630458973179882,0.8074025199272619,0.5807804693129587,1.1918334640252144,-1.9707131123024015
-0.10342177268390529,-0.5632242663870684,0.8075264346202915,0.5808246861874999,1.191583830696111,-1.9705072223205342
-0.10321510166125147,-0.563402434932669,0.8076502163954782,0.5808687929595983,1.1913342087232812,-1.9703008230900114
-0.10300834564803463,-0.5635803954576727,0.8077738599621167,0.58091278653677,1.1910846049152568,-1.9700939118244258
-0.1028015057357674,-0.5637581472763432,0.8078973648544743,0.5809566667843412,1.190835020142694,-1.9698864891489196
-0.1025945797145491,-0.563935689792155,0.8080207306378648,0.5810004331651254,1.1905854539496536,-1.9696785518366033
-0.10238756878734012,-0.5641130235950091,0.8081439577482512,0.5810440860709178,1.1903359060141891,-1.9694701008914273
-0.10218047606106939,-0.5642901468946186,0.8082670449589378,0.5810876251914523,1.190086379038962,-1.9692611390977413
-0.10197329881135264,-0.5644670579751073,0.8083899910397254,0.5811310494717836,1.1898368734569762,-1.9690516624114929
-0.10176602754252784,-0.5646437600633015,0.8085127981865945,0.58117435893756,1.189587382347001,-1.968841659768612
-0.10155867191807033,-0.564820256286575,0.808635468708053,0.5812175561230112,1.1893379061264062,-1.9686311425810166
-0.10135123148041103,-0.564996540831124,0.8087579985019238,0.5812606386299082,1.1890884500460686,-1.9684201086740243
-0.10114370623941671,-0.565172613247499,0.8088803872583572,0.5813036062734679,1.1888390143425243,-1.968208557458637
-0.10093609620495414,-0.5653484730885885,0.809002634669147,0.5813464588702978,1.1885895992492899,-1.9679964883387882
-0.10072840138632344,-0.5655241199057701,0.8091247404249291,0.5813891962359199,1.1883402050015532,-1.9677839007215339
-0.10052062179248988,-0.5656995532514649,0.8092467042170379,0.5814318181863816,1.1880908318330183,-1.9675707940102716
-0.10031275713732413,-0.5658747727414314,0.8093685257786953,0.5814743245230537,1.1878414798038313,-1.9673571672789802
-0.1001048074539268,-0.5660497780958897,0.8094902049199098,0.5815167151324091,1.187592148993431,-1.9671430199860889
-0.09989677276053932,-0.5662245688552529,0.8096117413234412,0.581558989826058,1.1873428396508083,-1.9669283515487788
-0.09968865307636765,-0.5663991445603171,0.8097331346722965,0.5816011484161046,1.187093552024559,-1.9667131613812898
-0.09948044842145354,-0.5665735047506708,0.809854384648574,0.5816431907141509,1.1868442863648496,-1.9664974488990694
-0.09927215881667628,-0.5667476489639993,0.8099754909329606,0.5816851165308875,1.1865950429242833,-1.9662812135205203
-0.09906378428407336,-0.566921576737589,0.8100964532058264,0.581726925677081,1.18634582195609,-1.9660644546629535
-0.09885532484663084,-0.5670952876058951,0.8102172711454614,0.58176861796206,1.1860966237171264,-1.9658471717489236
-0.09864678052885534,-0.5672687811036943,0.8103379444303656,0.581810193195764,1.1858474484640504,-1.9656293641977873
-0.09843815135653777,-0.5674420567631983,0.8104584727371575,0.5818516511869494,1.1855982964568856,-1.9654110314332278
-0.09822942258816347,-0.5676151173835244,0.8105788579170028,0.5818929910627195,1.1853491590583347,-1.965192156006874
-0.09802060971424353,-0.5677879675919383,0.8106991033875408,0.5819342167630659,1.1851000375412888,-1.964972756282031
-0.09781171205890438,-0.5679605985208096,0.8108192028839447,0.5819753246282136,1.184850940064864,-1.9647528295530967
-0.09760272965540295,-0.5681330096944185,0.8109391560770378,0.5820163144642538,1.184601866900069,-1.9645323752531052
-0.09739366253953108,-0.5683052006353629,0.8110589626364222,0.5820571860769728,1.1843528183204484,-1.9643113928163052
-0.09718451074969003,-0.5684771708627521,0.8111786222291748,0.5820979392707911,1.1841037946043707,-1.9640898816827415
-0.09697527432750164,-0.5686489198941364,0.8112981345212549,0.5821385738500928,1.1838547960327357,-1.963867841292896
-0.09676595331781623,-0.5688204472424481,0.81141749917529,0.5821790896173937,1.183605822892824,-1.9636452710955392
-0.09655654563874538,-0.5689917528883506,0.8115367161656577,0.5822194862745053,1.1833568741830087,-1.9634221680944897
-0.09634705093272444,-0.5691628376394181,0.811655786066555,0.5822597640887619,1.1831079487662597,-1.9631985314327582
-0.09613748394683164,-0.569333698048199,0.8117747065773919,0.5822999236726323,1.1828590555826644,-1.9629743774674346
-0.09592782907357389,-0.569504328746444,0.8118934737723196,0.5823399607388686,1.1826101935546804,-1.962749686601258
-0.09571808687915517,-0.5696747376367564,0.8120120932483168,0.5823798785314083,1.1823613549826684,-1.9625244599952034
-0.09550825723877843,-0.5698449243478955,0.8121305647484092,0.5824196768747616,1.1821125399681933,-1.9622986968991376
-0.09529834001868132,-0.570014888516323,0.8122488880209877,0.5824593555955733,1.1818637486007835,-1.9620723965466005
-0.0950883350747862,-0.5701846297824332,0.8123670628170574,0.5824989145200116,1.1816149809623377,-1.9618455581652232
-0.09487825712158937,-0.5703541445372619,0.8124850867184286,0.5825383541994095,1.1813662461869763,-1.9616181980958238
-0.09466809253276409,-0.5705234270656293,0.812602955572661,0.5825776704665284,1.1811175442800985,-1.9613902990917238
-0.09445784367939858,-0.5706924836730558,0.8127206738636459,0.5826168661713055,1.1808688698089471,-1.9611618641482707
-0.09424751045091995,-0.5708613129216208,0.8128382405797043,0.5826559407115708,1.1806202239297692,-1.9609328924212384
-0.09403709281473027,-0.5710299143766412,0.8129556554190094,0.5826948938990522,1.1803716068486627,-1.9607033832751541
-0.09382659073443911,-0.571198287604653,0.8130729180804965,0.5827337255451817,1.1801230187691312,-1.96047333607195
-0.09361600416960858,-0.5713664321750498,0.8131900282650455,0.5827724354619992,1.1798744598899624,-1.9602427501668844
-0.09340533307507926,-0.571534347658939,0.8133069856746409,0.5828110234612941,1.1796259304064995,-1.960011624911843
-0.0931945774006433,-0.5717020336311144,0.8134237900137933,0.582849489355687,1.1793774305080802,-1.9597799596504344
-0.09298373746170974,-0.5718694895880393,0.8135404409346099,0.5828878329763506,1.1791289606071975,-1.9595477541512134
-0.09277281362541778,-0.5720367148133387,0.8136569379390184,0.5829260540760175,1.1788805213464817,-1.9593150082238608
-0.09256180261000857,-0.5722037093478294,0.8137732810340266,0.5829641522088463,1.1786321111630966,-1.959081717450763
-0.09235070777114096,-0.5723704737870224,0.8138894706741904,0.5830021280669077,1.1783837306080558,-1.9588478852754805
-0.09213952822687332,-0.5725370060882076,0.8140055054128954,0.5830399806964638,1.1781353811244644,-1.9586135099184696
-0.09192826364143336,-0.5727033062661534,0.8141213852631384,0.5830777100470383,1.1778870623542066,-1.958378590423449
-0.09171691391738612,-0.5728693740725956,0.8142371100538099,0.5831153159946468,1.1776387742929824,-1.9581431260948698
-0.09150547893303873,-0.5730352091251474,0.8143526795187328,0.5831527983581438,1.1773905170575791,-1.957907116191582
-0.09129395855164102,-0.573200811049189,0.8144680933970352,0.583190156956973,1.1771422907511397,-1.957670559958629
-0.09108235261967401,-0.5733661794821753,0.8145833514362386,0.5832273916132524,1.1768940954573064,-1.957433456616931
-0.09087066096400864,-0.5735313140720307,0.8146984533910504,0.5832645021500847,1.1766459312415223,-1.9571958053687994
-0.09065888338943662,-0.5736962144823746,0.8148133990270985,0.58330148839399,1.1763977981438243,-1.9569576053855668
-0.09044701967495605,-0.5738608803924264,0.8149281881208026,0.5833383501738747,1.1761496961780198,-1.9567188558095743
-0.09023506956952687,-0.5740253114984357,0.8150428204603406,0.5833750873207711,1.175901625328807,-1.9564795557524344
-0.09002304780164572,-0.5741895042834423,0.8151572936796603,0.5834117004573218,1.1756535948463747,-1.9562397217761012
-0.08981093843496346,-0.5743534538414815,0.8152716041851451,0.5834481853806998,1.1754056028778803,-1.9559993342624724
-0.08959874170583948,-0.5745171678676556,0.8153857574276815,0.5834845452099662,1.1751576417262697,-1.9557583933872256
-0.08938646282328477,-0.5746806449603882,0.8154997524615655,0.5835207800952725,1.1749097146874383,-1.955516904626156
-0.08917410050446506,-0.5748438821513636,0.8156135871809429,0.5835568886513147,1.1746618239570215,-1.9552748657371954
-0.08896165485853302,-0.5750068795154077,0.8157272616439548,0.5835928709119098,1.1744139692994353,-1.955032276290653
-0.08874912594854578,-0.5751696365308938,0.8158407754863286,0.5836287266645263,1.1741661510479109,-1.9547891357652154
-0.08853651383697336,-0.5753321526752146,0.8159541283430021,0.5836644556958813,1.1739183695368993,-1.9545454436420757
-0.08832381858572802,-0.575494427424674,0.8160673198480479,0.5837000577918898,1.173670625102211,-1.9543011994051636
-0.0881110402565426,-0.5756564602573383,0.8161803496367366,0.5837355327394339,1.173422918077514,-1.9540564025335356
-0.08789817891063834,-0.5758182506499105,0.8162932173432749,0.5837708803244479,1.1731752487981832,-1.9538110525096004
-0.08768523460891409,-0.575979798079107,0.8164059226018052,0.5838061003327781,1.1729276175996102,-1.953565148815426
-0.08747220741194717,-0.5761411020213281,0.8165184650461645,0.5838411925499909,1.1726800248176137,-1.953318690933562
-0.08725909738007509,-0.5763021619530697,0.8166308443101853,0.5838761567616362,1.17243247078794,-1.9530716783459061
-0.08704590457336092,-0.5764629773504865,0.8167430600273797,0.5839109927529863,1.1721849558467985,-1.9528241105348179
-0.08683262905157996,-0.57662354768892,0.8168551118305967,0.5839457003087595,1.1719374803314526,-1.9525759869843289
-0.08661927087434229,-0.576783872443788,0.8169669993526689,0.5839802792136706,1.1716900445791276,-1.9523273071777516
-0.08640583010108482,-0.576943951090307,0.8170787222262104,0.5840147292522727,1.1714426489273497,-1.9520780705983671
-0.08619230679107126,-0.5771037831032405,0.8171902800834356,0.5840490502088072,1.1711952937142704,-1.9518282767300765
-0.08597868171615808,-0.5772633720622741,0.8173016753202762,0.5840832407986888,1.170947967159542,-1.9515779023553674
-0.08576497563543839,-0.5774227229164708,0.8174129115981525,0.5841173059332332,1.1707006727836424,-1.9513269713489743
-0.08555118784863147,-0.5775818250115383,0.8175239813731325,0.5841512412055144,1.1704534206522528,-1.9510754821984728
-0.08533731840152381,-0.5777406778320479,0.8176348842838572,0.5841850464014342,1.1702062110909035,-1.950823434381587
-0.08512336734047476,-0.5778992808641181,0.8177456199700295,0.584218721307964,1.1699590444233228,-1.9505708273705702
-0.08490933471179396,-0.578057633589889,0.8178561880684128,0.5842522657097796,1.1697119209782614,-1.950317660646862
-0.08469522056242429,-0.578215735493545,0.8179665882171911,0.5842856793929307,1.1694648410820583,-1.9500639336851076
-0.08448102493948006,-0.5783735860572164,0.8180768200530024,0.5843189621423459,1.1692178050637065,-1.9498096459640364
-0.08426674789035182,-0.5785311847619019,0.8181868832116068,0.5843521137423984,1.1689708132537076,-1.9495547969640017
-0.08405238946278892,-0.5786885310882093,0.8182967773284213,0.5843851339773558,1.1687238659831642,-1.9492993861650165
-0.08383794970484537,-0.5788456245157944,0.8184065020381146,0.5844180226310421,1.1684769635844778,-1.9490434130482512
-0.08362342866494821,-0.5790024645240623,0.8185160569751138,0.5844507794872619,1.1682301063904772,-1.9487868770941532
-0.08340882639163727,-0.5791590505897242,0.8186254417718359,0.5844834043283249,1.167983294737443,-1.9485297777889412
-0.08319414293403504,-0.5793153821910633,0.8187346560617774,0.5845158969376295,1.1677365289598367,-1.9482721146132789
-0.08297935247116683,-0.5794714642544541,0.8188437031575324,0.5845482556047491,1.1674897929769275,-1.9480138563843743
-0.0827644811925623,-0.5796273035811821,0.8189525880620083,0.5845804867955935,1.167243090884144,-1.9477550330569915
-0.08254952824568829,-0.5797828872414744,0.819061301614902,0.5846125851556249,1.1669964350003397,-1.9474956434446864
-0.08233449365740242,-0.579938214723403,0.8191698434562706,0.5846445504684783,1.166749825640042,-1.947235687000005
-0.0821193906866533,-0.5800932827328195,0.8192782113453863,0.5846763832882752,1.1665032715427663,-1.9469751789005763
-0.08190420638966245,-0.5802480869801527,0.8193864021570989,0.5847080800184025,1.1662567712806458,-1.9467141035368831
-0.08168894124584902,-0.5804026330440917,0.8194944198481093,0.584739642966153,1.166010319283607,-1.9464524606360376
-0.08147359530692277,-0.5805569203961051,0.8196022640464973,0.5847710719119675,1.1657639158955222,-1.9461902496852068
-0.08125814738330561,-0.5807109529529695,0.8197099373875485,0.5848023653810617,1.1655175479070374,-1.9459274448948194
-0.08104261885158248,-0.5808647360536588,0.8198174437997552,0.5848335285824297,1.1652712189066297,-1.9456640704540764
-0.08082700904795725,-0.5810182592225612,0.819924775859985,0.5848645571751198,1.1650249388774405,-1.945400125579334
-0.08061131799788157,-0.5811715219430258,0.8200319332043371,0.5848954509400625,1.1647787081395615,-1.9451356097250274
-0.08039554571741014,-0.5813245236982215,0.8201389154686218,0.5849262096563375,1.1645325270098843,-1.9448705223400602
-0.0801796919574107,-0.5814772640319629,0.8202457223298447,0.5849568330895225,1.1642863956297527,-1.9446048625522019
-0.07996375677475598,-0.5816297425494377,0.8203523535104233,0.5849873210736903,1.164040314211003,-1.9443386298481162
-0.07974774021971598,-0.5817819587143231,0.8204588086324289,0.5850176733850699,1.163794283104006,-1.9440718237117265
-0.07953164234568089,-0.5819339119849392,0.820565087314046,0.5850478897976618,1.16354830266677,-1.9438044436383646
-0.07931546321037519,-0.5820856018193844,0.8206711891732894,0.585077970086467,1.163302373258792,-1.9435364891209517
-0.07909920223661615,-0.5822370278024246,0.8207771139137936,0.5851079139853176,1.163056494837719,-1.9432679589007313
-0.07888285813753448,-0.5823881899672462,0.8208828615525019,0.585137721306416,1.1628106666006535,-1.9429988508370495
-0.0786664308481777,-0.5825390884356137,0.8209884321769643,0.5851673920744835,1.1625648881833854,-1.9427291642082407
-0.0784499356062458,-0.5826897195809729,0.8210938233139489,0.5851969270173424,1.1623191696565662,-1.9424589166828352
-0.07823335646306262,-0.5828400790154517,0.8211990317545825,0.5852263220347091,1.1620735082933706,-1.9421880893616643
-0.07801669375151121,-0.5829901734835556,0.8213040622820338,0.5852555798869861,1.16182789724283,-1.9419166813118285
-0.0777999473076374,-0.5831400025671107,0.8214089146004371,0.5852847003654871,1.1615823366387816,-1.9416446917439567
-0.07758311694775255,-0.5832895658609446,0.8215135884230129,0.5853136832641821,1.1613368265922068,-1.9413721198363978
-0.07736620246545556,-0.5834388629702864,0.8216180834701596,0.5853425283775037,1.1610913671935814,-1.9410989647425634
-0.0771492190205203,-0.5835878903379004,0.8217223973135837,0.5853712364585859,1.1608459684638144,-1.9408252440806666
-0.0769321505104692,-0.5837366437303293,0.8218265268553777,0.585399803435221,1.1606006274104774,-1.9405509388382598
-0.07671500127471909,-0.5838851290223231,0.8219304762867434,0.5854282323013901,1.1603553398019402,-1.9402760527454885
-0.07649777124512358,-0.5840333439120201,0.8220342439764745,0.5854565221005782,1.1601101077199143,-1.9400005853770181
-0.07628046049207082,-0.5841812878449932,0.8221378295326893,0.5854846726033849,1.1598649315452774,-1.9397245362529698
-0.07606306949858599,-0.5843289601717124,0.8222412324984498,0.585512683602451,1.1596198119370253,-1.9394479053887927
-0.07584559500586163,-0.5844763608196062,0.8223444528038071,0.5855405545762596,1.1593747473190121,-1.9391706883241897
-0.07562804027579162,-0.5846234900823898,0.8224474906767982,0.585568286105467,1.1591297386214416,-1.9388928881943304
-0.07541040515618924,-0.5847703460170801,0.8225503447395472,0.5855958773658714,1.1588847875315587,-1.9386145044609566
-0.07519268864474427,-0.5849169283353013,0.8226530147822246,0.5856233280783497,1.1586398936866513,-1.9383355353450247
-0.07497489059588602,-0.585063236999685,0.8227555007779488,0.5856506381908578,1.1583950568474617,-1.9380559800277528
-0.07475701080531216,-0.5852092716035807,0.8228578024376647,0.5856778074930576,1.158150277121749,-1.9377758376761993
-0.07453904902735076,-0.5853550317628293,0.8229599194880048,0.5857048357776051,1.1579055545752954,-1.9374951074017568
-0.07432100496515215,-0.5855005171185262,0.8230618516731787,0.5857317228394233,1.1576608892252012,-1.9372137882538318
-0.07410287825868345,-0.5856457273483353,0.8231635987629926,0.5857584684792723,1.1574162810215693,-1.9369318791909675
-0.07388467020186873,-0.5857906618158114,0.8232651603136327,0.585785072613647,1.1571717309718634,-1.9366493811746261
-0.07366638346196908,-0.5859353188677854,0.8233665351676147,0.5858115349501946,1.1569272417331238,-1.9363662969649433
-0.0734480224182148,-0.5860796958789994,0.8234677214869244,0.5858378550560198,1.1566828177248136,-1.9360826315334376
-0.07322958170253102,-0.5862237914445351,0.8235687182451761,0.5858640315548531,1.1564384577702316,-1.9357983782145574
-0.07301106155912418,-0.5863676073272351,0.823669526693446,0.585890065182198,1.156194159977931,-1.935513536300941
-0.07279246208423107,-0.5865111429336595,0.8237701464109777,0.58591595569627,1.155949924785112,-1.935228105360838
-0.07257378337290099,-0.586654397671396,0.8238705769776593,0.5859417028556331,1.1557057526275814,-1.9349420849599173
-0.07235502551898598,-0.586797370947564,0.8239708179729437,0.585967306418364,1.1554616439416483,-1.9346554746651419
-0.07213618931526256,-0.5869400620293378,0.82407086888063,0.5859927661896257,1.15521759962134,-1.934368274889542
-0.07191727488374333,-0.5870824700126621,0.8241707290593432,0.5860180818055185,1.1549736204353143,-1.934080485306668
-0.07169828229007535,-0.5872245942934325,0.8242703980800803,0.5860432530157786,1.15472970682116,-1.9337921054569602
-0.07147919604666253,-0.5873664374395134,0.8243698776835888,0.5860682785464605,1.1544858489416896,-1.9335031159396692
-0.07126003216597443,-0.5875080023714421,0.8244691700243032,0.586093161944077,1.1542420508282158,-1.9332135341125383
-0.07104079031397248,-0.5876492818384232,0.8245682699563304,0.5861179002016103,1.1539983195221224,-1.9329233605555425
-0.07082147055971255,-0.5877902752630554,0.8246671770692817,0.5861424930799,1.1537546554367701,-1.9326325948127268
-0.07060207297270793,-0.5879309820676214,0.8247658909524724,0.5861669403398336,1.1535110589861546,-1.9323412364274895
-0.07038259762286092,-0.5880714016733088,0.8248644111943593,0.5861912417419011,1.1532675305858775,-1.9320492849446567
-0.07016304458040334,-0.5882115334995642,0.824962737382076,0.5862153970458261,1.1530240706539527,-1.9317567399121935
-0.06994341391604486,-0.5883513769656802,0.8250608691025754,0.5862394060114794,1.152780679608837,-1.9314636008769883
-0.06972370570084241,-0.5884909314893634,0.825158805941598,0.5862632683980609,1.1525373578712081,-1.9311698673886524
-0.06950392000627481,-0.5886301964874905,0.8252565474842184,0.5862869839645353,1.1522941058630345,-1.9308755389975176
-0.06928405690423034,-0.5887691713759982,0.8253540933147625,0.5863105524695708,1.1520509240077106,-1.9305806152549225
-0.06906410084225278,-0.5889078586956268,0.8254514451602701,0.5863339726010112,1.1518078023607086,-1.9302850765839648
-0.0688440676194837,-0.5890462612425849,0.8255486050795571,0.5863572478446164,1.1515647450571893,-1.9299889399131271
-0.06862395746069616,-0.5891843719371893,0.8256455680486248,0.5863803753424129,1.1513217592594271,-1.9296922067645674
-0.06840377016587595,-0.5893221900289659,0.8257423335321064,0.5864033547449439,1.151078845438119,-1.9293948764186313
-0.06818350581502486,-0.5894597150345808,0.8258389011854055,0.586426185852828,1.1508360039188381,-1.9290969484145726
-0.06796316448264861,-0.5895969463654198,0.8259352705891523,0.5864488684236544,1.1505932351321515,-1.9287984223063601
-0.06774274624336485,-0.5897338834281538,0.8260314413205112,0.5864714022125935,1.150350539514784,-1.9284992976590194
-0.06752225117243071,-0.5898705256311008,0.8261274129577614,0.5864937869760097,1.1501079175016744,-1.9281995740316782
-0.06730167934538756,-0.5900068723798911,0.8262231850771773,0.5865160224690065,1.1498653695313956,-1.927899250989117
-0.06708103083826789,-0.5901429230799603,0.8263187572548216,0.5865381084468413,1.1496228960430404,-1.9275983280951274
-0.06686030572753943,-0.5902786771358387,0.8264141290660341,0.586560044664526,1.1493804974771145,-1.9272968049144004
-0.06663950270199415,-0.5904141342246355,0.8265093002734671,0.5865818307782275,1.1491381733492716,-1.9269946793078276
-0.06641862067950122,-0.5905492945388209,0.8266042710067012,0.5866034666882506,1.1488959227450195,-1.9266919492210661
-0.06619765956754087,-0.590684157985162,0.8266990411969042,0.5866249523278105,1.1486537455019363,-1.9263886138392212
-0.06597661922889664,-0.5908187240735085,0.8267936104933105,0.5866462874619442,1.148411641846169,-1.9260846724219725
-0.06575549950062154,-0.5909529923248986,0.8268879785529357,0.5866674718562062,1.1481696119800566,-1.9257801241952661
-0.06553430018979434,-0.5910869622755262,0.8269821450433978,0.5866885052778901,1.1479276560754743,-1.9254749683402914
-0.06531302106797199,-0.5912206334770995,0.8270761096431354,0.5867093874950027,1.1476857742713076,-1.925169203991933
-0.06509166186480364,-0.5913540055025848,0.8271698720454883,0.5867301182779789,1.1474439666637204,-1.924862830222726
-0.06487023800382374,-0.5914870748507045,0.8272634298252215,0.5867506985294755,1.1472022438873526,-1.924555865498409
-0.06464873525071457,-0.5916198376790432,0.8273567801929156,0.5867711245088952,1.1469606030706274,-1.9242482939930985
-0.06442715682187838,-0.5917522982977921,0.8274499262182551,0.5867913984474883,1.1467190410336807,-1.9239401170950599
-0.06420548697623829,-0.5918844580796306,0.8275428688103323,0.5868115184939304,1.14647754874192,-1.9236313152214348
-0.06398374849472432,-0.5920163181021467,0.8276356088219976,0.586831488542199,1.1462361355447577,-1.9233219136001012
-0.06376193342123138,-0.5921478705756293,0.8277281406880714,0.5868513041920439,1.1459948056000078,-1.9230119052914656
-0.06354004117497247,-0.5922791179774627,0.8278204661617723,0.586870966351351,1.145753555843885,-1.9227012878914118
-0.06331807117389943,-0.5924100601363622,0.8279125851159956,0.586890474847993,1.145512385964738,-1.9223900600215444
-0.06309602453453245,-0.5925406964892386,0.8280044971518787,0.5869098296094112,1.1452712968601189,-1.9220782224311186
-0.06287390275562732,-0.5926710257424219,0.8280962013530138,0.5869290303239932,1.1450302903734573,-1.9217657766202279
-0.06265170758910266,-0.592801046401104,0.8281876966607813,0.5869480766375822,1.14478936868286,-1.9214527244785522
-0.06242943569642723,-0.5929307578692419,0.8282789826357462,0.5869669677832283,1.144548530620964,-1.9211390616299544
-0.06220708892452809,-0.5930601604763935,0.82837005951489,0.5869857041655887,1.1443077765054255,-1.9208247892973576
-0.061984667326650644,-0.5931892529623919,0.8284609263996541,0.5870042852663111,1.1440671074671507,-1.9205099073120673
-0.06176217098938963,-0.5933180347045689,0.8285515828441499,0.587022710832094,1.1438265239877439,-1.920194415275515
-0.06153958416163263,-0.5934465081535368,0.8286420305294038,0.5870409794307319,1.1435860157890105,-1.9198782930611222
-0.06131692305483316,-0.5935746754754744,0.8287322710475964,0.5870590944242726,1.1433455880799261,-1.9195615575681633
-0.06109418745784545,-0.5937025301410781,0.8288222997571961,0.5870770531018878,1.1431052473885897,-1.9192442107361194
-0.060871377459266185,-0.5938300715244285,0.8289121162096835,0.5870948552098415,1.1428649942019953,-1.918926252168454
-0.06064849314815568,-0.5939572989983212,0.8290017199555391,0.587112500494032,1.1426248290091057,-1.9186076814705215
-0.06042553461403877,-0.5940842119342151,0.8290911105442116,0.5871299886999698,1.1423847523009152,-1.918288498249706
-0.06020250194697141,-0.594210809703156,0.8291802875247756,0.5871473195732841,1.1421447645693001,-1.9179687021129543
-0.059979395237358624,-0.5943370916731325,0.8292692504440371,0.587164492858284,1.1419048663103348,-1.9176482926738363
-0.05975621457628044,-0.594463057213729,0.8293579988498725,0.5871815083005009,1.1416650580184586,-1.9173272695401198
-0.059532960055134865,-0.5945887056909509,0.8294465322875131,0.5871983656438697,1.1414253401929702,-1.9170056323275848
-0.05930963176591497,-0.5947140364711828,0.8295348503023874,0.5872150646328907,1.1411857133330665,-1.9166833806494608
-0.059086229801037504,-0.5948390489186901,0.8296229524383278,0.5872316050112724,1.1409461779409784,-1.916360514123091
-0.05886275425342191,-0.5949637423967581,0.829710838238388,0.5872479865225546,1.1407067345205448,-1.916037032366894
-0.058639189296762595,-0.5950881193178986,0.8297985093637359,0.5872642076873457,1.1404673726667032,-1.9157129150449246
-0.058415551201546734,-0.5952121816150125,0.8298859672323515,0.5872802718104,1.1402280979493147,-1.9153881789160232
-0.05819183979178977,-0.5953359229827628,0.8299732073598047,0.5872961762734579,1.139988916735307,-1.9150628263298468
-0.057968055162499255,-0.5954593427808108,0.8300602292862456,0.5873119208196025,1.139749829534535,-1.914736856907808
-0.05774419740909664,-0.5955824403662426,0.830147032549899,0.5873275051909065,1.1395108368604852,-1.9144102702766579
-0.057520266627479444,-0.5957052150945557,0.8302336166877762,0.5873429291289682,1.1392719392290385,-1.9140830660658499
-0.05729626291419265,-0.595827666322118,0.8303199812374347,0.5873581923762434,1.1390331371553795,-1.9137552439009604
-0.05707218636613565,-0.5959497934018267,0.8304061257338673,0.5873732946737076,1.1387944311594538,-1.9134268034152924
-0.05684803708080999,-0.5960715956867076,0.830492049712082,0.5873882357627996,1.1385558217614564,-1.9130977442402646
-0.05662380766739439,-0.5961930739501203,0.8305777536962626,0.5874030147969409,1.138317304320618,-1.9127680565812157
-0.056399505832748,-0.5963142286733538,0.830663238043547,0.5874176331689325,1.1380788818524041,-1.9124377480651944
-0.05617513155829634,-0.5964350566281134,0.8307485004545669,0.5874320895440752,1.137840557568307,-1.912106819734259
-0.05595068494355715,-0.5965555571615068,0.8308335404597775,0.5874463836622497,1.1376023319976134,-1.9117752712293796
-0.055726166088623685,-0.5966757296202828,0.8309183575893009,0.5874605152635541,1.1373642056704816,-1.9114431021909366
-0.055501575094150546,-0.5967955733505407,0.8310029513727155,0.5874744840881541,1.1371261791183087,-1.9111103122594981
-0.05527691206122576,-0.5969150876956858,0.8310873213375927,0.5874882898751952,1.1368882528763107,-1.9107769010812874
-0.05505217709155552,-0.5970342719992954,0.8311714670115489,0.5875019323643349,1.1366504274799174,-1.9104428683005226
-0.05482737028730433,-0.5971531256025294,0.8312553879203906,0.5875154112943698,1.1364127034680342,-1.9101082135663356
-0.05460249175124865,-0.5972716478466155,0.8313390835898953,0.5875287264045589,1.1361750813799185,-1.9097729365261304
-0.054377525548026995,-0.597389841083444,0.8314225556490147,0.5875418761447413,1.1359375506275964,-1.9094370165425045
-0.05415248803605355,-0.5975077068949056,0.8315058052532747,0.5875548637344126,1.1357001173223296,-1.9091004701554706
-0.05392737909029499,-0.5976252393155288,0.8315888281570838,0.5875676866962332,1.1354627875851708,-1.9087633003299826
-0.05370219881575444,-0.5977424376822618,0.8316716238828405,0.5875803447689577,1.1352255619624667,-1.9084255067181768
-0.053476947317822265,-0.5978593013281347,0.8317541919500622,0.587592837689718,1.1349884410059545,-1.908087088981134
-0.0532516247025665,-0.5979758295871149,0.8318365318788556,0.5876051651965891,1.134751425266645,-1.9077480467758707
-0.05302623107649396,-0.5980920217899757,0.8319186431869645,0.5876173270264168,1.134514515300038,-1.9074083797664134
-0.05280076654679977,-0.5982078772686459,0.8320005253928802,0.5876293229171111,1.1342777116606313,-1.9070680876121349
-0.05257523122109742,-0.5983233953513512,0.8320821780123637,0.587641152605096,1.1340410149080642,-1.9067271699807813
-0.0523496252076443,-0.5984385753665981,0.8321636005612998,0.5876528158274079,1.1338044256020863,-1.9063856265377959
-0.052123948615204085,-0.5985534166406193,0.8322447925538659,0.5876643123203606,1.13356794430579,-1.9060434569531646
-0.05189820155320746,-0.5986679185003695,0.8323257535046769,0.5876756418211155,1.1333315715818268,-1.9057006608933824
-0.051672384131483895,-0.5987820802683692,0.8324064829250961,0.5876868040649924,1.1330953079989299,-1.9053572380352901
-0.05144649646061161,-0.5988959012692979,0.8324869803279524,0.5876977987889181,1.1328591541235815,-1.905013188048382
-0.05122053865158094,-0.5990093808236243,0.832567245222982,0.5877086257281058,1.1326231105280693,-1.9046685106118937
-0.050994510816091854,-0.5991225182530271,0.8326472771207083,0.5877192846188886,1.1323871777836374,-1.9043232054002674
-0.05076841306629731,-0.599235312875693,0.8327270755290761,0.5877297751962717,1.1321513564664365,-1.9039772720957626
-0.050542245515025286,-0.5993477640103004,0.8328066399563028,0.5877400971960134,1.1319156471524874,-1.90363071037777
-0.05031600827564553,-0.5994598709735863,0.832885969909138,0.5877502503533624,1.1316800504207614,-1.903283519929339
-0.05008970146208114,-0.5995716330803826,0.8329650648928881,0.5877602344030841,1.1314445668531417,-1.9029357004370817
-0.04986330068297384,-0.5996830541496366,0.8330439275792112,0.5877700470184694,1.1312091798018737,-1.9025872202863063
-0.049636830829150824,-0.5997941363463973,0.8331225595361649,0.5877796930757752,1.1309738991345049,-1.9022381043635894
-0.04941029173174982,-0.599904871551366,0.8332009549848998,0.5877891691935888,1.1307387334115035,-1.901888358327442
-0.049183683507159515,-0.6000152590753625,0.8332791134275328,0.5877984751066864,1.1305036832217725,-1.9015379818683638
-0.04895700627224997,-0.6001252982257153,0.8333570343636048,0.587807610548571,1.1302687491591503,-1.90118697468468
-0.04873026014462489,-0.6002349883110516,0.8334347172935042,0.587816575253942,1.130033931816358,-1.9008353364696902
-0.04850344524240402,-0.6003443286371142,0.8335121617154773,0.5878253689565499,1.1297992317902854,-1.9004830669228836
-0.04827656168435723,-0.6004533185091876,0.8335893671273631,0.5878339913904479,1.1295646496789344,-1.9001301657434415
-0.048049609589825515,-0.6005619572305354,0.8336663330254757,0.587842442289193,1.1293301860834006,-1.899776632634434
-0.047822589078774236,-0.6006702441034691,0.8337430589053674,0.5878507213864032,1.1290958416065182,-1.8994224672999411
-0.04759550027179582,-0.6007781784292879,0.8338195442617877,0.5878588284157266,1.1288616168529428,-1.8990676694452202
-0.04736834329007422,-0.6008857595074835,0.8338957885881131,0.5878667631104453,1.128627512430166,-1.8987122387788489
-0.04714111825542666,-0.6009929866366033,0.8339717913769649,0.5878745252039177,1.1283935289474165,-1.8983561750103972
-0.04691382529029031,-0.6010998591138906,0.8340475521199515,0.5878821144294001,1.1281596670161318,-1.897999477851405
-0.046686464517687654,-0.6012063762344014,0.8341230703070392,0.5878895305196081,1.1279259272510727,-1.8976421470177518
-0.04645903606134283,-0.6013125372936209,0.834198345428419,0.5878967732080432,1.1276923102670122,-1.8972841822226283
-0.04623154004552621,-0.601418341583842,0.8342733769719199,0.5879038422271674,1.127458816683335,-1.8969255831862684
-0.04600397659520006,-0.6015237883974558,0.8343481644253621,0.5879107373100729,1.127225447119862,-1.8965663496271081
-0.045776345835912835,-0.6016288770244308,0.8344227072747521,0.5879174581892117,1.1269922022000591,-1.8962064812685675
-0.04554864789389157,-0.6017336067543911,0.8344970050057712,0.5879240045974528,1.1267590825483975,-1.8958459778334564
-0.04532088289596903,-0.6018379768748188,0.8345710571024894,0.5879303762671798,1.126526088792645,-1.8954848390488195
-0.04509305096965388,-0.6019419866727258,0.8346448630485597,0.5879365729311383,1.1262932215617416,-1.8951230646414305
-0.04486513594339936,-0.602045638352602,0.8347184243935635,0.5879425928800388,1.1260604698652557,-1.8947606333069185
-0.044637154376816035,-0.6021489326651999,0.8347917416705295,0.5879484391335835,1.1258278410865452,-1.8943975610733417
-0.04440910625535999,-0.6022518644564475,0.8348648112061423,0.5879541095533775,1.1255953407504429,-1.89403385231926
-0.04418099170916179,-0.6023544330078652,0.8349376324798072,0.587959603871873,1.1253629694951437,-1.8936695067795806
-0.04395281086895153,-0.602456637598271,0.8350102049689188,0.5879649218207945,1.1251307279628744,-1.8933045241949609
-0.04372456386615742,-0.6025584775061297,0.8350825281505396,0.5879700631323184,1.124898616796911,-1.8929389043054865
-0.04349625083288622,-0.6026599520089166,0.835154601500943,0.5879750275387592,1.1246666366423945,-1.892572646852388
-0.04326787190185577,-0.6027610603814801,0.8352264244944454,0.5879798147717613,1.124434788148414,-1.892205751582449
-0.043039427206502445,-0.6028618018986207,0.8352979966052487,0.5879844245635878,1.1242030719647271,-1.8918382182410596
-0.04281091688091365,-0.6029621758332304,0.8353693173061107,0.5879888566462005,1.1239714887441423,-1.8914700465772416
-0.0425823410598305,-0.6030621814564348,0.8354403860684476,0.5879931107513379,1.1237400391423311,-1.8911012363432573
-0.0423536998786922,-0.6031618180384978,0.8355112023629774,0.5879971866109687,1.1235087238166883,-1.8907317872921783
-0.04212499347360943,-0.6032610848481964,0.8355817656592777,0.5880010839569896,1.1232775434271256,-1.8903616991795702
-0.041896221981382986,-0.603359981153118,0.8356520754259931,0.588004802521375,1.123046498635705,-1.889990971762699
-0.041667385539490454,-0.6034585062193507,0.8357221311306193,0.5880083420360334,1.1228155901070265,-1.8896196048013572
-0.041438484286096866,-0.6035566593115181,0.8357919322395229,0.588011702232829,1.1225848185082015,-1.8892475980577847
-0.0412095183600476,-0.6036544396926895,0.8358614782178821,0.5880148828435446,1.1223541845089595,-1.8888749512969074
-0.04098048790089592,-0.6037518466249051,0.8359307685300577,0.5880178836001456,1.1221236887809913,-1.8885016642849215
-0.04075139304889941,-0.6038488793691074,0.8359998026395465,0.5880207042347503,1.1218933319980358,-1.8881277367894873
-0.04052223394498533,-0.6039455371839806,0.8360685800081522,0.5880233444790709,1.121663114837365,-1.887753168582854
-0.04029301073080749,-0.6040418193275406,0.8361371000971203,0.588025804065195,1.1214330379777633,-1.8873779594375808
-0.040063723548709795,-0.6041377250560047,0.8362053623663313,0.5880280827250417,1.1212031021009699,-1.8870021091295823
-0.0398343725417547,-0.6042332536245321,0.8362733662748294,0.5880301801907267,1.1209733078907413,-1.8866256174361389
-0.03960495785372142,-0.604328404287026,0.8363411112806807,0.588032096194473,1.1207436560331054,-1.8862484841364293
-0.03937547962907839,-0.6044231762952783,0.8364085968403652,0.5880338304682038,1.12051414721746,-1.8858707090138442
-0.039145938013025905,-0.604517568900111,0.8364758224095881,0.5880353827440994,1.1202847821351205,-1.8854922918529096
-0.03891633315149434,-0.604611581351338,0.8365427874432538,0.588036752754587,1.1200555614793686,-1.8851132324393836
-0.03868666519112374,-0.6047052128968442,0.8366094913948108,0.5880379402319018,1.1198264859466378,-1.8847335305627593
-0.03845693427928332,-0.6047984627833585,0.8366759337167995,0.5880389449084644,1.1195975562355278,-1.8843531860141693
-0.03822714056406529,-0.6048913302559051,0.8367421138604647,0.5880397665166268,1.11936877304751,-1.883972198587876
-0.03799728419429105,-0.6049838145579933,0.836808031275889,0.5880404047887675,1.1191401370866934,-1.8835905680807647
-0.03776736531956182,-0.6050759149333863,0.8368736854132526,0.588040859458147,1.118911649057559,-1.883208294287555
-0.03753738409013341,-0.6051676306213328,0.8369390757194379,0.5880411302566307,1.1186833096710733,-1.8828253770137084
-0.03730734065708319,-0.6052589608626684,0.8370042016423747,0.5880412169176138,1.1184551196368784,-1.8824418160589242
-0.037077235172188416,-0.6053499048952016,0.8370690626277542,0.588041119173824,1.1182270796692038,-1.882057611229621
-0.03684706778798841,-0.6054404619557773,0.8371336581204991,0.5880408367583129,1.1179991904842312,-1.8816727623333662
-0.036616838657764106,-0.6055306312796116,0.8371979875642888,0.5880403694041443,1.1177714528009508,-1.881287269180671
-0.03638654793556473,-0.605620412100888,0.8372620504019848,0.5880397168446869,1.1175438673404,-1.880901131583386
-0.03615619577617224,-0.6057098036515526,0.8373258460747728,0.5880388788130481,1.1173164348272124,-1.8805143493579608
-0.03592578233516264,-0.6057988051635642,0.8373893740237648,0.5880378550431458,1.1170891559867384,-1.880126922319356
-0.03569530776883667,-0.6058874158656579,0.837452633687696,0.5880366452681861,1.1168620315492015,-1.8797388502898194
-0.03546477223429889,-0.6059756349869697,0.8375156245055013,0.5880352492223813,1.1166350622450496,-1.8793501330890565
-0.035234175889383934,-0.6060634617534006,0.8375783459137338,0.5880336666392413,1.1164082488096276,-1.8789607705440992
-0.03500351889273645,-0.6061508953909789,0.8376407973489508,0.5880318972531661,1.11618159197887,-1.8785707624801937
-0.0347728014037596,-0.6062379351237673,0.8377029782462309,0.5880299407984662,1.1159550924919817,-1.8781801087264682
-0.03454202358261149,-0.6063245801730772,0.8377648880386106,0.5880277970090034,1.1157287510924627,-1.87778880911808
-0.03431118559029134,-0.6064108297616401,0.837826526160053,0.5880254656201502,1.1155025685227524,-1.877396863484902
-0.03408028758852044,-0.6064966831077132,0.8378878920412562,0.5880229463660407,1.1152765455318014,-1.8770042716675095
-0.03384932973984611,-0.606582139429959,0.8379489851131225,0.5880202389818568,1.1150506828688125,-1.8766110335039552
-0.033618312207602585,-0.6066671979454739,0.8380098048053584,0.5880173432029151,1.1148249812857731,-1.876217148835112
-0.03338723515590747,-0.6067518578690907,0.8380703505459763,0.5880142587643497,1.1145994415383633,-1.8758226175065824
-0.03315609874967951,-0.6068361184144955,0.8381306217620903,0.5880109854016407,1.1143740643845195,-1.8754274393656587
-0.03292490315464569,-0.606919978794307,0.8381906178799721,0.5880075228506554,1.1141488505843398,-1.875031614261121
-0.03269364853733592,-0.6070034382195834,0.8382503383247006,0.5880038708474278,1.1139238009007202,-1.874635142044574
-0.03246233506508567,-0.6070864958997881,0.8383097825201382,0.5880000291281504,1.1136989160994066,-1.8742380225705493
-0.03223096290603422,-0.6071691510425133,0.838368949888733,0.5879959974290552,1.1134741969493542,-1.8738402556972558
-0.031999532229146865,-0.6072514028546594,0.8384278398523586,0.5879917754869626,1.1132496442212134,-1.8734418412833842
-0.03176804320420601,-0.6073332505416588,0.8384864518317614,0.5879873630389318,1.1130252586883334,-1.8730427791902158
-0.03153649600179875,-0.6074146933062071,0.8385447852456598,0.5879827598216882,1.1128010411284057,-1.872643069285081
-0.031304890793355966,-0.6074957303510305,0.8386028395127108,0.5879779655728978,1.1125769923198978,-1.872242711433839
-0.031073227751132748,-0.6075763608772673,0.838660614050359,0.587972980030432,1.1123531130441469,-1.8718417055052785
-0.03084150704819777,-0.607656584083275,0.8387181082739907,0.5879678029318329,1.1121294040869005,-1.8714400513743694
-0.03060972885847768,-0.6077363991676212,0.8387753215990577,0.5879624340156856,1.1119058662344683,-1.8710377489141359
-0.030377893356712704,-0.6078158053256767,0.8388322534386572,0.5879568730200723,1.111682500278119,-1.8706347980049263
-0.030146000718509036,-0.60789480175343,0.8388889032062421,0.5879511196843145,1.1114593070091612,-1.8702311985240339
-0.029914051120290885,-0.6079733876430264,0.8389452703124531,0.587945173746958,1.1112362872247117,-1.8698269503578535
-0.0296820447393511,-0.6080515621872011,0.8390013541682646,0.5879390349477864,1.1110134417219724,-1.8694220533898098
-0.02944998175382274,-0.6081293245760975,0.8390571541827283,0.5879327030263914,1.1107907713023462,-1.869016507509027
-0.029217862342691525,-0.6082066739984463,0.8391126697638094,0.5879261777227142,1.1105682767699154,-1.868610312607122
-0.028985686685807366,-0.6082836096420192,0.8391679003187082,0.5879194587772542,1.110345958930867,-1.8682034685769795
-0.028753454963872827,-0.6083601306922877,0.8392228452529094,0.5879125459304769,1.110123818595225,-1.8677959753164046
-0.028521167358460886,-0.6084362363339822,0.8392775039712879,0.5879054389235221,1.109901856574843,-1.8673878327238826
-0.028288824052011385,-0.6085119257503409,0.8393318758775754,0.5878981374978709,1.1096800736843797,-1.8669790407006286
-0.028056425227831028,-0.608587198122437,0.8393859603738849,0.5878906413950573,1.109458470742173,-1.8665695991524307
-0.027823971070104037,-0.6086620526303625,0.8394397568615481,0.5878829503572031,1.1092370485687173,-1.8661595079864262
-0.027591461763892156,-0.608736488452946,0.8394932647409181,0.5878750641268994,1.109015807987027,-1.8657487671118715
-0.027358897495135537,-0.6088105047668373,0.839546483410718,0.5878669824468086,1.1087947498238326,-1.8653373764426544
-0.02712627845066251,-0.608884100747852,0.839599412268996,0.5878587050602689,1.1085738749078435,-1.8649253358936237
-0.02689360481818248,-0.6089572755690464,0.8396520507117597,0.5878502317104521,1.1083531840722445,-1.864512645385853
-0.026660876786309018,-0.6090300284046433,0.8397043981357593,0.5878415621421021,1.108132678149618,-1.8640993048359231
-0.026428094544535874,-0.6091023584244845,0.8397564539345566,0.5878326960990992,1.1079123579791306,-1.86368531417108
-0.026195258283264522,-0.6091742647984046,0.8398082175016222,0.5878236333263933,1.1076922244008822,-1.8632706733172986
-0.02596236819379083,-0.609245746694018,0.8398596882287723,0.5878143735690425,1.1074722782587638,-1.8628553822053244
-0.025729424468323714,-0.6093168032788422,0.8399108655076675,0.5878049165731466,1.1072525203977264,-1.8624394407648885
-0.025496427299974478,-0.6093874337171628,0.8399617487275961,0.5877952620844876,1.1070329516678383,-1.8620228489332722
-0.025263376882767474,-0.6094576371723099,0.8400123372770856,0.5877854098495338,1.106813572921342,-1.861605606649094
-0.025030273411644544,-0.609527412806899,0.8400626305440717,0.5877753596155493,1.1065943850123523,-1.8611877138516608
-0.024797117082464126,-0.6095967597813466,0.8401126279148503,0.5877651111299584,1.1063753887987773,-1.860769170485025
-0.02456390809200748,-0.6096656772539003,0.8401623287740958,0.5877546641403664,1.106156585142296,-1.8603499764979181
-0.024330646637981346,-0.6097341643829933,0.840211732506531,0.5877440183955925,1.1059379749052958,-1.859930131837306
-0.024097332919023273,-0.6098022203238233,0.8402608384945034,0.5877331736441918,1.10571955895533,-1.8595096364577668
-0.023863967134701625,-0.6098698442318062,0.8403096461204309,0.5877221296359604,1.1055013381606287,-1.8590884903120328
-0.023630549485520902,-0.6099370352589489,0.8403581547642336,0.5877108861203771,1.1052833133948226,-1.8586666933609373
-0.023397080172927076,-0.6100037925571504,0.8404063638056725,0.587699442848037,1.105065485532655,-1.8582442455643726
-0.023163559399309364,-0.6100701152758864,0.8404542726227082,0.5876877995696604,1.1048478554530008,-1.8578211468876535
-0.022929987367999338,-0.610136002564399,0.8405018805930529,0.587675956037044,1.1046304240360192,-1.8573973972955033
-0.02269636428328692,-0.610201453568214,0.840549187091705,0.5876639120015787,1.1044131921676912,-1.856972996761622
-0.02246269035040349,-0.6102664674343576,0.8405961914946398,0.5876516672164844,1.1041961607330408,-1.8565479452543878
-0.022228965775553,-0.610331043304997,0.8406428931743122,0.5876392214341107,1.1039793306244097,-1.856122242754292
-0.021995190765885297,-0.6103951803235935,0.8406892915040078,0.5876265744085621,1.1037627027334613,-1.8556958892370903
-0.02176136552952279,-0.610458877630893,0.8407353858550088,0.5876137258940038,1.1035462779563996,-1.8552688846847902
-0.02152749027555867,-0.6105221343651864,0.840781175596776,0.5876006756447832,1.1033300571936377,-1.8548412290849494
-0.021293565214047128,-0.6105849496651811,0.8408266600989815,0.5875874234166518,1.1031140413460652,-1.8544129224228068
-0.02105959055602824,-0.6106473226663136,0.8408718387289009,0.5875739689652183,1.102898231319854,-1.8539839646914045
-0.020825566513507532,-0.6107092525041145,0.8409167108537923,0.5875603120473734,1.1026826280220827,-1.853554355882364
-0.020591493299484398,-0.6107707383111826,0.8409612758387581,0.5875464524200297,1.1024672323646787,-1.8531240959941928
-0.020357371127938784,-0.6108317792193738,0.8410055330482913,0.5875323898410465,1.1022520452615807,-1.8526931850262918
-0.020123200213843617,-0.6108923743581509,0.8410494818451095,0.5875181240685509,1.1020370676308875,-1.8522616229834843
-0.01988898077315504,-0.6109525228568956,0.8410931215917907,0.5875036548619104,1.1018223003918515,-1.8518294098696815
-0.01965471302283106,-0.6110122238424016,0.8411364516489988,0.5874889819806969,1.1016077444681516,-1.8513965456947663
-0.01942039718083599,-0.6110714764396685,0.8411794713760479,0.5874741051850292,1.1013934007868678,-1.8509630304724363
-0.0191860334661218,-0.611130279773382,0.8412221801319459,0.5874590242361923,1.1011792702765508,-1.8505288642161262
-0.018951622098663634,-0.6111886329653107,0.8412645772735576,0.5874437388955734,1.1009653538706263,-1.850094046946182
-0.018717163299437622,-0.6112465351364998,0.8413066621571526,0.5874282489255735,1.1007516525045369,-1.8496585786838329
-0.018482657290426197,-0.6113039854069809,0.8413484341382014,0.5874125540894998,1.1005381671161272,-1.849222459451999
-0.01824810429465451,-0.611360982893427,0.841389892569719,0.5873966541506084,1.1003248986487115,-1.8487856892817496
-0.018013504536144254,-0.6114175267126549,0.8414310368047402,0.5873805488735544,1.1001118480465029,-1.8483482682026744
-0.017778858239941187,-0.6114736159800029,0.8414718661951706,0.5873642380237329,1.0998990162567397,-1.8479101962473536
-0.017544165632145337,-0.611529249807584,0.8415123800905571,0.5873477213665782,1.0996864042319743,-1.8474714734561806
-0.017309426939865702,-0.6115844273073379,0.8415525778402406,0.5873309986688167,1.0994740129260892,-1.8470320998689647
-0.01707464239124068,-0.611639147590155,0.8415924587927393,0.587314069698119,1.0992618432954446,-1.8465920755273448
-0.01683981221547981,-0.6116934097633506,0.8416320222939628,0.587296934222085,1.0990498963021955,-1.8461514004817687
-0.01660493664279361,-0.6117472129350959,0.8416712676903457,0.5872795920100492,1.0988381729084886,-1.8457100747792814
-0.016370015904471735,-0.6118005562102562,0.8417101943259029,0.587262042831406,1.098626674081925,-1.8452680984750063
-0.016135050232838566,-0.6118534386928963,0.8417488015440044,0.5872442864566332,1.0984154007922795,-1.8448254716252512
-0.01590003986127453,-0.6119058594853105,0.8417870886866883,0.5872263226569079,1.0982043540127806,-1.8443821942901901
-0.01566498502420899,-0.6119578176888631,0.8418250550952528,0.5872081512044558,1.0979935347190117,-1.8439382665315485
-0.01542988595715844,-0.6120093124017396,0.8418627001086723,0.5871897718716593,1.0977829438918658,-1.8434936884188229
-0.015194742896664337,-0.6120603427228215,0.8419000230663292,0.5871711844326192,1.097572582512473,-1.8430484600185975
-0.014959556080368586,-0.612110907747659,0.8419370233051753,0.5871523886615522,1.0973624515674814,-1.8426025814056617
-0.01472432574695226,-0.6121610065717135,0.8419737001620162,0.5871333843340955,1.0971525520448149,-1.8421560526540712
-0.014489052136210212,-0.6122106382872529,0.8420100529713244,0.5871141712260837,1.0969428849377518,-1.8417088738457341
-0.014253735488994224,-0.6122598019859099,0.8420460810670418,0.5870947491145723,1.0967334512415738,-1.8412610450633538
-0.014018376047223668,-0.6123084967583312,0.8420817837823344,0.5870751177777084,1.0965242519540261,-1.8408125663913972
-0.013782974053935249,-0.6123567216923231,0.8421171604482831,0.5870552769940088,1.0963152880777647,-1.84036343792124
-0.013547529753220822,-0.6124044758755145,0.8421522103957626,0.5870352265434186,1.0961065606168627,-1.8399136597438097
-0.013312043390299344,-0.6124517583926278,0.8421869329535165,0.5870149662062502,1.095898070580401,-1.8394632319571431
-0.013076515211460915,-0.6124985683277758,0.8422213274497787,0.5869944957640933,1.0956898189794548,-1.8390121546600426
-0.012840945464104081,-0.612544904763263,0.8422553932114272,0.586973814999357,1.095481806828676,-1.838560427955401
-0.012605334396722512,-0.6125907667800976,0.8422891295643438,0.5869529236954758,1.0952740351456252,-1.838108051948793
-0.012369682258933423,-0.6126361534571247,0.8423225358328073,0.5869318216365877,1.095066504951918,-1.837655026750889
-0.01213398930146159,-0.6126810638716974,0.8423556113399622,0.5869105086078036,1.0948592172723477,-1.837201352475603
-0.011898272924188547,-0.6127254946448525,0.8423883535596639,0.5868889864430739,1.0946521864184569,-1.8367470527773198
-0.011662516299928427,-0.6127694465754282,0.8424207631586529,0.5868672524332388,1.0944454019489824,-1.8362921139468862
-0.011426719624139103,-0.6128129195374455,0.8424528400081459,0.5868453068465643,1.094238863052405,-1.8358365264978804
-0.011190883151989794,-0.6128559126015852,0.8424845834262724,0.5868231494718523,1.0940325707672727,-1.8353802905598746
-0.010955007139724415,-0.6128984248388308,0.8425159927312929,0.5868007800996173,1.0938265261329725,-1.834923406260754
-0.010719091844761053,-0.6129404553172962,0.8425470672393693,0.5867781985208806,1.093620730193922,-1.8344658737355388
-0.01048313752562624,-0.6129820031042569,0.8425778062659921,0.5867554045279573,1.0934151839968937,-1.8340076931207467
-0.010247144442013578,-0.6130230672646473,0.842608209124923,0.5867323979138945,1.0932098885930028,-1.8335488645585778
-0.010011112854716231,-0.6130636468632112,0.8426382751297101,0.586709178473299,1.0930048450348784,-1.8330893881909598
-0.009775043025721075,-0.6131037409615907,0.8426680035916396,0.5866857460012433,1.0928000543805074,-1.8326292641676356
-0.009538935218121658,-0.6131433486212057,0.8426973938217603,0.5866621002943663,1.0925955176894417,-1.8321684926381792
-0.009302789696199909,-0.6131824689008858,0.8427264451292191,0.5866382411499906,1.0923912360259305,-1.831707073758584
-0.009066606725364856,-0.6132211008587746,0.842755156822601,0.5866141683668485,1.0921872104564108,-1.8312450076859845
-0.0088303865721997,-0.613259243551028,0.8427835282090128,0.5865898817446048,1.0919834420512318,-1.8307822945822814
-0.008594129504468029,-0.6132968960317948,0.8428115585940716,0.5865653810838615,1.0917799318846888,-1.830318934614212
-0.00835783579106053,-0.6133340573548484,0.8428392472830488,0.5865406661867762,1.0915766810328724,-1.8298549279488179
-0.008121505702066933,-0.6133707265715433,0.8428665935794388,0.5865157368563124,1.0913736905763698,-1.8293902747591422
-0.007885139508757355,-0.6134069027315611,0.842893596785478,0.5864905928965273,1.0911709615992933,-1.8289249752221677
-0.0076487626724164315,-0.6134425814117768,0.8429202535616866,0.586465237229546,1.090968514885693,-1.8284590643378305
-0.007412350388381839,-0.6134777648723763,0.8429465656974422,0.5864396661824787,1.0907663337613043,-1.8279925226157756
-0.007175902828372216,-0.6135124525238832,0.8429725327176287,0.586413879971878,1.0905644173299662,-1.82752533523268
-0.006939420268329499,-0.6135466434093884,0.842998153919547,0.5863878784062777,1.090362766689853,-1.8270575023819038
-0.0067029029852907485,-0.6135803365728743,0.8430234286010454,0.5863616612962955,1.090161382939294,-1.8265890242536629
-0.006466351257569336,-0.6136135310547347,0.8430483560573725,0.5863352284530101,1.0899602671827109,-1.8261199010475127
-0.006229765364659023,-0.6136462258942738,0.8430729355829341,0.5863085796888842,1.089759420527314,-1.8256501329654062
-0.005993145587228632,-0.6136784201299202,0.8430971664714435,0.5862817148178516,1.0895588440828277,-1.8251797202111093
-0.005756492207179775,-0.6137101127978556,0.8431210480149574,0.5862546336548318,1.0893585389633065,-1.8247086629940235
-0.005519805507598008,-0.6137413029333655,0.8431445795048251,0.5862273360162279,1.0891585062853575,-1.8242369615254415
-0.005283085772820328,-0.6137719895691903,0.843167760230533,0.5861998217193454,1.08895874717033,-1.8237646160231615
-0.005046333288357019,-0.6138021717375729,0.8431905894811393,0.5861720905831396,1.0887592627416043,-1.8232916267057744
-0.0048095483409476,-0.613831848469046,0.843213066544426,0.5861441424277893,1.0885600541262095,-1.822817993796075
-0.004572731218564385,-0.6138610187922066,0.8432351907067375,0.5861159770746285,1.0883611224551246,-1.8223437175216874
-0.004335882210439124,-0.6138896817334897,0.843256961252826,0.5860875943460804,1.0881624688635902,-1.8218687981157269
-0.00409901893903708,-0.6139178340116132,0.8432783756954869,0.5860589962749587,1.087964108143517,-1.8213932599047045
-0.0038621244494461138,-0.6139454772582952,0.843299435329464,0.586030180400554,1.0877660286839048,-1.820917089975305
-0.0036251989570992293,-0.6139726102709703,0.8433201392487626,0.586001146659575,1.0875682306875452,-1.8204402777290325
-0.0033882427560669726,-0.613999232071014,0.8433404867342857,0.5859718948801449,1.0873707153020604,-1.8199628234116774
-0.0031512561416775497,-0.6140253416778221,0.8433604770654726,0.585942424891595,1.0871734836791163,-1.8194847272740655
-0.0029142394104493263,-0.6140509381105602,0.843380109521525,0.5859127365250937,1.0869765369721058,-1.819005989567178
-0.002677192860222277,-0.6140760203852471,0.8433993833793623,0.5858828296126322,1.0867798763400343,-1.8185266105503348
-0.0024401229097410493,-0.6141005867160803,0.8434182972974016,0.5858527047783478,1.0865835077822459,-1.8180465990132573
-0.002203023762178624,-0.6141246371051858,0.8434368513121902,0.5858223610669073,1.086387427865426,-1.81756595062831
-0.0019658956910308945,-0.614148170404737,0.8434550445733606,0.5857917983251255,1.0861916374977454,-1.8170846617473901
-0.0017287389990636726,-0.6141711856263429,0.8434728763544435,0.5857610163912466,1.0859961378498122,-1.8166027326403973
-0.001491553990387473,-0.6141936817785284,0.843490345926734,0.585730015104429,1.0858009300977916,-1.816120163585448
-0.0012543409703589248,-0.6142156578687659,0.8435074525607136,0.5856987943054558,1.085606015420712,-1.815636954863214
-0.0010171176481410527,-0.6142371106585778,0.8435241937874678,0.5856673561104767,1.085411408798844,-1.815153131064592
-0.0007798670175400702,-0.6142580421239129,0.8435405711615629,0.5856356981620594,1.0852170981414215,-1.8146686796048315
-0.0005425893067219079,-0.6142784506187974,0.8435565834565315,0.585603820266092,1.0850230840742745,-1.8141835894406695
-0.00030528482609781804,-0.6142983351446291,0.8435722299383137,0.5855717222692883,1.0848293677904601,-1.8136978608689756
-6.795388738645158e-05,-0.6143176947009698,0.8435875098714885,0.5855394040197772,1.0846359504869774,-1.813211494191439
0.0001694031965167042,-0.6143365282879459,0.8436024225209593,0.585506865367924,1.084442833361555,-1.812724489707832
0.00040678611131683695,-0.6143548349021294,0.843616967149067,0.5854741061649514,1.0842500176181633,-1.8122368477275947
0.00064419454146325,-0.6143726135393648,0.8436311430175709,0.5854411262639057,1.084057504463246,-1.8117485685619132
0.0008816281701160555,-0.6143898631941542,0.8436449493872185,0.5854079255194599,1.0838652951065435,-1.811259652525455
0.0011190692284719361,-0.6144065806587928,0.8436583838025382,0.5853745061070135,1.0836734046587764,-1.8107701243930483
0.0013565347586692589,-0.6144227681545795,0.8436714480032843,0.5853408657429096,1.083481820688544,-1.810279971808415
0.001594024521923032,-0.6144384237201378,0.8436841405349584,0.5853070041419455,1.083290544125145,-1.8097891834238296
0.0018315381962055177,-0.6144535463436642,0.8436964606536153,0.5852729211650671,1.0830995761928754,-1.809297759571324
0.002069075458204672,-0.6144681350123506,0.8437084076145371,0.5852386166750176,1.0829089181189047,-1.808805700585536
0.0023066334655053033,-0.6144821883991195,0.8437199804271938,0.585204090874165,1.0827185731430613,-1.808313010338316
0.0025442118387819512,-0.6144957056555079,0.8437311784683867,0.5851693436682643,1.0825285425483178,-1.807819690958337
0.0027818178863259213,-0.6145086867299028,0.8437420017449071,0.5851343739044452,1.0823388214605008,-1.8073257321109975
0.003019428746119601,-0.6145211272791065,0.8437524469246136,0.5850991843895386,1.082149429135631,-1.8068311606233807
0.003257059948612362,-0.614533029901812,0.8437625160227111,0.5850637731770341,1.0819603540764449,-1.806335969959028
0.0034947229595037044,-0.6145443939098387,0.8437722085963264,0.5850281383390393,1.081771588103058,-1.8058401330594402
0.00373239749200982,-0.6145552149161264,0.8437815212929634,0.5849922822685885,1.0815831485198624,-1.8053436703090608
0.0039700907682456155,-0.6145654943766118,0.843790455237313,0.5849562041294403,1.0813950303931068,-1.8048465851694129
0.004207799680520097,-0.6145752303572043,0.8437990089856813,0.5849199040680159,1.0812072372451733,-1.8043488766971707
0.004445524412097335,-0.6145844221486538,0.8438071820196607,0.5848833819513239,1.0810197698761514,-1.803850546498232
0.004683268009909369,-0.6145930691192515,0.843814973894959,0.5848466372016726,1.0808326268245136,-1.8033515898510504
0.004921031209124571,-0.6146011700969244,0.8438223837549712,0.5848096695004216,1.0806458085341715,-1.8028520032985103
0.005158813674094986,-0.6146087239614669,0.8438294107754611,0.5847724787133488,1.0804593162885203,-1.8023517864873575
0.005396615062934096,-0.6146157296798779,0.8438360541966432,0.5847350647274839,1.0802731513638166,-1.8018509398083238
0.0056344350323365155,-0.6146221862167995,0.843842313257019,0.5846974274314,1.080087315041098,-1.8013494636587948
0.005872273237671255,-0.6146280925359856,0.8438481871944035,0.584659566715689,1.0799018086042074,-1.8008473584386684
0.006110129332975944,-0.6146334476002352,0.8438536752458794,0.5846214824729489,1.079716633339899,-1.8003446245505605
0.006347985405559253,-0.6146382482861573,0.8438587749951876,0.5845831770303304,1.07953180467053,-1.7998412872066702
0.006585858586712678,-0.6146424974316559,0.8438634886479024,0.5845446482895655,1.0793473093125272,-1.7993373346343053
0.0068237486055906516,-0.6146461922820046,0.8438678141755473,0.5845058957439171,1.079163148964708,-1.7988327547333813
0.0070616551107933745,-0.6146493317941167,0.8438717508108438,0.5844669192934441,1.078979324928324,-1.798327547924053
0.007299577749529718,-0.6146519149232437,0.8438752977852872,0.5844277188400517,1.0787958385085128,-1.7978217146312765
0.00753751616763898,-0.6146539406234015,0.8438784543294497,0.5843882942876379,1.0786126910137264,-1.7973152552836154
0.0077754700095429286,-0.6146554078466973,0.8438812196725052,0.584348645541898,1.0784298837566502,-1.7968081703151684
0.00801342131741034,-0.6146563134992046,0.8438835914125207,0.5843087749802428,1.0782474322566846,-1.7963004850740538
0.008251387251337672,-0.61465666062067,0.8438855719076441,0.5842686805650448,1.0780653229525214,-1.7957921879796832
0.00848936731304839,-0.6146564461731344,0.8438871589224815,0.5842283617501336,1.0778835579691612,-1.7952832669932335
0.008727359817191527,-0.6146556689760155,0.8438883515788285,0.5841878186423065,1.077702139694756,-1.7947737246013935
0.00896536428596395,-0.614654328127121,0.8438891492116163,0.5841470512159462,1.0775210694873996,-1.794263562389609
0.009203385405939457,-0.6146524231718561,0.8438895515236258,0.5841060586810648,1.0773403445853906,-1.7937527737524848
0.009441415902428751,-0.6146499516354481,0.8438895566439166,0.5840648417777302,1.0771599721658867,-1.7932413652412547
0.009679452498775998,-0.614646912998392,0.8438891641664332,0.5840234010624651,1.0769799555743427,-1.7927293465456027
0.009917495923964292,-0.6146433067296078,0.8438883737066698,0.583981736411273,1.0768002950906888,-1.7922167187358244
0.010155546673997318,-0.6146391317627321,0.8438871844857196,0.5839398476059673,1.0766209913966032,-1.791703480286759
0.010393606555911372,-0.6146343872023298,0.8438855958607343,0.5838977342479941,1.0764420441040303,-1.7911896279839745
0.010631671985358526,-0.6146290713567472,0.8438836065622075,0.5838553966614384,1.07626345728416,-1.7906751652853314
0.010869746117208923,-0.6146231840206939,0.8438812164645033,0.5838128343971708,1.0760852292215828,-1.7901600900940697
0.011107827556902983,-0.6146167235524401,0.8438784243523672,0.5837700474191294,1.0759073623082274,-1.7896444017351125
0.011345927010690815,-0.6146096902785112,0.8438752305530621,0.583727034113442,1.075729848834125,-1.7891280857415783
0.011584027481268855,-0.6146020796941082,0.8438716316253418,0.5836837963936731,1.0755527044110869,-1.7886111579105621
0.011822129378025625,-0.6145938932176653,0.8438676286105702,0.5836403347215198,1.075375928639614,-1.7880936301686834
0.012060233056145453,-0.6145851297922534,0.8438632207355883,0.5835966489234091,1.075199522319579,-1.7875755013960384
0.012298356459791382,-0.6145757903008655,0.8438584087984973,0.5835527362795971,1.075023471943738,-1.7870567455184745
0.012536482139220428,-0.6145658690319792,0.843853188468012,0.583508598475136,1.0748477941406316,-1.7865373734400458
0.012774612774840488,-0.6145553678331701,0.8438475611190808,0.5834642357045383,1.0746724865220727,-1.7860173943327289
0.013012748630883308,-0.6145442852459001,0.8438415256849945,0.5834196477072701,1.0744975501703546,-1.78549680543939
0.013250889606597482,-0.6145326201381354,0.8438350813352207,0.5833748343748647,1.074322986287256,-1.7849756064152342
0.013489035712335617,-0.6145203714426005,0.8438282272876232,0.5833297955987702,1.0741487959575606,-1.784453797018815
0.013727165295538413,-0.614507535737519,0.8438209608434621,0.5832845344403269,1.0739749979456574,-1.7839314078226367
0.013965300485045962,-0.6144941179018775,0.8438132857669776,0.5832390485277013,1.0738015734196118,-1.7834084237259014
0.014203440966141123,-0.6144801132195538,0.8438051986035107,0.5831933368307779,1.0736285256362759,-1.7828848277841192
0.014441597387626626,-0.6144655217807881,0.8437966995155115,0.5831473976881075,1.0734558469915882,-1.7823606047847982
0.014679757032312057,-0.6144503392840032,0.8437877852407287,0.5831012323596123,1.0732835499953948,-1.7818357642577574
0.014917893301102936,-0.6144345639506573,0.8437784542306588,0.583054845255735,1.07311165634964,-1.781310353782529
0.01515603317994385,-0.6144182022128702,0.8437687114344641,0.5830082335787615,1.0729401425435692,-1.780784355344178
0.015394176356989142,-0.6144012482768653,0.8437585526112281,0.5829613960033762,1.0727690125216989,-1.780257747972541
0.015632322430016554,-0.6143837010502656,0.8437479769573302,0.5829143325068108,1.0725982677146482,-1.7797305322451824
0.015870470995397845,-0.614365559440037,0.8437369836686455,0.5828670430688717,1.0724279095557592,-1.7792027087422477
0.016108621647964227,-0.6143468223510519,0.8437255719395456,0.5828195276715686,1.0722579394830596,-1.778674278050597
0.016346773981192442,-0.6143274886881592,0.843713740964338,0.5827717862996779,1.0720883589364498,-1.7781452407578886
0.016584905772486724,-0.6143075551063126,0.8437014880809821,0.5827238222057979,1.071919187234323,-1.7776156286839144
0.016823036729256113,-0.6142870267555842,0.843688817239987,0.5826756335363408,1.0717504069132868,-1.7770854310637108
0.017061166414106932,-0.6142658987859615,0.8436757248913143,0.5826272192498959,1.0715820216185596,-1.776554632529223
0.017299294324278236,-0.6142441701167941,0.8436622102386213,0.5825785793639062,1.0714140328608166,-1.7760232338959223
0.017537419948181476,-0.6142218396658066,0.8436482724843462,0.5825297138996084,1.0712464421613261,-1.7754912360053283
0.017775542765033236,-0.614198906353817,0.8436339108329829,0.5824806228834247,1.0710792510462264,-1.7749586397136563
0.01801366224345813,-0.6141753690994706,0.8436191244874167,0.5824313063457802,1.0709124610545078,-1.774425445909453
0.01825177784085774,-0.6141512268237075,0.8436039126520223,0.5823817643224698,1.070746073732844,-1.7738916555036088
0.01848988416295949,-0.6141264779641419,0.8435882741285914,0.5823319975890257,1.0705800946166346,-1.7733572763807317
0.0187279957565889,-0.6141011239608823,0.8435722101152789,0.5822820041804341,1.0704145122299007,-1.7728222917675849
0.018966095959283003,-0.6140751589838803,0.8435557161827223,0.5822317857043712,1.070249343310855,-1.7722867134240854
0.019204185539142937,-0.614048585453861,0.8435387941028725,0.5821813429591296,1.0700845862658372,-1.7717505535643818
0.019442265069230746,-0.6140214021574054,0.8435214429927402,0.5821306757581813,1.0699202418807328,-1.771213810459498
0.019680334945159306,-0.613993607902219,0.8435036619831369,0.5820797839547318,1.0697563110650266,-1.7706764828134753
0.019918396847173447,-0.6139652016473799,0.8434854503292848,0.5820286672141867,1.0695927936568457,-1.770138567625891
0.02015644762738278,-0.6139361815889955,0.8434668066785602,0.5819773258617604,1.0694296936573382,-1.769600067758997
0.020394489689607997,-0.6139065475206554,0.8434477309031752,0.5819257596727496,1.0692670098292787,-1.769060982091544
0.020632522579277612,-0.6138762977275919,0.8434282217444191,0.5818739685146588,1.0691047440695967,-1.7685213090055918
0.0208705462433314,-0.6138454311588469,0.8434082784324204,0.5818219523728083,1.0689428975512136,-1.7679810486760983
0.021108556501147735,-0.6138139462730321,0.8433878997945818,0.5817697118464432,1.0687814749167766,-1.7674402068805952
0.021346566229850872,-0.6137818441142847,0.8433670867308032,0.5817172451697215,1.0686204661103422,-1.7668987682965487
0.021584558060808057,-0.6137491188716158,0.8433458348096701,0.5816645541314635,1.0684598886206527,-1.7663567468458201
0.02182253234015663,-0.6137157734674361,0.8433241461631962,0.5816116397903472,1.0682997407521972,-1.7658141563266168
0.022060507226823844,-0.613681808415621,0.8433020213649653,0.5815584992698455,1.068140008723501,-1.7652709700275202
0.02229846987644102,-0.6136472170027399,0.8432794553741774,0.5815051332869537,1.0679807072054541,-1.7647271908456594
0.022536420546667824,-0.613612001128986,0.8432564495772725,0.5814515426313733,1.067821835211087,-1.7641828289528467
0.022774358743633982,-0.6135761595100568,0.8432330030297641,0.5813977273239546,1.0676633944162952,-1.76363788454898
0.02301226609911433,-0.6135396893908555,0.8432091135109561,0.5813436902436927,1.067505401176762,-1.7630923842615807
0.023250160044911983,-0.6135025958033872,0.8431847848842291,0.5812894299463256,1.0673478392352154,-1.7625463183631107
0.02348804015868966,-0.6134648732551503,0.8431600131372399,0.5812349452433713,1.0671907130128933,-1.7619996723470013
0.023725906014225195,-0.61342652063233,0.8431347974507335,0.5811802362033832,1.0670340240282263,-1.7614524469186252
0.023963757964765797,-0.6133875368900886,0.8431091370647632,0.5811253027741021,1.066877773154756,-1.760904641643504
0.024201595707183277,-0.6133479207182735,0.8430830310185704,0.5810701449503817,1.0667219619509225,-1.7603562563671376
0.024439413956826694,-0.613307670520532,0.8430564780842955,0.5810147635656202,1.0665665960009063,-1.7598072986930722
0.024677215290932697,-0.6132667867217856,0.8430294785992354,0.580959158590048,1.0664116734770317,-1.7592577691870375
0.024915000974796264,-0.6132252675804201,0.8430020313065403,0.5809033296145537,1.0662571950288926,-1.7587076635187737
0.025152770635436195,-0.6131831115307571,0.8429741350585083,0.5808472765848133,1.0661031624494126,-1.7581569808391402
0.025390514327394254,-0.613140316581678,0.8429457882828215,0.5807910010971695,1.0659495852027336,-1.7576057355689443
0.025628242708700455,-0.6130968851778552,0.8429169928859537,0.5807345022207413,1.0657964538357076,-1.757053920706954
0.02586595531159075,-0.6130528132024243,0.842887745860184,0.5806777791920325,1.0656437719751966,-1.7565015273436402
0.0261036337145093,-0.6130080979444363,0.8428580450043133,0.580620834983572,1.0654915561434677,-1.7559485822476029
0.026341295410460486,-0.6129627448495611,0.8428278944958434,0.580563668269663,1.0653397895059025,-1.7553950760465247
0.02657893992040794,-0.6129167478476526,0.8427972899038734,0.5805062777337345,1.0651884770752413,-1.7548409937898362
0.026816566772653427,-0.6128701057936774,0.8427662303867649,0.5804486634806229,1.0650376204452887,-1.7542863362665788
0.027054175493615773,-0.6128228175384076,0.8427347150999633,0.5803908256175238,1.0648872212176745,-1.7537311042796626
0.02729176560856761,-0.6127748819349011,0.8427027432004781,0.5803327642554028,1.0647372809929243,-1.7531752986270062
0.02752930121412689,-0.6127262948275525,0.84267031121004,0.5802744852407478,1.064587830913699,-1.7526189714793274
0.027766833148695547,-0.6126770698107445,0.8426374296643702,0.5802159833969799,1.0644388224756822,-1.752062080957244
0.02800434280198738,-0.6126271893125294,0.8426040855280039,0.5801572574766232,1.0642902829168934,-1.751504608419654
0.028241829623224746,-0.612576657439387,0.8425702817840985,0.5800983091360822,1.0641422101911562,-1.750946570925851
0.028479275036095597,-0.6125254715790828,0.8425360162913513,0.5800391414629469,1.0639946209920794,-1.750387995662623
0.028716696476208448,-0.6124736375650802,0.842501293517592,0.5799797532638771,1.0638474980699937,-1.7498288738244607
0.028954093317588914,-0.6124211489343739,0.8424661087452652,0.579920143164091,1.0637008469407334,-1.749269190396246
0.029191464954282154,-0.6123680045773436,0.8424304611567721,0.5798603113359381,1.0635546692933917,-1.7487089465104948
0.029428810770462555,-0.6123142033851321,0.8423943499350122,0.5798002579571345,1.0634089668264668,-1.7481481433280843
0.029666135595332044,-0.6122597446947771,0.8423577746586033,0.5797399823157808,1.0632637366824014,-1.7475867741056252
0.029903426244754616,-0.6122046246728964,0.8423207323625448,0.579679486165621,1.0631189923062097,-1.7470248533040538
0.030140682394716567,-0.6121488461750406,0.8422832251196488,0.5796187707894466,1.062974732317956,-1.7464623931455296
0.030377920207524944,-0.6120924094113747,0.8422452532938274,0.5795578336069879,1.0628309443921031,-1.745899370223198
0.03061512250008125,-0.6120353066194579,0.8422068110044774,0.5794966760006034,1.0626876479708727,-1.7453357944122407
0.030852289981191827,-0.6119775420741888,0.8421679013717509,0.579435299478915,1.062544839823334,-1.7447716801489077
0.031089423136167582,-0.6119191143944875,0.842128523394194,0.5793737039583126,1.0624025209983403,-1.7442070258841291
0.03132652230881394,-0.6118600222341372,0.8420886760940758,0.5793118893944573,1.0622606926301301,-1.7436418304236063
0.031563588058821423,-0.6118002642970894,0.8420483585334475,0.5792498557196037,1.0621193556496191,-1.7430760923862798
0.03180063703930491,-0.6117398404489274,0.8420075708386565,0.5791876001644125,1.0619784975482425,-1.7425097867437813
0.03203763521431746,-0.611678741230294,0.8419663056604465,0.5791251268376636,1.0618381523209834,-1.7419429472568655
0.03227459988072878,-0.6116169780701305,0.8419245715524508,0.579062436203456,1.0616982984466052,-1.741375580137952
0.03251153091692682,-0.6115545439914296,0.8418823634319961,0.5789995266900676,1.0615589415765585,-1.740807669308369
0.03274842821690971,-0.6114914377411811,0.8418396803844637,0.5789363983826435,1.0614200831373533,-1.7402392147085608
0.032985291637184666,-0.6114276580733653,0.8417965214999503,0.5788730513784991,1.0612817245808022,-1.739670216371305
0.03322211862943858,-0.6113632035708434,0.8417528857106533,0.5788094861847365,1.061143869374346,-1.7391006778657705
0.033458918042887476,-0.6112980744989058,0.8417087733323623,0.5787457016357365,1.0610065107872673,-1.7385305884183637
0.033695672187936676,-0.6112322651648702,0.8416641799737654,0.5786816998830094,1.0608696673721851,-1.737959965179443
0.033932399564758686,-0.611165781844813,0.8416191104618411,0.5786174796716369,1.060733320321786,-1.7373887976026945
0.03416908872271707,-0.6110986159076708,0.8415735583531156,0.5785530411270489,1.0605974855020677,-1.7368170846304298
0.03440574118395956,-0.6110307701822385,0.8415275257278618,0.5784883852282119,1.06046216001674,-1.7362448345501709
0.0346423382142671,-0.6109622415052087,0.8414810100163912,0.578423515082798,1.0603273614139868,-1.7356720730373838
0.034878897408312515,-0.6108930366683867,0.8414340164107315,0.5783584297624899,1.0601930711457792,-1.7350987920863563
0.035115418103940144,-0.6108231480501011,0.8413865393536764,0.5782931276497735,1.0600592958762725,-1.7345249756823862
0.03535189975216824,-0.610752574516862,0.8413385780124059,0.578227608984728,1.0599260373071295,-1.7339506248973382
0.03558834142858869,-0.6106813149017177,0.8412901315243242,0.5781618740727809,1.0597932974626056,-1.7333757413295445
0.03582474109370448,-0.610609368098864,0.8412411990551525,0.5780959234538824,1.0596610792047507,-1.7328003285754672
0.03606109828252091,-0.6105367335381642,0.841191780183113,0.5780297575254839,1.0595293837469284,-1.7322243890166267
0.03629741856369506,-0.6104634104858895,0.8411418744558428,0.5779633754861329,1.0593982076508868,-1.7316479147027448
0.03653369721572952,-0.6103893951891215,0.8410914790739632,0.5778967776347165,1.0592675579170636,-1.7310709068449688
0.03676991587351752,-0.6103146868413488,0.8410405931800566,0.5778299677412511,1.0591374501289839,-1.7304933965761244
0.037006103258190315,-0.6102392931805988,0.8409892228283522,0.5777629430205121,1.0590078560333978,-1.7299153595908334
0.03724224218470784,-0.6101632007421739,0.8409373579675519,0.5776957033723799,1.0588787999461526,-1.7293367928243988
0.03747834173816367,-0.6100864153647247,0.840885002982076,0.5776282492296319,1.0587502706067418,-1.7287576993207967
0.03771439046024794,-0.6100089314633081,0.8408321536378516,0.5775605816785867,1.058622281803797,-1.7281780867690097
0.03795038968685294,-0.6099307522752246,0.8407788123105684,0.5774927018961938,1.0584948304097814,-1.7275979641530061
0.0381863335959447,-0.609851875639338,0.840724977339999,0.5774246108835335,1.058367923129183,-1.727017338521282
0.03842223409209167,-0.6097723033664567,0.8406706502237027,0.5773563073782022,1.0582415495073456,-1.7264361979516603
0.038658090400967904,-0.6096920293568735,0.8406158265133765,0.5772877902811786,1.058115715264489,-1.7258545315699998
0.03889390199885234,-0.6096110524869421,0.8405605053853811,0.5772190598817288,1.0579904220945542,-1.725272340522023
0.03912966117973671,-0.6095293711141664,0.8405046855284843,0.5771501177087823,1.0578656778230677,-1.724689636326858
0.03936535752900561,-0.6094469863840266,0.8404483676166752,0.5770809666223563,1.057741490293504,-1.7241064416731746
0.03960100874939121,-0.60936390243956,0.8403915549367271,0.5770116049199792,1.0576178425736522,-1.7235227408550482
0.039836614134175274,-0.6092801106685757,0.8403342412144048,0.5769420307877652,1.0574947423108063,-1.7229385170230822
0.04007217312816991,-0.6091956098796972,0.8402764255769641,0.5768722445190644,1.057372191282645,-1.722353771240369
0.04030766699533439,-0.609110397767379,0.8402181060572156,0.5768022496088432,1.0572502066878255,-1.7217685312535072
0.04054311352741413,-0.6090244819756334,0.8401592884945677,0.5767320453453928,1.0571287687442243,-1.721182789598715
0.040778511998571965,-0.608937853701417,0.8400999664764077,0.5766616298816875,1.0570078852996467,-1.7205965292910634
0.04101384051441981,-0.608850510471755,0.8400401378612106,0.5765910072946893,1.0568875762545975,-1.720009782744471
0.041249120057378796,-0.6087624615980786,0.8399798097542863,0.5765201767330266,1.0567678179119422,-1.7194225411284492
0.04148434419903735,-0.6086736964574654,0.8399189743291666,0.5764491369489612,1.0566486241514699,-1.7188347925339058
0.041719515925435324,-0.6085842165387126,0.8398576327188438,0.5763778883419343,1.0565299918176883,-1.7182465386240582
0.04195463292539925,-0.6084940190604703,0.8397957828662563,0.5763064311205658,1.0564119253591855,-1.717657779525058
0.04218969534978534,-0.6084031036456617,0.8397334245024783,0.5762347657070891,1.056294425360176,-1.717068517058205
0.042424684303870475,-0.6083114677749367,0.8396705554934489,0.5761628956194756,1.0561775094278065,-1.716478778585113
0.042659617514151815,-0.6082191195198297,0.8396071819970281,0.5760908202837633,1.0560611573428818,-1.7158885572441684
0.0428944940899707,-0.6081260497169393,0.839543297337054,0.576018537824865,1.055945377452523,-1.7152978360751299
0.04312931333122183,-0.6080322572509336,0.8394789006943144,0.5759460486335212,1.055830171609932,-1.7147066165367266
0.043364074528857266,-0.6079377410070739,0.8394139912501011,0.5758733531064788,1.0557155416780966,-1.714114900120646
0.043598772948265196,-0.6078424996571795,0.8393485679643629,0.575800452368328,1.0556014929420428,-1.7135226942467192
0.04383341461053547,-0.6077465343137498,0.839282631748457,0.5757273461448793,1.0554880200636712,-1.7129299947108934
0.044067995797049786,-0.6076498406500386,0.8392161793985307,0.5756540345159804,1.0553751298888143,-1.7123368004946165
0.04430250957697757,-0.6075524185674296,0.8391492107319265,0.5755805193983126,1.0552628285177672,-1.7117431253144892
0.04453695193437346,-0.6074542697196557,0.8390817268874748,0.5755068026423327,1.055151118304444,-1.7111489821218513
0.044771341977985823,-0.6073553956998429,0.8390137293451438,0.5754328815610855,1.0550399829016437,-1.7105543468496265
0.04500566184938837,-0.6072557852386076,0.8389452096164689,0.5753587570459343,1.0549294461750396,-1.7099592255120761
0.04523991225634916,-0.6071554452616837,0.8388761727530896,0.5752844315309125,1.054819502444608,-1.7093636353111017
0.045474093543868666,-0.6070543742150492,0.8388066176342202,0.5752099051151921,1.0547101530825163,-1.70876757500246
0.045708224360683225,-0.6069525715181333,0.8387365441570029,0.5751351745891824,1.0546013838011685,-1.7081710164890058
0.04594228970734937,-0.6068500260198694,0.8386659439653759,0.5750602403457667,1.0544932161203042,-1.707573961804927
0.046176284848411964,-0.6067467431097389,0.8385948209028662,0.5749851054600833,1.0543856499927557,-1.706976433244274
0.0464102092031391,-0.6066427237563222,0.8385231756682443,0.5749097709422497,1.0542786855276716,-1.7063784366489538
0.04664406481502148,-0.6065379669973532,0.8384510076013605,0.5748342367435494,1.0541723222425237,-1.7057799694485396
0.04687785160937352,-0.6064324704385475,0.838378314965122,0.5747585028297987,1.0540665625306558,-1.7051810293208332
0.04711156944140171,-0.6063262326834741,0.8383050967470611,0.5746825694665885,1.0539614080424697,-1.7045816162544951
0.04734521813031112,-0.6062192523762813,0.8382313519638336,0.5746064369417878,1.0538568604260508,-1.7039817303942502
0.04757879746327598,-0.6061115281712925,0.8381570796391955,0.5745301055562634,1.053752921348668,-1.7033813719702102
0.04781228892421652,-0.6060030578866956,0.8380822778702184,0.5744535789840381,1.0536496081272875,-1.702780568262533
0.04804571082105902,-0.6058938503338873,0.8380069533864507,0.5743768567476779,1.0535468990850303,-1.702179312015002
0.048279068529882174,-0.6057838952819977,0.8379310988502464,0.5742999355535858,1.0534447984868875,-1.701577575581755
0.048512341699983974,-0.6056731874570653,0.8378547100770031,0.5742228185843055,1.053343327685705,-1.7009753825655838
0.048745551668762044,-0.6055617367499094,0.8377777946387024,0.5741455050676332,1.0532424615913316,-1.7003727231856516
0.04897868929142257,-0.6054495305283285,0.8377003431980574,0.5740679939174118,1.0531422183442882,-1.6997695878157735
0.04921173562418968,-0.6053365710180737,0.837622357043931,0.5739902901651943,1.0530426121137229,-1.6991660137148907
0.049444708534978066,-0.6052228675362636,0.8375438432721429,0.5739123935613778,1.052943621071492,-1.6985619951181672
0.049677606992549084,-0.605108409505809,0.837464794182361,0.5738343020127661,1.052845255063685,-1.697957514120507
0.04991043030824205,-0.6049931958165597,0.83738520896283,0.573756016018306,1.0527475159692337,-1.6973525722477552
0.05014317781607902,-0.604877225347057,0.8373050867940393,0.5736775360728911,1.0526504056581323,-1.6967471709601674
0.0503758452052816,-0.6047604968127995,0.8372244266724218,0.5735988633517846,1.052553929140238,-1.6961413170905237
0.05060843137643767,-0.6046430110252423,0.83714322917529,0.5735199989838136,1.0524580870725366,-1.695535016755617
0.050840935902219275,-0.6045247671655939,0.8370614937072416,0.5734409435127931,1.052362880888675,-1.6949282716351788
0.05107335874681551,-0.6044057640428853,0.8369792194095353,0.5733616973042588,1.052268312002148,-1.6943210820172354
0.051305700350535055,-0.6042860002584431,0.8368964052815411,0.5732822605754325,1.0521743816040485,-1.6937134470394146
0.05153795495224456,-0.6041654739021731,0.8368130498376023,0.5732026346356427,1.0520810964334686,-1.6931053744665758
0.051770127455182724,-0.6040441868751357,0.8367291545572333,0.5731228197421441,1.0519884512899402,-1.6924968632048267
0.05200221719136211,-0.6039221350819143,0.8366447164601301,0.5730428155930307,1.051896450492803,-1.6918879086343543
0.05223422283594825,-0.6037993173244863,0.8365597346599403,0.572962622827219,1.0518050965333532,-1.691278513078414
0.05246614381455528,-0.6036757328576214,0.836474208613391,0.5728822420642825,1.0517143909115192,-1.6906686786131722
0.05269799725701052,-0.6035513811687173,0.8363881382757365,0.572801670469362,1.0516243202387499,-1.6900583802705738
0.052929759747490035,-0.6034262502654691,0.8363015145067614,0.5727209100978364,1.0515349142239545,-1.6894476331004167
0.053161423035345656,-0.6033003513214098,0.8362143452814945,0.5726399664126041,1.0514461709506249,-1.6888364750274445
0.05339301290015719,-0.6031736887901035,0.8361266343280294,0.5725588362362732,1.0513580657273773,-1.6882248775434354
0.053624511586110035,-0.6030462460192558,0.8360383692222362,0.5724775192311263,1.051270627456267,-1.687612837664019
0.05385592034834463,-0.6029180313601701,0.8359495560667138,0.5723960181893812,1.0511838486209395,-1.6870003727523175
0.05408724778485352,-0.6027890431343877,0.8358601938145274,0.5723143316689957,1.0510977238514352,-1.6863874688068208
0.054318472763282166,-0.6026592741612365,0.8357702768579296,0.5722324626474162,1.0510122771134887,-1.6857741470241525
0.05454961349049681,-0.60252873571935,0.8356798137484027,0.5721504113419883,1.0509274843079353,-1.6851604040821935
0.05478066892956557,-0.6023974159776158,0.8355887958805375,0.5720681754487532,1.050843356493618,-1.6845462209671118
0.05501162011356664,-0.6022653131657042,0.8354972216166847,0.5719857590229084,1.0507599114002293,-1.683931626202292
0.05524248611528293,-0.6021324375881347,0.8354050988203054,0.5719031618381726,1.0506771249581528,-1.6833166130708646
0.055473261366730586,-0.6019987765862375,0.8353124181984044,0.5718203822893855,1.0505950127286159,-1.6827011681222817
0.05570393191725209,-0.6018643312511133,0.8352191802863604,0.5717374242296368,1.050513585904296,-1.6820853176492574
0.05593451582123299,-0.6017291090607356,0.8351253908777521,0.5716542868596001,1.0504328235631413,-1.6814690509027022
0.056165011978866364,-0.6015930978647263,0.8350310411360207,0.5715709678404102,1.0503527371280754,-1.6808523487246232
0.05639540137966437,-0.6014562959497164,0.8349361294593556,0.5714874712852527,1.0502733443899273,-1.6802352397548141
0.056625699172144994,-0.6013187137765446,0.8348406637551902,0.5714037977933116,1.0501946243416285,-1.6796177233857783
0.05685589833287308,-0.6011803407472475,0.8347446361991686,0.5713199466572724,1.050116592119383,-1.6789997926900238
0.05708599867637787,-0.6010411793994453,0.8346480486440528,0.5712359193897675,1.0500392461791381,-1.6783814554167693
0.057316002499816054,-0.6009012285120383,0.8345509002609499,0.5711517159834144,1.0499625860192963,-1.677762708308285
0.05754590902386436,-0.6007604851328334,0.8344531889032902,0.5710673365808454,1.049886615170795,-1.6771435495551723
0.057775712759465137,-0.600618948034665,0.8343549135846278,0.5709827827443517,1.0498113396972635,-1.6765239878587952
0.058005409903154614,-0.6004766190471758,0.8342560755718509,0.570898056531853,1.0497367616941473,-1.6759040350787193
0.058235023990871326,-0.6003334997330082,0.834156676482332,0.5708131544377031,1.049662860404786,-1.6752836606784134
0.058464532848514494,-0.6001895732416548,0.834056703648848,0.5707280771556814,1.0495896690573674,-1.6746628695780255
0.058693942287339596,-0.6000448517112077,0.8339561660197146,0.5706428276149301,1.0495171729946033,-1.6740416782928664
0.05892325165546053,-0.5998993302877309,0.8338550600709782,0.5705574054444161,1.0494453772454648,-1.6734200813309474
0.05915243012914706,-0.5997530070626941,0.8337533838103557,0.570471817146268,1.0493743099134913,-1.672798124787245
0.059381508492817314,-0.5996059010585879,0.833651151688577,0.5703860624748969,1.0493039293992281,-1.6721757994711748
0.05961048507502209,-0.5994579915767426,0.8335483486521698,0.5703001370012861,1.04923425490247,-1.671553072005122
0.05983935909438465,-0.5993092775414903,0.8334449739202037,0.570214041419295,1.0491652884009255,-1.6709299441953183
0.06006812976343223,-0.5991597578824845,0.8333410267156847,0.570127776429375,1.0490970318742403,-1.6703064178673726
0.06029679628845397,-0.5990094315357166,0.8332365062662532,0.5700413427387252,1.0490294873029438,-1.6696824948648519
0.060525357869150476,-0.5988582974435764,0.8331314118042354,0.5699547410614187,1.048962656668809,-1.6690581770509634
0.060753805826391005,-0.5987063544122053,0.833025742301396,0.5698679736684371,1.0488965487721538,-1.6684334780201846
0.06098215337121626,-0.5985536068964756,0.8329195012814088,0.5697810399303335,1.0488311490317266,-1.6678083883620898
0.06121039225521452,-0.5984000445796295,0.8328126810995169,0.5696939395970618,1.0487664735787872,-1.6671829043887387
0.06143850162934772,-0.5982456707476234,0.8327052837281821,0.569606678609197,1.0487025378270451,-1.6665570662932343
0.06166651899825437,-0.5980904986943164,0.8325973196150676,0.569519253792183,1.0486392989914914,-1.6659308436991138
0.061894406290492476,-0.597934501456015,0.8324887684064026,0.5694316665008321,1.0485768127438118,-1.6653042481501215
0.06212219930852436,-0.5977777029635536,0.832379648243827,0.5693439167374317,1.04851502870525,-1.6646772710504645
0.062349871305322324,-0.5976200777448772,0.8322699400907947,0.5692560039923751,1.0484539916791609,-1.6640499096535104
0.06257742357461948,-0.5974616416812436,0.8321596555248973,0.569167933096908,1.0483936875418445,-1.6634221930411683
0.06280487483853259,-0.597302393226766,0.8320487938350505,0.569079700720593,1.0483341019949486,-1.662794092583457
0.06303221166844386,-0.5971423176851246,0.8319373440875921,0.5689913065581389,1.0482752593955122,-1.6621656049325915
0.0632594345216777,-0.5969814222599146,0.8318253115427767,0.568902753306862,1.0482171536589837,-1.6615367447976863
0.06348654280229615,-0.596819705337439,0.8317126950363103,0.568814041542758,1.0481597870787969,-1.6609075127483761
0.06371351768709665,-0.5966571655261572,0.8315994931779467,0.5687251755963754,1.048103177405057,-1.6602779372344465
0.06394038904590271,-0.5964938148561586,0.8314857153566564,0.5686361534777745,1.0480472891939707,-1.6596479968912212
0.0641671349767039,-0.5963296309685805,0.8313713448928439,0.5685469746198052,1.0479921606701117,-1.6590176878291825
0.06439375626731758,-0.5961646269994736,0.831256391360844,0.5684576432206649,1.0479377804092656,-1.6583870344731797
0.06462025336633159,-0.5959988014113148,0.8311408536739195,0.5683681596807229,1.0478841497516806,-1.6577560358777537
0.06484663093698462,-0.5958321523902677,0.8310247306360221,0.5682785234771974,1.047831266642514,-1.6571246842937695
0.0650728885460019,-0.5956646750080802,0.8309080186814484,0.5681887343089269,1.0477791360649156,-1.656492974240613
0.06529902591467396,-0.5954963678403563,0.8307907167922712,0.568098792769119,1.0477277598871124,-1.6558609061624692
0.06552504758482414,-0.5953272295121139,0.8306728240912222,0.5680086984888547,1.0476771357739991,-1.6552284733476286
0.06575094334971165,-0.5951572550192352,0.8305543367473356,0.5679184531508374,1.047627277218909,-1.6545956849800516
0.0659767180908366,-0.5949864500777385,0.8304352590389503,0.5678280581773623,1.0475781755414184,-1.6539625461074265
0.0662023528282436,-0.59481480969414,0.8303155869499221,0.5677375170454273,1.0475298518329466,-1.6533290790459148
0.06642787625097668,-0.5946423462953794,0.8301953301502958,0.5676468280855997,1.047482271074427,-1.6526952645822173
0.0666532590997484,-0.5944690375238175,0.8300744717939974,0.5675559923571394,1.0474354781200608,-1.6520611106380363
0.06687852727439036,-0.5942949027417603,0.8299530265274724,0.5674650105590402,1.0473894343906167,-1.6514266140373925
0.06710365247251548,-0.5941199218170156,0.8298309791391096,0.5673738841582999,1.0473441820634022,-1.6507917851961162
0.06732865334012761,-0.5939441136238005,0.8297083437630608,0.567282615193479,1.047299689224632,-1.6501566308078262
0.06755352742069931,-0.5937674634415594,0.8295851096855089,0.5671912012933783,1.047255971028287,-1.6495211319319294
0.06777827560678329,-0.5935899709279803,0.8294612767034044,0.5670996431364034,1.0472130274051372,-1.6488852891344947
0.06800289618750988,-0.5934116338044444,0.8293368431509629,0.5670079414346622,1.0471708622086207,-1.648249103594566
0.06822738842224974,-0.5932324516845371,0.8292118087574973,0.5669160971952107,1.047129476827443,-1.6476125782433684
0.06845174852021163,-0.5930524235320018,0.829086172712679,0.5668241118824031,1.047088875865104,-1.6469757194575714
0.06867597313862106,-0.5928715506440295,0.8289599359092881,0.5667319874725488,1.0470490615361112,-1.6463385368435952
0.06890006186467224,-0.5926898341177296,0.8288330991602981,0.5666397252943642,1.0470100336746495,-1.6457010352610713
0.06912401416795166,-0.5925072727977735,0.8287056616418083,0.5665473261252428,1.0469717941539876,-1.645063215967904
0.06934782952731577,-0.5923238655203981,0.8285776225242532,0.5664547907419655,1.0469343448464516,-1.644425080188605
0.06957150742849683,-0.5921396111114373,0.8284489809710971,0.5663621199213972,1.0468976876284874,-1.6437866291287966
0.0697950473627631,-0.5919545083893569,0.8283197361409114,0.5662693144411431,1.046861824378466,-1.643147863974311
0.07001844905376897,-0.5917685561647155,0.8281898871921962,0.5661763750333294,1.0468267567789729,-1.6425087855574318
0.0702417133214377,-0.5915817530559526,0.828059433169436,0.566083302161216,1.0467924857181818,-1.6418693927681638
0.07046485271661362,-0.5913940967240848,0.8279283726914661,0.5659900936552148,1.046759002630178,-1.6412296655501117
0.07068785285467793,-0.59120557550987,0.8277966970005757,0.5658967504835948,1.0467263305871783,-1.6405896085155522
0.07091071296092721,-0.5910161987201581,0.8276644128615138,0.5658032761659446,1.0466944626542778,-1.6399492405667555
0.07113343202825062,-0.5908259658636661,0.827531519924428,0.5657096717804616,1.0466634005543125,-1.63930856478032
0.07135600956884103,-0.5906348761703244,0.8273980176495481,0.5656159382324241,1.0466331457966096,-1.638667583012228
0.0715784266173003,-0.5904429285950137,0.8272639048703705,0.5655220801351258,1.0466037163736168,-1.638026323972572
0.07180070202237188,-0.5902501368742309,0.8271291920169404,0.5654280981045019,1.0465750842568824,-1.6373847844363578
0.07202283506575702,-0.5900564848579652,0.8269938673874666,0.5653339892203447,1.0465472644600373,-1.6367429415391823
0.07224484386978114,-0.5898619705715327,0.8268579300033716,0.5652397502959825,1.0465202431397818,-1.636100767730481
0.07246671070766642,-0.589666577503727,0.8267213675090597,0.565145381830897,1.0464940506163216,-1.6354582649773595
0.0726884268242296,-0.5894703178396412,0.8265841885719514,0.5650508897022931,1.046468684473018,-1.634815468324364
0.0729099937689015,-0.5892731978755003,0.826446397827366,0.5649562761944373,1.0464441383060643,-1.634172387982754
0.07313141231512965,-0.5890752151133999,0.8263079935139639,0.5648615415474554,1.0464204140140592,-1.6335290211237894
0.0733526827585762,-0.5888763672291569,0.8261689739859293,0.5647666861480573,1.0463975137666157,-1.6328853659251663
0.07357380776936884,-0.5886766522540191,0.82602933791205,0.56467170999144,1.0463754373250853,-1.6322414176683906
0.07379477171063176,-0.5884760664655774,0.8258890822571647,0.5645766163867806,1.0463542021738668,-1.6315971957664495
0.07401559379819656,-0.5882746210842652,0.8257482156470712,0.5644814052289339,1.046333781972443,-1.6309526921465138
0.07423627232156793,-0.5880722988763428,0.82560672557848,0.5643860736282812,1.0463141936161122,-1.630307884292165
0.07445678814195222,-0.5878690990009416,0.8254646110225128,0.5642906263460978,1.0462954552205397,-1.6296628013801011
0.07467715673718844,-0.5876650359783756,0.8253218829123963,0.5641950648572011,1.046277540846024,-1.6290174459823268
0.07489737531070784,-0.587460095823027,0.8251785310757653,0.5640993873253652,1.046260465552049,-1.6283718024473137
0.07511744203524584,-0.5872542785798018,0.8250345555383376,0.564003595194379,1.0462442313353506,-1.6277258758954234
0.07533735655798424,-0.5870475842293579,0.8248899563147973,0.5639076895927829,1.0462288389397383,-1.6270796691762732
0.07555711924281416,-0.5868400114672214,0.8247447325054855,0.5638116711882021,1.0462142895892812,-1.6264331820582376
0.0757767169981638,-0.5866315585393974,0.8245988825609554,0.5637155432988111,1.0462005968833268,-1.625786433300378
0.07599616829111522,-0.5864222348983342,0.8244524138176894,0.5636193055266593,1.0461877365466465,-1.6251394129580836
0.07621545289157128,-0.5862120236856125,0.8243053136021428,0.5635229589565242,1.0461757417255615,-1.6244921266398744
0.07643458525166036,-0.5860009398838828,0.8241575931653409,0.563426505367712,1.0461645868755964,-1.6238445788590627
0.0766535565270492,-0.5857889702025321,0.8240092426961105,0.5633299444010739,1.0461542919015536,-1.6231967641923317
0.0768723667296225,-0.5855761201197549,0.8238602662055521,0.5632332784723023,1.0461448524261483,-1.6225486934279834
0.07709101717310363,-0.5853623883636958,0.8237106628432054,0.5631365080838483,1.0461362688002938,-1.6219003649698633
0.07730950588206387,-0.5851477721546832,0.8235604305858715,0.5630396340502972,1.0461285456331717,-1.6212517797012402
0.07752782918900936,-0.5849322716101464,0.8234095694692374,0.5629426582412028,1.046121686520238,-1.6206029454367619
0.0777459987364173,-0.5847158882098831,0.8232580808926144,0.5628455797185783,1.0461156801524736,-1.6199538497808212
0.0779640029357016,-0.5844986101714146,0.8231059560727432,0.5627483991049612,1.0461105476329906,-1.6193044938511731
0.0781818381432684,-0.5842804457788164,0.8229532009660421,0.562651120250563,1.0461062853963945,-1.618654897924456
0.07839952850546483,-0.5840613967024137,0.822799817421906,0.5625537397050605,1.046102870719571,-1.6180050317310477
0.07861703575887358,-0.5838414402659112,0.8226457881023954,0.5624562609659541,1.0461003582338633,-1.6173549186463216
0.07883437617787203,-0.5836206081984583,0.8224911364484697,0.5623586894326993,1.0460987059378735,-1.6167045855435136
0.07905155401508512,-0.5833988859055678,0.8223358520316597,0.5622610218308629,1.0460979232107723,-1.616054006311494
0.07926856826933193,-0.5831762669369895,0.822179930197088,0.5621632579344474,1.0460980170182403,-1.6154031749230746
0.07948541763775996,-0.5829527502075975,0.8220233701711841,0.5620653988720364,1.0460989898953617,-1.614752093941402
0.07970208973317305,-0.5827283356008852,0.8218661716048965,0.5619674482797736,1.046100853519312,-1.6141007834172532
0.07991859721091688,-0.5825030327848754,0.8217083418655204,0.5618694069866235,1.0461035884079983,-1.6134492418143742
0.08013493872160593,-0.5822768289692184,0.821549871697461,0.5617712733478331,1.0461072074184872,-1.6127974541308903
0.08035111342707779,-0.5820497229567946,0.8213907602594239,0.5616730483842066,1.0461117127681194,-1.6121454220909694
0.08056710206145157,-0.5818217144406127,0.8212310068901432,0.5615747371106977,1.046117122546412,-1.6114931753425052
0.0807829235247004,-0.5815928195911841,0.821070623828521,0.561476340608747,1.0461234058698896,-1.610840712926991
0.08099857573325009,-0.5813630200040913,0.8209095977354903,0.5613778560850349,1.0461305812152486,-1.610188012645159
0.08121405785594993,-0.5811323147988752,0.820747928000995,0.5612792846467477,1.0461386505179295,-1.6095350766730727
0.08142936905781761,-0.5809007031029915,0.8205856140210637,0.5611806274070094,1.0461476157107825,-1.608881907203314
0.08164449780983629,-0.5806681844309016,0.8204226551998062,0.5610818877666336,1.046157488083271,-1.608228522387741
0.08185944666089506,-0.5804347682684173,0.8202590585221343,0.5609830685764855,1.046168257385854,-1.6075749347750627
0.08207423134849501,-0.5802004507196957,0.8200948216176438,0.5608841668390474,1.0461799131755252,-1.6069211181626362
0.08228881822400247,-0.5799652157477843,0.8199299320595546,0.5607851868624222,1.0461925005565407,-1.6062670995820167
0.08250322638816865,-0.5797290929275896,0.8197644118079865,0.5606861327889624,1.0462059765186544,-1.6056128971838244
0.08271747310874034,-0.5794920635004938,0.8195982477709425,0.5605869978478403,1.0462203423053953,-1.6049584608049592
0.08293153702520017,-0.5792541081931556,0.819431425493367,0.5604877831056826,1.0462356347604207,-1.604303795207628
0.08314542329299046,-0.5790152448697802,0.8192639580989356,0.5603884928304592,1.0462518338356304,-1.6036489213561476
0.08335914179649606,-0.5787754677371907,0.819095841701162,0.5602891248186134,1.0462689360423356,-1.6029938188587987
0.08357266892915183,-0.5785347657667677,0.8189270677568525,0.56018968253915,1.0462869730512547,-1.6023385077830863
0.08378600674589798,-0.5782931600821728,0.8187576516687862,0.5600901716286737,1.0463059247440338,-1.6016830180454151
0.08399915548289671,-0.5780506487253781,0.8185875920777668,0.5599905927520048,1.0463257930500194,-1.6010273485789317
0.08421214404858146,-0.5778072285876819,0.8184168875400237,0.5598909404333808,1.0463465547102229,-1.6003714556826556
0.08442494896420483,-0.5775628694698925,0.8182455156349469,0.559791213737522,1.0463682582898994,-1.5997153316319548
0.08463755276186946,-0.5773175919165809,0.8180734908374423,0.5596914221615448,1.0463909020102995,-1.5990590332578467
0.08484997471940048,-0.5770714129899857,0.8179008260598066,0.5595915668377949,1.0464144535421016,-1.598402559666288
0.08506221278691717,-0.5768243128819183,0.8177275069640739,0.5594916448382916,1.0464389327011705,-1.5977458874926374
0.0852742663556798,-0.5765762905447891,0.8175535328336676,0.5593916572439437,1.0464643413786463,-1.5970890183065551
0.08548612942112399,-0.5763273451761555,0.8173789029878415,0.55929160630147,1.046490686200486,-1.5964319617216496
0.08569779621711016,-0.5760774816087679,0.8172036208305768,0.5591914954884686,1.0465179685881896,-1.5957747349990314
0.08590928564380462,-0.575826703805701,0.8170276897882038,0.5590913230226601,1.0465461680792565,-1.59511731899983
0.08612057768339598,-0.5755749917461609,0.8168510948992647,0.5589910896761549,1.046575321222606,-1.5944597159345142
0.08633167372260964,-0.5753223630520846,0.8166738490146388,0.5588908003567074,1.0466054115282237,-1.5938019509907604
0.08654257361340223,-0.5750688162233238,0.8164959511036116,0.5587904559538565,1.0466364408735842,-1.593144024337079
0.08675329844000723,-0.5748143487303035,0.8163173999572915,0.5586900527794154,1.0466683924929827,-1.5924859045716666
0.08696382829932237,-0.5745589374225801,0.8161381783541648,0.5585895909269228,1.04670130567266,-1.591827589509436
0.08717416714188131,-0.5743025995831202,0.8159582989699485,0.5584890746909537,1.046735161830973,-1.5911691000883512
0.08738429595498598,-0.5740453318575245,0.8157777589306621,0.5583885084327396,1.0467699818976903,-1.5905104606810139
0.0875942524895219,-0.573787150802611,0.8155965712909832,0.5582878893305645,1.0468057167179885,-1.5898516430976508
0.0878040079054947,-0.5735280172735799,0.81541470701747,0.5581872157843029,1.0468424281189663,-1.5891926355666484
0.08801356405706917,-0.5732679571312543,0.8152321849364239,0.5580864944095382,1.0468800918053702,-1.58853347379003
0.08822292381547392,-0.5730069689272106,0.8150490041413403,0.557985725517764,1.0469187068155053,-1.5878741537756176
0.08843207189696534,-0.5727450487095744,0.8148651614251143,0.5578849125877151,1.046958291219599,-1.58721469371764
0.08864102293519593,-0.5724822104535727,0.8146806673578899,0.5577840569380675,1.0469988194402087,-1.5865550943982478
0.08884977682873751,-0.5722184379560477,0.8144955102808695,0.5576831562329617,1.0470403063960332,-1.5858953355473768
0.08905834334773965,-0.5719537277448403,0.8143096880151051,0.5575822089448389,1.047082746516563,-1.58523540070336
0.08926669446152946,-0.5716880687115139,0.8141231918323557,0.5574812196143221,1.0471261761090287,-1.5845753162227685
0.0894748500331537,-0.571421488039655,0.8139360420030672,0.5573801913863594,1.0471705529215407,-1.5839150936738369
0.08968280181403099,-0.5711539652000782,0.8137482235221487,0.5572791226844378,1.0472159033131878,-1.5832547184819277
0.08989054975724242,-0.5708855058901223,0.8135597405782122,0.5571780160109728,1.0472622226530315,-1.5825942006378058
0.09009809326909757,-0.5706161091722571,0.813370592546574,0.5570768725276956,1.047309512733325,-1.5819335417689504
0.09030545333763884,-0.5703457728021706,0.8131807784503331,0.5569756887023654,1.0473577564132304,-1.58127271138859
0.09051257795841172,-0.5700744745180281,0.8129902808356242,0.5568744715915275,1.0474070223987346,-1.5806117543056175
0.09071951741629025,-0.5698022661436741,0.8127991386300288,0.556773223408909,1.0474572179821835,-1.5799506726134414
0.09092626169871298,-0.5695290949196216,0.8126073134810623,0.5566719360246996,1.0475083999850734,-1.5792894106015418
0.09113279455236434,-0.56925496643876,0.8124148090599372,0.5565706152505568,1.0475605789808147,-1.5786280008785551
0.09133911695775199,-0.5689798980276717,0.8122216379948863,0.5564692658893096,1.047613738982845,-1.5779664676633893
0.09154522836769186,-0.5687038887553392,0.8120277996709704,0.5563678891092356,1.0476678817378198,-1.5773048124914049
0.0917511282434047,-0.5684269376836231,0.811833293468812,0.5562664860771721,1.0477230089900733,-1.576643036864523
0.09195681605231876,-0.5681490438630318,0.8116381187618096,0.5561650579596529,1.0477791224892994,-1.575981142270607
0.09216229126827091,-0.5678702063376042,0.8114422749194281,0.5560636059226942,1.047836223984549,-1.5753191301729503
0.09236755337027969,-0.5675904241445228,0.8112457613069788,0.5559621311323979,1.0478943152262177,-1.574657002017502
0.09257260184122806,-0.5673096963134207,0.8110485772852005,0.5558606347556205,1.0479533979685176,-1.5739947592412533
0.09277745453821673,-0.5670280206149799,0.810850721819619,0.5557591139474014,1.048013457849351,-1.573332375966128
0.09298209069873842,-0.5667453757436061,0.8106521790111549,0.5556575697128168,1.0480745338198196,-1.572669854783782
0.09318651217339458,-0.5664617821078954,0.8104529637409206,0.5555560072827429,1.0481366062701005,-1.5720072224330681
0.09339071968617718,-0.5661772380322441,0.8102530748977013,0.5554544274334193,1.0481996764188968,-1.5713444776842584
0.09359470733025876,-0.5658917413740717,0.810052510847163,0.5553528321980544,1.04826375213981,-1.570681627923193
0.09379847978596922,-0.5656052970669162,0.8098512753662614,0.5552512229396906,1.0483288250071903,-1.570018675171277
0.09400203489432091,-0.5653178987128638,0.8096493638524356,0.5551496000376924,1.0483949031855078,-1.569355615945718
0.0942053770474014,-0.5650295463688519,0.8094467765531741,0.5550479638969349,1.0484619828815647,-1.5686924462284615
0.0944084996822121,-0.5647402337131644,0.8092435087986996,0.5549463158249793,1.0485300763466079,-1.568029168803613
0.0946114029814864,-0.5644499663894819,0.8090395647550817,0.55484465825426,1.0485991787437723,-1.5673657928645313
0.09481408369389488,-0.564158743507214,0.8088349437704481,0.5547429929514535,1.0486692943386866,-1.5667023237258837
0.09501654496898748,-0.5638665671676327,0.8086296475364887,0.5546413210024776,1.048740418667944,-1.5660387617490015
0.09521878592226862,-0.5635734323476359,0.8084236724848335,0.554539642840286,1.0488125574711118,-1.5653751035410484
0.09542080602622782,-0.5632793380962582,0.8082170179997785,0.5544379596740077,1.048885712495756,-1.564711350571243
0.0956226240022251,-0.5629842819786135,0.808009682944844,0.5543362684997956,1.0489598685992643,-1.5640474757647496
0.09582421119795148,-0.5626882413745596,0.8078016502543237,0.5542345718076677,1.0490350736214722,-1.5633834913188402
0.09602557845346826,-0.5623912465177953,0.8075929421617754,0.5541328749142564,1.0491112905223419,-1.5627194236316488
0.09622671637344915,-0.562093286651844,0.8073835507186757,0.5540311788267775,1.0491885382711719,-1.562055273645693
0.09642762755914758,-0.5617943704967319,0.8071734823853474,0.553929486101431,1.0492668069576048,-1.5613910510168771
0.09662831171084596,-0.5614944943769618,0.8069627345885912,0.5538277973505709,1.0493461005657874,-1.560726753314404
0.09682876847493471,-0.561193656810186,0.8067513063383189,0.5537261136495678,1.0494264211591169,-1.5600623810368255
0.09702899792850861,-0.5608918565908073,0.8065391968573867,0.5536244360450062,1.049507770141573,-1.5593979344407287
0.0972290035666612,-0.5605890917141242,0.8063264048917222,0.5535227647336928,1.04959014638452,-1.5587334080717357
0.09742878466510074,-0.5602853561019477,0.8061129261260058,0.5534210999519058,1.049673556436292,-1.5580687970613611
0.0976283409052261,-0.5599806484423705,0.8058987596988194,0.5533194428234832,1.0497580021702988,-1.5574041021426255
0.09782765274667282,-0.5596749690878934,0.8056839053926175,0.5532177986985278,1.0498435022826342,-1.5567393525551165
0.09802674504494613,-0.5593683393531014,0.8054683794074275,0.553116168127312,1.0499300142711916,-1.5560745433065037
0.0982256144245901,-0.5590607289378973,0.8052521598724542,0.5530145470487351,1.0500175690357367,-1.5554096422500743
0.09842424193132038,-0.5587521386009195,0.8050352468815372,0.5529129407856876,1.0501061843777428,-1.5547446783352448
0.09862263323838105,-0.5584425907582099,0.8048176568732162,0.5528113539729183,1.0501958350701228,-1.5540796741937448
0.09882079035306335,-0.5581320792555363,0.8045993855613323,0.5527097862909456,1.0502865251337672,-1.5534146210832134
0.0990187226899586,-0.5578205985150052,0.8043804292946208,0.552608236051571,1.050378250980997,-1.5527495009221945
0.09921642233121286,-0.5575081348675796,0.8041607780791802,0.5525067034858612,1.0504710329017888,-1.5520843091693477
0.099413889606355,-0.5571946953554201,0.803940437106839,0.5524051912537612,1.0505648646142371,-1.5514190562105163
0.09961112407935557,-0.5568802789476092,0.8037194057227426,0.5523037005750828,1.0506597478526174,-1.5507537432560228
0.09980810038664245,-0.556564886901437,0.8034976841896713,0.5522022381448629,1.0507557061940502,-1.5500884083847533
0.10000485383103852,-0.556248548073621,0.8032752944627077,0.5521008038037375,1.0508526801126283,-1.5494230414914139
0.10020136139812807,-0.5559312203838508,0.8030522056127447,0.55199939529676,1.0509507300803864,-1.548757622964278
0.10039764302704324,-0.5556129255987574,0.8028284340322824,0.5518980141840121,1.051049817673059,-1.5480921547980646
0.10059367448486034,-0.5552936408641436,0.8026039626271935,0.5517966622432334,1.051149987210761,-1.5474266432702433
0.10078948392404774,-0.5549733913571572,0.8023788104935705,0.5516953400246183,1.0512511892556706,-1.5467610833843903
0.10098504907109618,-0.5546521434155036,0.8021529528035876,0.5515940468461306,1.051353476041638,-1.5460954653484744
0.10118037178577444,-0.5543299207805383,0.8019264068403933,0.5514927882627859,1.0514568247057694,-1.5454298180826995
0.10137545181255447,-0.5540067226440671,0.8016991721206264,0.5513915655035974,1.0515612366104379,-1.5447641427373058
0.10157028983213578,-0.5536825477849641,0.8014712478920787,0.5512903795329739,1.0516667125886705,-1.5440984386880894
0.10176488486825308,-0.5533573938175271,0.8012426325146396,0.5511892314286001,1.05177325612404,-1.5434327061210014
0.10195923866260737,-0.5530312601692616,0.8010133257374936,0.5510881220724043,1.0518808664362884,-1.5427669437886424
0.10215335495503153,-0.5527041426046629,0.8007833247303084,0.5509870512527255,1.051989544125867,-1.5421011432335137
0.10234722562654008,-0.5523760348048956,0.8005526248083696,0.5508860207507018,1.0520993031383628,-1.541435309516359
0.10254085049097839,-0.5520469455878548,0.8003212324348192,0.5507850336242968,1.0522101360542928,-1.5407694555644913
0.10273422646761032,-0.551716875308097,0.8000891478857621,0.5506840919009539,1.0523220459168867,-1.5401035877682039
0.10292735007980935,-0.5513858272412152,0.7998563735306692,0.550583198233974,1.0524350335106967,-1.539437716602572
0.10312023902064382,-0.5510538034952837,0.799622911534037,0.5504823508158586,1.0525490801651494,-1.5387718225220661
0.10331288123956028,-0.5507207796920486,0.7993887440833181,0.55038154884216,1.0526642200230387,-1.538105893825405
0.10350527632370943,-0.5503867677743415,0.7991538798895004,0.5502807959918894,1.0527804430419436,-1.53743994748091
0.10369741485746076,-0.5500517695336239,0.7989183200768739,0.5501800958326846,1.0528977571185687,-1.5367740001376142
0.10388931600452267,-0.5497157950255332,0.7986820725857515,0.5500794477506225,1.0530161349049265,-1.5361080399638878
0.10408096939745404,-0.5493788184939103,0.7984451186679813,0.5499788503953557,1.0531356102025273,-1.5354420514602438
0.10427237242417675,-0.5490408497065211,0.7982074654022044,0.5498783074623422,1.0532561770694884,-1.5347760517948523
0.10446352034832618,-0.5487018928255726,0.7979691157640518,0.5497778220209161,1.0533778367182416,-1.5341100541421457
0.10465441447763979,-0.54836195366416,0.7977300741007216,0.5496773962277245,1.0535005829814077,-1.5334440654865906
0.10484504998131428,-0.5480210304150371,0.7974903390851598,0.5495770320586331,1.053624422585504,-1.532778091842574
0.10503543855567443,-0.5476791271423187,0.79724991412139,0.5494767292719774,1.0537493408191676,-1.5321121241103899
0.10522557253298626,-0.5473362272425947,0.7970087871437705,0.549376487717351,1.053875360607513,-1.5314461543570208
0.10541545326177504,-0.5469923377731448,0.7967669634002661,0.5492763097710794,1.0540024746026244,-1.5307801909882384
0.1056050837838467,-0.5466474561401838,0.7965244412419237,0.5491761957152895,1.054130682563816,-1.5301142285642992
0.10579446336280363,-0.5463015762879667,0.79628121641379,0.549076145964281,1.0542599910827528,-1.529448262586969
0.1059835730723595,-0.5459546991242655,0.7960372891190768,0.5489761658042965,1.0543904182140673,-1.5287823211702178
0.10617243313063796,-0.5456068486718654,0.7957926773963533,0.5488762568954969,1.054521922731093,-1.528116407608088
0.10636104017522419,-0.5452579982226651,0.7955473620460611,0.5487764164599502,1.0546545325673389,-1.52745049629166
0.10654939352856685,-0.544908147390254,0.79530134290078,0.5486766459338622,1.0547882491081515,-1.5267845894225112
0.10673749251398368,-0.5445572958003596,0.7950546198025896,0.548576946755216,1.0549230737265745,-1.5261186892023708
0.10692533645471158,-0.5442054430879928,0.7948071926012052,0.5484773203645309,1.0550590077878859,-1.5254527978437775
0.10711290837728171,-0.5438525908094274,0.7945590620277376,0.5483777717622821,1.0551960669035176,-1.5247869414768351
0.10730021743559037,-0.5434987619610073,0.7943102450431394,0.5482783045571695,1.0553342215469874,-1.5241211366874463
0.10748726169635825,-0.5431439455819055,0.7940607338331565,0.5481789185345977,1.0554734839639506,-1.5234553747137933
0.10767404122296931,-0.5427881416559072,0.7938105285216621,0.5480796150258469,1.0556138544812363,-1.5227896570642823
0.10786057485128042,-0.5424313466328309,0.7935596272716983,0.5479803910441924,1.0557553181736203,-1.5221239562142073
0.10804684153924837,-0.5420735329807942,0.7933080097662981,0.5478812472950924,1.0558979211737773,-1.5214582695029215
0.10823284472438655,-0.5417147261670919,0.7930556945698433,0.5477821889194107,1.0560416372814765,-1.5207926238844531
0.1084185851760826,-0.5413549236919866,0.7928026800464574,0.5476832166869472,1.0561864683842237,-1.5201270170429315
0.10860406503378295,-0.5409941224899205,0.7925489641975623,0.5475843310064383,1.0563324155329878,-1.5194614442168024
0.10878927664069726,-0.5406323185033819,0.7922945440085125,0.5474855340461728,1.0564794903437627,-1.518795912446073
0.10897423016252139,-0.5402695202032027,0.7920394260281274,0.5473868266320048,1.0566276754333626,-1.5181304197850676
0.10915892495582424,-0.5399057122851031,0.791783599375536,0.5472882076274971,1.0567769857460174,-1.5174649509734044
0.1093433425587893,-0.5395408942336242,0.7915270632504079,0.5471896819431432,1.0569274403602715,-1.5167995314396525
0.1095275043131747,-0.5391750903402617,0.7912698359256085,0.5470912509059469,1.0570789964003728,-1.5161341627616154
0.10971138933032121,-0.5388082732026788,0.7910118971960056,0.5469929152993183,1.057231699879101,-1.5154688424026581
0.10989500071405756,-0.5384404689133437,0.7907532660598426,0.5468946803070535,1.057385524301983,-1.5148035979551495
0.11007835805597788,-0.5380716733720952,0.7904939403275062,0.5467965427462115,1.057540454368175,-1.5141384004545697
0.11026144747423228,-0.5377018560721352,0.7902338977889021,0.546698501551426,1.0576965320218616,-1.513473234715053
0.11044427015554037,-0.5373310320500685,0.7899731494386,0.5466005604042328,1.0578537427300372,-1.5128081180981228
0.11062681980518718,-0.5369592015393672,0.7897116953977985,0.5465027219404315,1.0580120928882948,-1.5121430607332789
0.11080909985597476,-0.5365863727876999,0.7894495418513148,0.546404988231488,1.0581715719261615,-1.5114780691266292
0.11099110904072829,-0.5362125408078573,0.7891866853277159,0.5463073600505836,1.0583321860177304,-1.5108131407995815
0.11117284694955476,-0.5358377056322791,0.7889231259901726,0.5462098388433619,1.0584939359028276,-1.510148277881208
0.11135431343032964,-0.5354618667676473,0.7886588636333678,0.5461124259185466,1.0586568225452864,-1.5094834815666451
0.11153550561592418,-0.5350850235906607,0.7883938978741041,0.5460151230910862,1.0588208497294074,-1.5088187564468987
0.11171642773595414,-0.5347071788372552,0.7881282309662394,0.5459179313482109,1.0589860111059841,-1.508154101635211
0.11189708291856748,-0.5343283246703693,0.7878618575370062,0.5458208501587309,1.0591523110756969,-1.5074895057165039
0.11207745380069767,-0.5339484558747992,0.7875947734521449,0.545723883407075,1.0593197720717094,-1.506824987019603
0.1122575492635085,-0.5335675970266779,0.78732699679761,0.5456270347349946,1.0594883631417158,-1.5061605632224024
0.11243738138156756,-0.5331857354797398,0.7870585190331427,0.5455303010938384,1.0596580841513439,-1.5054962058095296
0.11261692969670767,-0.5328028511882271,0.7867893252812999,0.5454336845612403,1.0598289742092795,-1.5048319203990617
0.11279619730425061,-0.5324189720849684,0.7865194358550229,0.5453371904136387,1.0600010050479738,-1.5041677358815504
0.11297520306004305,-0.5320340944876418,0.7862488488696289,0.5452408157596167,1.060174161540653,-1.5035036250648615
0.11315393917014438,-0.5316481870174432,0.7859775417202783,0.545144558437735,1.060348480530035,-1.5028395644671209
0.11333239030315845,-0.5312612576161281,0.7857055197885296,0.5450484240626006,1.0605239704515423,-1.502175584476307
0.11351055920492925,-0.5308733312732018,0.7854328012615204,0.5449524174496263,1.0607006060550594,-1.5015117109353855
0.11368844902488906,-0.5304844065855792,0.7851593853971695,0.54485653910819,1.060878385827373,-1.50084793961425
0.11386606027603374,-0.5300944770401325,0.7848852677048068,0.5447607892523061,1.0610573155706933,-1.5001842640316252
0.114043392491189,-0.5297035396214217,0.7846104461744061,0.5446651688472852,1.0612373988687274,-1.499520682896977
0.1142204507078417,-0.5293115927632571,0.7843349200128324,0.5445696780352641,1.06141863245188,-1.4988571894260336
0.11439722477033065,-0.5289186281917372,0.7840586831325118,0.5444743188272801,1.0616010344472198,-1.4981937890543124
0.11457371482799994,-0.5285246601811389,0.7837817459491649,0.5443790947815743,1.061784591990852,-1.4975304988416003
0.11474991990918992,-0.5281296903115893,0.7835041097364295,0.5442840076703749,1.0619693049687773,-1.4968673231856884
0.11492585798554611,-0.5277337169063417,0.7832257740390838,0.5441890551387426,1.0621551571874255,-1.49620423847707
0.11510150748357706,-0.5273367115791964,0.7829467179874432,0.544094238279577,1.0623421967141835,-1.495541242722702
0.11527687842810241,-0.5269387026897708,0.7826669624152558,0.5439995609174035,1.0625303878224581,-1.4948783556765906
0.11545195302457545,-0.5265396803603009,0.7823864998467158,0.5439050262721806,1.0627197578503274,-1.494215590786535
0.11562674607091905,-0.5261396697044375,0.7821053489367431,0.5438106367030804,1.062910269217276,-1.4935529579133795
0.11580125598825664,-0.5257386497808358,0.7818234947994087,0.5437163906416813,1.0631019430613207,-1.4928904375063246
0.11597549780937033,-0.5253366159876588,0.7815409347993341,0.5436222858802351,1.0632947687706311,-1.4922280066613833
0.11614943897126606,-0.5249335455975849,0.7812576517850642,0.5435283265283934,1.0634888004203558,-1.4915656838129905
0.11632310209586239,-0.524529485504438,0.7809736802738607,0.5434345167259967,1.0636839725011016,-1.4909034924608215
0.11649647601214186,-0.5241244068420862,0.7806889994026021,0.5433408555771013,1.0638803231297251,-1.4902414168507752
0.11666956184454103,-0.5237183220544545,0.7804036183085867,0.5432473460796394,1.0640778401050133,-1.489579470438035
0.11684235926515063,-0.5233112308114344,0.7801175369289903,0.5431539895785475,1.064276524411184,-1.488917654618285
0.11701488678336114,-0.5229031298420925,0.7798307537032176,0.5430607834261522,1.0644763606445415,-1.4882559435668388
0.11718712234191786,-0.5224939887420117,0.7795432463301761,0.5429677286375723,1.0646773993999021,-1.4875943340019926
0.11735906914881467,-0.5220838383099301,0.7792550371652589,0.5428748305231235,1.0648796095072033,-1.4869328564972206
0.11753072078457372,-0.52167267925173,0.778966126695753,0.5427820917278393,1.065082997180985,-1.4862715213169664
0.11770208422332784,-0.5212605210336763,0.7786765221152301,0.5426895136503195,1.0652875469998462,-1.4856103310510524
0.11787315788672537,-0.5208473527578156,0.7783862157591752,0.5425970963154446,1.0654932709185163,-1.48494927728965
0.11804394142778696,-0.5204331741856322,0.7780952076380734,0.5425048410837212,1.0657001698539752,-1.484288361527739
0.11821443467707482,-0.5200179850563192,0.7778034977533803,0.5424127492785151,1.0659082445629877,-1.483627585008123
0.11838464660744608,-0.5196017833168761,0.7775110851211631,0.5423208202527996,1.0661174881429367,-1.4829669354597055
0.11855456250692287,-0.5191845540583088,0.7772179587904469,0.5422290559550569,1.0663279296078227,-1.482306416968879
0.11872418463878676,-0.518766319153359,0.776924134688131,0.5421374604386734,1.0665395469034034,-1.4816460513046625
0.1188935127028592,-0.5183470783865387,0.7766296128472061,0.5420460350440657,1.0667523408785977,-1.4809858398688562
0.11906256423269879,-0.5179268286019094,0.776334391777004,0.5419547773688851,1.0669662968919746,-1.4803257583841916
0.11923131731609704,-0.5175055403220999,0.7760384498767521,0.541863688656285,1.0671814647303046,-1.4796658046174158
0.11939977541858227,-0.5170832453407619,0.7757418102103886,0.5417727740988465,1.0673978119752503,-1.4790060092005213
0.11956793826082812,-0.5166599434319797,0.7754444728087933,0.5416820350279241,1.06761533946275,-1.4783463734771454
0.11973580556814989,-0.5162356343688965,0.7751464377034765,0.541591472772768,1.067834048024449,-1.477686898778008
0.11990337707002086,-0.5158103179236723,0.774847704926588,0.5415010886608747,1.0680539384884256,-1.477027586424224
0.12007067029403817,-0.5153839908593472,0.7745482729393642,0.5414108803061013,1.0682749962329787,-1.4763684121660676
0.12023766329504726,-0.5149566232835228,0.7742481198603959,0.5413208489615293,1.0684972715525227,-1.475709373495643
0.12040435965660601,-0.5145282474696075,0.7739472690947697,0.5412309997607517,1.0687207314298561,-1.4750505010865336
0.1205707591230829,-0.5140988631943982,0.7736457206831737,0.5411413340249284,1.068945376671948,-1.4743917962225133
0.12073686189679034,-0.5136684701579343,0.7733434746276466,0.5410518529796733,1.0691712076865671,-1.4737332595315173
0.1209026692269699,-0.513237067019805,0.7730405302219894,0.540962557515854,1.0693982247633678,-1.4730748892399292
0.12106818041170175,-0.5128046505949097,0.7727368853794476,0.5408734486353555,1.0696264318907855,-1.4724166840990471
0.1212333953502358,-0.5123712207961816,0.7724325402489614,0.5407845276532601,1.0698558295891187,-1.4717586453508393
0.12139831842179305,-0.5119367763288819,0.772127494264077,0.5406957948989405,1.0700864148836529,-1.4711007673688026
0.1215629340162474,-0.5115013107258626,0.7718217425109879,0.5406072536764259,1.0703182101170234,-1.4704430641594748
0.12172725208478496,-0.5110648494074358,0.7715153036941129,0.5405189068610363,1.0705511819839975,-1.469785550809751
0.12189127094513275,-0.5106273791339494,0.7712081685164893,0.5404307542765021,1.0707853447443758,-1.469128216826351
0.12205499046572532,-0.510188899491918,0.7709003368976406,0.5403427971837853,1.0710206992497684,-1.4684710630901439
0.12221842444786413,-0.5097494075603024,0.7705918074240161,0.5402550339743059,1.0712572342977247,-1.4678140705444476
0.12238155588388677,-0.5093088788267829,0.7702825622573348,0.5401674658344308,1.0714949903351076,-1.467157236314189
0.12254438661811573,-0.5088673389302281,0.7699726199931343,0.5400800971053824,1.0717339421721328,-1.466500585699281
0.12270691672719591,-0.5084247896483762,0.7696619821276158,0.5399929292933369,1.071974088425741,-1.4658441215628846
0.12286915007590116,-0.507981229972819,0.7693506482929449,0.5399059628514598,1.0722154263654566,-1.465187839192345
0.12303108099552018,-0.5075366526971183,0.7690386133859697,0.5398191991636502,1.0724579688217755,-1.464531739366282
0.12319271037664814,-0.5070910662807422,0.7687258837030235,0.539732640448457,1.0727017074095713,-1.4638758307654147
0.12335404169553277,-0.5066444698087191,0.7684124589340526,0.539646287239707,1.072946639706618,-1.4632201092475354
0.1235150584696516,-0.506196858828386,0.7680983355906754,0.5395601432234082,1.0731927872123923,-1.4625645917668573
0.12367578158378212,-0.505748259903906,0.7677835335442551,0.5394742092809767,1.0734401041389596,-1.4619092806079954
0.12383619740898633,-0.5052986408441597,0.7674680296093199,0.5393884850452968,1.0736886346212595,-1.461254160907897
0.12399632512413694,-0.5048480164293845,0.7671518351957247,0.5393029702163904,1.0739383454721172,-1.4605992251089395
0.12415614083302184,-0.5043963566221429,0.7668349283277109,0.5392176665951843,1.0741892895096425,-1.4599444733369042
0.12431565744312323,-0.5039436980204455,0.7665173357725998,0.5391325777341684,1.0744414199101746,-1.459289927858143
0.12447486477965386,-0.5034900255735539,0.7661990466979418,0.5390477048380042,1.0746947614529982,-1.4586355870105603
0.12463378437864625,-0.5030353511491198,0.7658800705140507,0.5389630467950357,1.0749492811384118,-1.4579814373386721
0.12479239408937381,-0.5025796387866701,0.7655603810926794,0.5388786043972096,1.0752050354977924,-1.4573274709097428
0.12495069803860614,-0.5021229222150055,0.7652400028612516,0.5387943823410801,1.0754619894432966,-1.456673717707583
0.1251086961538994,-0.5016652011262719,0.7649189358391464,0.5387103818520821,1.0757201436629331,-1.4560201785171627
0.12526638836188342,-0.5012064752263943,0.7645971800567963,0.5386266041559071,1.0759794988321385,-1.455366854130146
0.12542377458748488,-0.500746744233144,0.7642747355544657,0.5385430504793624,1.0762400556170266,-1.4547137453531969
0.1255808554112865,-0.5002860077500915,0.7639516023139921,0.5384597219182004,1.0765018141049183,-1.4540608520722071
0.12573763419992146,-0.49982426349466447,0.7636277790665855,0.5383766188493209,1.0767647732162802,-1.4534081688818083
0.1258941100110289,-0.49936150390845163,0.7633032606452606,0.5382937417895303,1.077028941236755,-1.4527556904126688
0.1260502652129203,-0.4988977320340459,0.7629780488872999,0.5382110954668354,1.077294334093405,-1.452103442229094
0.126206121776542,-0.4984329797180696,0.7626521674507241,0.5381286810124395,1.0775608997502357,-1.4514514301417116
0.12636165958983048,-0.4979672142063094,0.762325592592421,0.5380464993156908,1.0778286898074005,-1.4507996470349427
0.1265169021504211,-0.4975004631571005,0.7619983450364107,0.5379645507266609,1.0780976544677672,-1.4501480926690027
0.12667184415787247,-0.49703268648918136,0.7616703963207905,0.5378828327208925,1.0783678366229217,-1.4494967347582457
0.12682646781899232,-0.4965638878750315,0.7613417487332268,0.5378013501054858,1.0786392518297536,-1.4488455995921052
0.12698079496863013,-0.49609410005406734,0.7610124265592155,0.5377201040895885,1.0789118472891808,-1.44819469393916
0.1271348099982048,-0.4956232894817787,0.7606824056635402,0.5376390947572105,1.079185670677266,-1.4475440046005967
0.1272885196667013,-0.4951514779397376,0.7603517020335366,0.5375583246690115,1.0794606950983916,-1.4468935457926004
0.1274419179102071,-0.4946786581174881,0.7600203105269636,0.5374777952674983,1.079736933992943,-1.446243318594798
0.12759500641934407,-0.4942048400986623,0.7596882386366244,0.5373975086235663,1.080014376588119,-1.4455933317702934
0.12774779472458464,-0.493730020893774,0.7593554848120996,0.5373174639566187,1.0802930159570399,-1.4449435717571333
0.12790027410793137,-0.49325418139827354,0.759022035440243,0.5372376618540734,1.080572879240689,-1.4442940313266195
0.1280524460748036,-0.49277733416423813,0.758687899767776,0.5371581046945594,1.0808539535689616,-1.443644721876749
0.12820429306339953,-0.49229948278449526,0.7583530800378346,0.5370787971241165,1.0811362544172796,-1.442995668987079
0.12835583716413135,-0.4918206604533072,0.7580176008508444,0.5369997401981519,1.081419728161497,-1.4423468791978529
0.12850707362760883,-0.49134083052749034,0.7576814362595794,0.5369209318700418,1.0817044140108378,-1.4416983233817102
0.1286580023644448,-0.4908599930254951,0.7573445865461657,0.5368423733700434,1.0819903123590888,-1.4410500025577808
0.12880862328498566,-0.4903781479787169,0.7570070520033907,0.5367640659284979,1.082277423588348,-1.44040191775835
0.12895892087176142,-0.4898952986878198,0.7566688347393011,0.5366860137649374,1.0825657613324076,-1.4397540916770442
0.12910892210119407,-0.48941147333633195,0.7563299559476353,0.5366082164943621,1.0828552713666013,-1.4391065200287634
0.12925862050330927,-0.4889266233994728,0.755990381205895,0.5365306711902779,1.0831460057321627,-1.4384591645319038
0.12940798943750487,-0.48844075482199845,0.7556501141410115,0.5364533842540121,1.0834379873891444,-1.4378120637432958
0.12955707145241746,-0.487953917223247,0.7553091916883461,0.5363763549156985,1.0837311257615148,-1.437165215380175
0.12970581705569328,-0.48746604340219724,0.7549675647547351,0.5362995856407815,1.084025535700341,-1.4365186147660753
0.12985426122671218,-0.48697721382314396,0.7546252919293917,0.5362230801619426,1.0843211060374656,-1.4358722982238061
0.13000239049809004,-0.4864873783474481,0.7542823374357432,0.5361468366440406,1.084617897758129,-1.4352262344506794
0.1301502239268859,-0.4859965480048789,0.7539387100194088,0.5360708542020513,1.0849158807781911,-1.4345804121195038
0.13029773912115816,-0.48550468926623325,0.7535943854223328,0.5359951343290003,1.0852151101808656,-1.4339348266812773
0.13044494092651604,-0.48501184028667943,0.7532493911818481,0.5359196813403192,1.0855155458153039,-1.4332895096489036
0.13059182938873937,-0.48451800133037204,0.7529037277724422,0.5358444964104074,1.0858171877043787,-1.4326444619680656
0.13073840464051711,-0.4840231724457173,0.752557395519518,0.535769580673863,1.086120035977491,-1.4319996842629086
0.1308846669161925,-0.4835273534150679,0.75221039456454,0.5356949352200839,1.0864240909022045,-1.4313551767854396
0.13103061576098174,-0.483030543879615,0.7518627249275136,0.5356205612377194,1.0867293536083238,-1.4307109404647858
0.1311762535286336,-0.48253274434463966,0.7515143873357011,0.5355464595328722,1.0870358214393034,-1.430066973726336
0.13132157961178414,-0.48203395001004723,0.751165378656717,0.5354726308756566,1.087343499799713,-1.4294232734720962
0.1314665951161733,-0.4815341606957033,0.7508156990945478,0.5353990762177028,1.0876523879918067,-1.4287798389767645
0.1316113011786486,-0.4810333737437498,0.7504653470984533,0.5353257962603369,1.0879624875776719,-1.4281366671289695
0.13175569546022015,-0.4805315864660686,0.7501143209842462,0.5352527922828083,1.0882738038500177,-1.4274937589102978
0.13189977691647758,-0.48002880364272704,0.7497626244070164,0.5351800660762261,1.0885863338029178,-1.4268511207928447
0.13204354340561375,-0.4795250296507632,0.7494102606997566,0.5351076195597567,1.0889000759754297,-1.4262087601280522
0.13218699537259138,-0.4790202706928207,0.7490572345743525,0.5350354543880615,1.0892150244560121,-1.4255666828990436
0.1323301303042217,-0.47851452842532577,0.7487035474228723,0.5349635722522766,1.0895311807047852,-1.4249248942738757
0.1324729470787669,-0.47800780956396777,0.7483492042686684,0.5348919750864174,1.089848540007997,-1.4242834024897526
0.13261546155231274,-0.47750011535268944,0.7479942068167165,0.5348206615171075,1.0901670845788245,-1.423642190740086
0.13275765563313424,-0.47699141461809774,0.7476385326926276,0.5347496326822264,1.0904868629696345,-1.4230012518095743
0.1328995519933711,-0.47648173412723127,0.7472822019130758,0.5346788885296233,1.090807826416743,-1.4223605848033818
0.13304111766377735,-0.47597103809372066,0.7469251883579688,0.5346084322169556,1.0911300436971092,-1.4217201956749574
0.1331823700582242,-0.4754593872752715,0.7465675359384192,0.5345382676595051,1.0914534401345564,-1.4210801211784363
0.1333233079092233,-0.47494676096111854,0.7462092302530565,0.5344683942243884,1.0917780366052348,-1.420440344122158
0.13346393487268893,-0.47443315531365304,0.7458502690156124,0.5343988120613472,1.0921038330585364,-1.419800857292453
0.13360424924558734,-0.47391856150003464,0.7454906462309987,0.534329521742348,1.092430839820669,-1.4191616551250998
0.1337442459715259,-0.47340298226660993,0.7451303639932196,0.5342605254346968,1.0927590600778088,-1.4185227466784092
0.13388393189266123,-0.4728864289286733,0.7447694308506589,0.5341918241470182,1.0930884762956998,-1.4178841350385256
0.13402330427550257,-0.4723688901652787,0.7444078390197881,0.5341234183941422,1.0934191022201811,-1.4172458135486645
0.13416236341973775,-0.4718503691426062,0.7440455910703605,0.5340553095031414,1.0937509348980599,-1.4166077853855228
0.13430112147036244,-0.47133086364632004,0.7436826861554113,0.5339874964325805,1.0940839636290434,-1.4159700350492606
0.13443955812768582,-0.47081034977637765,0.7433191070304734,0.533919981433234,1.0944182327318643,-1.4153325647828772
0.13457767916720398,-0.4702888665725965,0.7429548818207978,0.5338527680861475,1.0947537000682899,-1.4146954042910724
0.13471549169259012,-0.4697664115347389,0.7425900093130755,0.5337858561094547,1.0950903606151545,-1.4140585436123407
0.13485297560188325,-0.4692429724985209,0.7422244805740585,0.5337192487097778,1.095428247628433,-1.413421995407084
0.13499015365704503,-0.4687185881213876,0.7418583240004919,0.5336529466430442,1.0957673009983304,-1.412785769186976
0.1351270204070958,-0.4681932187621665,0.7414915117190981,0.533586948447315,1.09610756370561,-1.4121498356249556
0.1352635668452029,-0.4676668674034492,0.7411240458749995,0.5335212568678819,1.0964490430052793,-1.4115142083849268
0.13539980098459603,-0.467139555005511,0.7407559418711687,0.5334558734569081,1.0967917110928374,-1.4108788978103906
0.1355357215033779,-0.4666112701334085,0.7403871919152212,0.5333907985121659,1.0971355803183205,-1.4102438955505205
0.13567132858844255,-0.46608201280985195,0.7400177963623245,0.5333260330571346,1.0974806507626893,-1.4096092019291129
0.13580662240959507,-0.465551783144298,0.7396477556300263,0.5332615781240677,1.097826922444849,-1.408974817372699
0.13594160393015509,-0.4650205811275043,0.7392770700793472,0.5331974346097544,1.0981743946346036,-1.408340741284234
0.13607627465518535,-0.46448840466942437,0.7389057386214142,0.5331336031585914,1.0985230679462061,-1.407706970570001
0.1362106339375031,-0.46395525020992956,0.7385337590620495,0.5330700846361128,1.098872946688997,-1.4070735032962092
0.13634466469665263,-0.46342112302290284,0.7381611349092569,0.5330068831464684,1.0992240447741994,-1.4064403642183092
0.1364783896070798,-0.462886061324208,0.7377878942118135,0.5329439992341009,1.0995763024315908,-1.4058075622178283
0.1366118030508785,-0.4623500248233304,0.737414008691597,0.5328814315919511,1.0999297634842076,-1.4051750679779165
0.1367449050107301,-0.4618130145517515,0.7370394794219202,0.5328191813439238,1.1002844272936323,-1.4045428829527806
0.1368776784538106,-0.4612750358783614,0.7366643099833725,0.5327572525427383,1.1006403076664002,-1.403911031793701
0.13701014610562634,-0.4607361273509104,0.7362885286476621,0.5326956456816778,1.100997344408834,-1.4032795234971882
0.1371423022979168,-0.46019624840181156,0.7359121069618215,0.5326343595069313,1.101355581678145,-1.402648328711682
0.1372741392338095,-0.45965540211462036,0.7355350471977777,0.5325733964580583,1.1017150253872028,-1.402017459484579
0.13740566863469805,-0.4591136065503337,0.7351573628193386,0.5325127571229336,1.102075646303803,-1.4013869190282588
0.13753687902749467,-0.4585708426095543,0.7347790403404613,0.5324524428041029,1.1024374749663286,-1.4007567037776776
0.13766778941820146,-0.4580271281763825,0.7344000933353811,0.5323924529656948,1.1028004743581885,-1.4001268085404557
0.13779837729492783,-0.4574824287326019,0.7340204971042308,0.5323327894583847,1.1031647013869497,-1.3994972286087668
0.13792864848580688,-0.4569367878456878,0.7336402828929707,0.5322734556008434,1.1035301095051913,-1.3988679963759285
0.13805860391500602,-0.45639020660852103,0.7332594518528484,0.5322144522916079,1.1038966969929542,-1.398239112091393
0.13818826114027516,-0.45584267950458507,0.7328780010186575,0.532155777473823,1.1042644501232495,-1.3976105514742467
0.138317587617641,-0.4552941699978984,0.7324959039675303,0.5320974343768197,1.1046334386876158,-1.3969823193585629
0.13844660396078767,-0.454744742781729,0.7321132072829073,0.5320394255026271,1.1050035803271603,-1.3963544498545266
0.138575323691859,-0.45419436586416134,0.7317298892296931,0.5319817475329078,1.1053748903135228,-1.3957268999891632
0.13870372434773914,-0.45364300078618897,0.7313459223762306,0.5319244021015911,1.10574742926129,-1.3950996616457605
0.13883181218701157,-0.45309069017494824,0.7309613372988686,0.5318673922398717,1.1061211509839362,-1.3944727655902998
0.13895958759866556,-0.4525374339659878,0.7305761343285404,0.531810718840341,1.106496055415652,-1.3938462116608288
0.13908705097800977,-0.4519832320821413,0.730190313789226,0.5317543827934955,1.1068721424954666,-1.3932199996848338
0.13921418838067723,-0.4514280882737714,0.7298038782383838,0.531698387339928,1.1072494243111934,-1.3925941488173492
0.13934103121263242,-0.45087203225947453,0.7294168499529148,0.5316427308088175,1.107627839103891,-1.391968650185322
0.13946754514392357,-0.45031500448667017,0.7290291863141274,0.531587415171265,1.1080074802094604,-1.3913434905290436
0.1395937537942764,-0.44975706664691084,0.728640931833842,0.5315324420099671,1.1083882646296168,-1.3907186974653658
0.13971964416539295,-0.4491981846978364,0.7282520625271101,0.5314778118878836,1.1087702386013685,-1.390094256158315
0.1398452367993528,-0.44863837559507286,0.7278625913430323,0.5314235238654695,1.109153364091828,-1.389470158770395
0.1399705140567291,-0.4480775982202198,0.7274724891925755,0.5313695787826848,1.109537699033104,-1.3888463896295373
0.14009547129944,-0.44751588579965546,0.7270817796595459,0.5313159803755029,1.10992321790536,-1.3882229829173114
0.14022012918336157,-0.44695325797683555,0.726690477579532,0.5312627278294331,1.1103098800151225,-1.3875999329546302
0.14034446522419142,-0.44638967549110187,0.7262985550304841,0.5312098228107985,1.1106977469331267,-1.386977231047764
0.14046848596573813,-0.44582518216786704,0.7259060433855646,0.531157268020326,1.1110867709717667,-1.3863549079273336
0.14059220864099142,-0.445259773496717,0.7255129403994647,0.5311050616072323,1.111476937650621,-1.3857329408931627
0.14071561071871974,-0.4446934101544032,0.7251192181248167,0.5310532052743929,1.11186830869134,-1.3851113213013695
0.14083870208516025,-0.44412613542103463,0.7247249076474302,0.5310017011489947,1.1122608332106503,-1.3844900756054286
0.1409614928034073,-0.4435579377665901,0.7243300015728256,0.5309505480001635,1.1126545111410906,-1.383869183072027
0.14108397065534373,-0.44298879106110906,0.723934481561558,0.5308997469023296,1.1130493805840078,-1.3832486350638873
0.14120613892957,-0.4424187182812571,0.7235383642325148,0.5308492996565443,1.1134454168156402,-1.3826284478466395
0.1413279975722137,-0.4418477205941193,0.72314165079103,0.53079920722575,1.1138426191068804,-1.3820086227009842
0.1414495466367076,-0.441275799934108,0.7227443429849543,0.5307494705961274,1.1142409858951208,-1.381389161425936
0.14157078620946617,-0.4407029582520191,0.7223464425755219,0.5307000907445308,1.1146405155661976,-1.3807700657912567
0.14169171640914602,-0.44012919743219814,0.7219479512791369,0.5306510686334134,1.1150412065320117,-1.3801513374635819
0.14181233738446863,-0.4395545192642975,0.7215488707474824,0.5306024052094983,1.1154430572590353,-1.3795329779829382
0.14193264931050598,-0.43897892543597955,0.7211492025625508,0.530554101405405,1.1158460662797507,-1.378914988771042
0.14205265238712972,-0.43840241754161174,0.7207489482424116,0.5305061581388285,1.1162502321853458,-1.3782973711261066
0.14217234683488256,-0.4378249970876186,0.7203481092452364,0.5304585763156814,1.1166555536262177,-1.3776801262486025
0.14229173321677102,-0.4372466654130403,0.7199466869234836,0.5304113567806589,1.1170620290282829,-1.3770632548119377
0.14241081183043436,-0.4366674229570104,0.7195446819921449,0.5303645003640327,1.117469657949915,-1.3764467570227346
0.14252958071775668,-0.43608727119863766,0.7191420958251564,0.5303180082518665,1.1178784414836636,-1.3758306363917812
0.14264804470560444,-0.43550621621962105,0.718738933232447,0.530271880944964,1.1182883689024263,-1.3752148929369463
0.1427662019338798,-0.43492424934208535,0.7183351884809657,0.5302261190825257,1.1186994506530588,-1.3745995215355593
0.14288405696749873,-0.4343413725417628,0.7179308635007491,0.5301807229942482,1.1191116801170606,-1.3739845190641524
0.1430015886444127,-0.4337575818331363,0.7175259552492417,0.530135696151431,1.1195250848359377,-1.3733699051764314
0.14311882304139356,-0.4331729278149856,0.7171205003510828,0.5300910383991371,1.1199395889574821,-1.3727556940772292
0.1432357480587556,-0.43258736385184315,0.7167144661976295,0.5300467498351484,1.120355249698494,-1.3721418599626487
0.1433523672828696,-0.43200090568317007,0.7163078643201404,0.5300028315721385,1.1207720486965618,-1.3715284121975702
0.14346868045833938,-0.43141355137308307,0.7159006937638721,0.5299592843562881,1.1211899883374967,-1.370915349538998
0.1435847022736505,-0.43082529825111593,0.7154929535255015,0.5299161069353462,1.1216090550329745,-1.3703026541112513
0.14370040795235672,-0.4302361134827278,0.715084620296305,0.5298733018538018,1.1220293073045007,-1.369690325406945
0.14381580564487217,-0.42964605219953006,0.7146757332884284,0.5298308714326357,1.122450684975513,-1.3690784004770742
0.14393091693307625,-0.4290551089879817,0.7142662897917251,0.5297888133811045,1.12287316929916,-1.3684668518076695
0.14404571550403888,-0.4284632310062326,0.7138562524846059,0.5297471295383036,1.1232968392030394,-1.3678556639916821
0.144160209039637,-0.4278704701696181,0.7134456583026934,0.5297058220671823,1.1237216380103363,-1.3672448718003796
0.1442744007355392,-0.42727682659417554,0.7130345078397844,0.529664891334551,1.124147562337999,-1.3666344719655095
0.14438828327313402,-0.426682295418736,0.7126227978927351,0.5296243388458766,1.1245746251988231,-1.3660244683242242
0.14450185975657703,-0.42608689628185287,0.7122105426883945,0.5295841658158799,1.1250028051109755,-1.3654148737327356
0.1446151306291501,-0.4254906302124681,0.7117977433728937,0.529544372973751,1.1254321009181982,-1.3648056885457598
0.144728112820935,-0.4248934932479579,0.711384398113176,0.5295049587412042,1.1258624976522675,-1.364196891556338
0.1448407835477683,-0.4242954445926568,0.7109704781637158,0.5294659250959685,1.1262940591704784,-1.3635884735962152
0.14495314994020214,-0.42369653207843117,0.7105560175496537,0.5294272738782649,1.1267267331786635,-1.3629804662643719
0.14506521336142253,-0.42309675654834805,0.7101410173200611,0.529389005681607,1.1271605176608064,-1.3623728687821661
0.14517697653513117,-0.4224961156956125,0.7097254763694174,0.5293511208025375,1.1275954120096652,-1.3617656763658332
0.14528843876521647,-0.4218946030505214,0.7093093905882935,0.5293136198118134,1.1280314233366662,-1.36115888447767
0.14539961112032618,-0.4212922165605717,0.7088927593081848,0.5292765019964895,1.1284685414209237,-1.3605524798117785
0.14551047946562834,-0.42068892990045975,0.7084755641804161,0.529239768874571,1.1289068069875192,-1.3599464559280934
0.1456210482938598,-0.4200847734091632,0.7080578269261792,0.5292034218031242,1.1293461869859898,-1.3593408327592937
0.1457313179620887,-0.41947974866042753,0.7076395490844227,0.5291674615330617,1.1297866798432161,-1.358735611205502
0.14584129005875202,-0.41887385687046497,0.7072207319827859,0.5291318886458651,1.1302282829333012,-1.3581307905749886
0.14595096188801282,-0.4182670968820646,0.7068013751681619,0.5290967041622509,1.1306710006664393,-1.3575263727562226
0.1460603314851392,-0.41765947878062903,0.7063814860411695,0.5290619094025136,1.1311148261442678,-1.3569223679090259
0.14616940049571214,-0.41705101420537677,0.7059610731892851,0.5290275052753433,1.1315597469533214,-1.3563187836236088
0.14627817008959187,-0.4164417051551016,0.7055401384703579,0.5289934923964168,1.132005760209133,-1.35571562020652
0.14638664019161762,-0.4158315513663542,0.7051186821308599,0.5289598714508594,1.1324528665404197,-1.3551128774336554
0.14649482773569966,-0.41522054987943036,0.7046967030500699,0.5289266409946525,1.1329010498995176,-1.3545105352449114
0.14660270985868662,-0.4146086591609907,0.7042741720866332,0.5288938031293899,1.1333503751375777,-1.353908584134787
0.14671029395821344,-0.41399592857013684,0.7038511242499759,0.5288613592872528,1.1338007881432435,-1.3533070559014815
0.14681758291498248,-0.4133823587674512,0.7034275605220381,0.5288293098203023,1.1342522853433648,-1.3527059479861312
0.14692458024413924,-0.4127679427455635,0.7030034765728326,0.5287976547737173,1.134704869600313,-1.3521052510795313
0.1470312845975439,-0.4121526698190083,0.7025788653764624,0.5287663946741936,1.1351585527051373,-1.3515049580146583
0.1471376801018316,-0.41153654675607715,0.7021537316174946,0.5287355322856292,1.135613346597002,-1.3509050905238567
0.14724379758955441,-0.41091961613669475,0.7017281062432481,0.5287050659125266,1.1360691769388578,-1.3503056505113218
0.14734960303532763,-0.4103018179503793,0.7013019469895565,0.5286749984445867,1.1365261385638437,-1.349706625312343
0.14745513484100092,-0.4096832177013612,0.7008753009463531,0.5286453279525687,1.1369841271280532,-1.349108027226381
0.1475603548756519,-0.4090637438155792,0.700448117718719,0.5286160575113307,1.1374432529496703,-1.348509838698786
0.14766529132314643,-0.40844347260909175,0.7000204515893507,0.528587186626754,1.1379034131360621,-1.347912091027357
0.14776993745896716,-0.4078223575224682,0.6995922704725235,0.528558715455785,1.1383646590723995,-1.34731475420598
0.1478742895538474,-0.4072004020289674,0.6991635771258373,0.5285306451888185,1.1388269920451994,-1.346717834726484
0.14797834810698296,-0.4065776211845949,0.6987343824683299,0.528502976811435,1.1392903977301478,-1.3461213438312192
0.1480821143746831,-0.4059540222324903,0.6983046920137133,0.5284757109979621,1.1397548682365486,-1.3455252857935804
0.1481855888244925,-0.40532960699183346,0.6978745074879931,0.5284488483666819,1.1402204016333666,-1.3449296614177606
0.14828877192772927,-0.4047043772952321,0.6974438306270856,0.5284223895303126,1.1406869959720285,-1.3443344715018075
0.148391680344643,-0.40407832962083023,0.6970126599220912,0.5283963331696667,1.1411546358854914,-1.3437396962001467
0.14849429112047785,-0.4034514217477516,0.6965809658948214,0.5283706815341614,1.1416233872127133,-1.343145325748468
0.14859661193171148,-0.4028237048289235,0.6961487846971424,0.528345435577444,1.1420931937484116,-1.3425513922386607
0.14869864326196236,-0.40219518074430405,0.6957161181008349,0.5283205958942397,1.1425640534847668,-1.3419578964732286
0.14880038913612648,-0.4015658501997939,0.695282967166408,0.5282961626632282,1.1430359614742962,-1.3413648347617664
0.14890184695797748,-0.40093570469588724,0.6948493263891238,0.5282721366039446,1.1435089289117426,-1.3407722029642055
0.14900301783042114,-0.4003047506895186,0.6944152007349169,0.5282485183404306,1.1439829488068103,-1.3401800048348458
0.14910390221491454,-0.3996729902376065,0.6939805921028985,0.5282253084694746,1.144458019010129,-1.339588241349894
0.1492045005772371,-0.3990404254068516,0.6935455023994952,0.5282025075821583,1.1449341373577835,-1.338996913478605
0.14930481559223363,-0.39840705752629135,0.6931099330836634,0.5281801160146058,1.145411299851155,-1.338406019393982
0.149404843209072,-0.39777288301159214,0.6926738820248413,0.5281581347364247,1.1458895147649593,-1.3378155602413453
0.14950458584143878,-0.3971379147625064,0.6922373586837378,0.5281365643079959,1.1463687675894345,-1.337225543382107
0.14960404479228817,-0.3965021535336808,0.6918003640830976,0.5281154051839636,1.146849056428468,-1.3366359679048732
0.14970321977859902,-0.3958655985291695,0.6913628981297801,0.5280946579605076,1.1473303826480274,-1.3360468332921092
0.1498021111070691,-0.3952282530014678,0.6909249635486558,0.52807432323447,1.1478127431576224,-1.3354581415516265
0.14990071985489273,-0.3945901199815772,0.6904865629328159,0.5280544015111668,1.1482961341910192,-1.334869893739754
0.14999904692296395,-0.39395120005957185,0.6900476971833238,0.5280348932742266,1.148780554463762,-1.3342820892156704
0.15009709247372216,-0.39331149350916267,0.6896083669632969,0.5280157990783987,1.1492660038327736,-1.3336947278326479
0.15019485195230953,-0.39267100442277453,0.6891685754445378,0.5279971200122472,1.149752483997584,-1.3331078170493726
0.15029233385159602,-0.39202974911700383,0.6887283346037738,0.5279788559652439,1.1502399702699326,-1.3325213606695419
0.15038953602165472,-0.3913877120685458,0.6882876341273567,0.5279610075056587,1.1507284799209365,-1.3319353487551624
0.15048645895400092,-0.3907448956206841,0.6878464761207241,0.5279435751692135,1.1512180104958205,-1.331349782408051
0.15058310029772803,-0.3901013030980762,0.6874048632886787,0.5279265597830156,1.1517085618880734,-1.330764666273582
0.15067946119715314,-0.3894569461597968,0.6869628041839424,0.5279099618985528,1.152200122188272,-1.3301800078557817
0.1507755425714552,-0.3888118293972551,0.6865203024714948,0.5278937819959999,1.152692686350091,-1.3295958094851659
0.15087134498040777,-0.38816595494935524,0.686077360113484,0.527878020558352,1.153186252031724,-1.3290120719708656
0.15096686898678247,-0.387519324962368,0.6856339790776618,0.5278626780643532,1.1536808168809294,-1.3284287961238441
0.15106211515633783,-0.38687194159010824,0.6851901613374931,0.5278477549884744,1.1541763785348575,-1.3278459827568163
0.15115709999156568,-0.38622380135805423,0.6847459054189478,0.5278332501993155,1.1546729215319103,-1.3272636128108046
0.15125180049859122,-0.3855748606501894,0.6843011811144062,0.5278191661555337,1.1551705134317747,-1.3266816757427022
0.15134622483935578,-0.3849251729271376,0.6838560259802211,0.5278055029979213,1.155669095157278,-1.3261002036517686
0.15144037359261908,-0.3842747403777752,0.6834104420157932,0.52779226118218,1.156168664296684,-1.3255191973469416
0.1515342473405914,-0.3836235652006966,0.6829644312275271,0.5277794411588167,1.1566692184246992,-1.3249386576333495
0.15162784666789175,-0.38297164960174634,0.6825179956273466,0.5277670433747031,1.1571707551065744,-1.3243585853226287
0.15172117216225267,-0.38231899579600725,0.6820711372338844,0.5277550682719544,1.1576732718950002,-1.3237789812256635
0.15181422441474357,-0.38166560600856075,0.6816238580729337,0.5277435162875437,1.1581767663289861,-1.3231998461501713
0.1519070198790855,-0.3810114767592397,0.681176156665952,0.5277323863499056,1.1586812229439585,-1.322621161267871
0.15199953555373247,-0.380356564035395,0.6807280026037996,0.5277216809843415,1.1591867097842694,-1.322042915823046
0.1520917797307657,-0.3797009219184196,0.6802794338094982,0.527711400095978,1.1596931669959338,-1.321465141904417
0.15218375301242348,-0.3790445526698469,0.679830452335505,0.5277015441045284,1.160200592070298,-1.320887840329015
0.1522754560045092,-0.37838745856267747,0.6793810602422918,0.5276921134240108,1.1607089824831658,-1.3203110119076291
0.15236688931480735,-0.3777296418775031,0.6789312595960229,0.5276831084651624,1.1612183357011512,-1.3197346574606001
0.15245805497796416,-0.37707110438712177,0.6784810521511764,0.5276745295040153,1.1617286480112163,-1.3191587760484735
0.15254895304121296,-0.3764118436241089,0.678030436697588,0.5276663769978743,1.1622399219686383,-1.3185833655176402
0.1526395840116188,-0.37575186143333017,0.6775794150022554,0.5276586513631749,1.1627521555625937,-1.3180084264667553
0.15272994848431098,-0.375091160243457,0.6771279892358528,0.5276513530040913,1.1632653461338958,-1.3174339598384142
0.15282004705671204,-0.3744297424929558,0.6766761615760966,0.5276444823208937,1.163779491011642,-1.3168599665832275
0.15290988032969688,-0.3737676106328809,0.6762239342093821,0.5276380397081503,1.1642945875085928,-1.3162864476481166
0.1529994489067934,-0.3731047671246911,0.6757713093294537,0.5276320255559718,1.1648106329245917,-1.3157134039842848
0.15308875339440897,-0.37244121444070805,0.6753182891376497,0.5276264402496552,1.1653276245457462,-1.3151408365448507
0.1531777944016679,-0.3717769550635831,0.6748648758425606,0.5276212841699366,1.165845559645201,-1.3145687462864146
0.15326657254084486,-0.3711119914872979,0.6744110716605967,0.5276165576923119,1.1663644354814493,-1.3139971341646248
0.15335508842693368,-0.370446326215979,0.6739568788152592,0.5276122611876982,1.166884249300177,-1.3134260011384031
0.15344334276172544,-0.36977996173209027,0.6735022995174722,0.527608395015639,1.1674049982661652,-1.3128553480682081
0.15353133619045378,-0.36911290025166527,0.6730473357939988,0.5276049595370168,1.1679266798586767,-1.3122851756647955
0.15361907557619636,-0.36844514172436854,0.6725919882754696,0.5276019546056325,1.1684492864306293,-1.3117154771283173
0.15370654214542823,-0.3677766735030301,0.6721362483213742,0.5275993823105881,1.168972852004157,-1.3111462606764706
0.15379375339209966,-0.36710754989329597,0.6716801540626611,0.5275972412084613,1.1694973056777216,-1.3105775490213907
0.1538807052584712,-0.3664377443403676,0.671223687694241,0.5275955322231163,1.170022677335272,-1.310009326327204
0.15396739861328168,-0.36576726050595615,0.6707668522360937,0.5275942556543638,1.1705489628421055,-1.3094415941158717
0.15405383413210494,-0.36509610074870313,0.6703096498108998,0.5275934118240954,1.1710761595080201,-1.308874353144213
0.15414002812247984,-0.36442426148551593,0.6698520788616857,0.5275929998540713,1.17160425193752,-1.308307585258033
0.15422595758881874,-0.3637516974398891,0.669394108346419,0.5275930224837337,1.1721333096739777,-1.307741278986376
0.1543116312188748,-0.36307846445048025,0.6689357771837239,0.5275934788697847,1.1726632706156987,-1.3071754663029567
0.1543970340976255,-0.36240457087180145,0.6684770912152715,0.5275943704771061,1.1731941447001961,-1.3066101667931393
0.15448220891762343,-0.36173005986796464,0.6680180814773071,0.5275956937932361,1.1737258418816945,-1.3060453714267177
0.15456712098331415,-0.36105482376568837,0.6675586740169162,0.5275974532259622,1.1742585038438942,-1.3054810347037717
0.15465178008783287,-0.36037892644754005,0.6670989132421581,0.52759964764231,1.174792059639033,-1.3049171932086945
0.1547361868767685,-0.3597023707324275,0.6666388015904325,0.527602277333265,1.1753265061791238,-1.304353848052262
0.15482034199957706,-0.35902515943496527,0.6661783414960247,0.5276053425850254,1.1758618403754912,-1.3037910003369555
0.15490424610972076,-0.35834729536879106,0.665717535392258,0.5276088436783716,1.1763980591352758,-1.3032286511547644
0.1549878992684226,-0.35766878157780685,0.6652563858553275,0.5276127809310382,1.176935159845031,-1.3026668023106458
0.15507130250860923,-0.3569896229312875,0.6647948967296378,0.5276171545526384,1.177473137042291,-1.302105456007023
0.15515445653271387,-0.35630982201942013,0.6643330702952617,0.5276219648066943,1.178011987785518,-1.30154461312101
0.15523736578916925,-0.355629379940189,0.6638709079025755,0.5276272117034742,1.1785517061288913,-1.300984270030871
0.15532002505365883,-0.35494828766040143,0.6634084037667551,0.52763289614108,1.1790923069747687,-1.3004244248013084
0.1554024370959013,-0.3542665615692303,0.6629455696289872,0.5276390179908078,1.1796337720330168,-1.2998650862303258
0.1554846026178942,-0.3535842042932448,0.6624824077930294,0.5276455774989898,1.180176098327709,-1.29930625521781
0.15556652232443513,-0.35290121847040956,0.662018920570028,0.5276525749065799,1.180719282868311,-1.2987479326606444
0.155648197195561,-0.3522176066376291,0.6615551102086181,0.5276600104345579,1.1812633224351248,-1.298190119143003
0.1557296277436988,-0.35153337050230354,0.6610909783812322,0.5276678843488031,1.1818082151347402,-1.2976328150791234
0.1558108146408408,-0.3508485129283676,0.6606265275519809,0.5276761968791729,1.1823539578032884,-1.29707602156457
0.15589175856681114,-0.3501630368414942,0.6601617602265919,0.5276849482484407,1.1829005472093288,-1.2965197397235118
0.15597246093945216,-0.34947694489356257,0.6596966787408309,0.5276941386307333,1.1834479795074127,-1.2959639698203254
0.15605292480050803,-0.3487902363243014,0.6592312831455569,0.5277037681647614,1.1839962521308982,-1.2954087082661425
0.15613313392833916,-0.3481029104446342,0.6587655731060611,0.5277138382866586,1.1845453851761658,-1.2948539688953526
0.1562131127180062,-0.3474150191231321,0.6582995849458517,0.5277243464734406,1.1850953015877799,-1.2942997657422763
0.15629285357109302,-0.3467265104350976,0.6578332836727507,0.5277352947307378,1.1856460592725055,-1.2937460689231455
0.15637235716844167,-0.3460373873704487,0.6573666718395597,0.5277466832767755,1.1861976549348519,-1.2931928796356684
0.15645162419325231,-0.34534765291415886,0.6568997519955402,0.5277585123271155,1.1867500852816277,-1.2926401990839105
0.15653063997258387,-0.34465731625913276,0.6564325305662795,0.5277707829198196,1.1873033593634008,-1.2920880465143694
0.15660942892493424,-0.3439664295037677,0.6559650439753701,0.5277834924398253,1.1878573998163298,-1.2915364360476629
0.1566879833378021,-0.3432749404624706,0.6554972570993405,0.5277966430060387,1.1884122649533937,-1.2909853378952139
0.15676629942000542,-0.34258285424777113,0.6550291738311578,0.5278102350372825,1.188967954784701,-1.2904347587050746
0.15684437878527557,-0.34189019088825023,0.6545608083022265,0.5278242681882398,1.1895244489512986,-1.2898847106375204
0.1569222300282065,-0.34119695625991037,0.6540921651814227,0.5278387420447503,1.1900817320785009,-1.2893351898092644
0.15699984304735182,-0.3405031308186838,0.6536232314891506,0.5278536580629799,1.1906398347572107,-1.2887861913332421
0.15707723243958904,-0.3398087387888704,0.6531540244708842,0.5278690149564519,1.1911987172995808,-1.288237718750752
0.15715438674569748,-0.33911374936429023,0.6526845234927388,0.5278848146069406,1.1917584224674782,-1.2876897606283073
0.15723131035666826,-0.33841818973425586,0.6522147475871201,0.5279010562490828,1.192318919891476,-1.2871423315812585
0.15730800451447813,-0.33772206265660865,0.6517446991487343,0.5279177400060284,1.192880205826116,-1.2865954321229667
0.15738446754988678,-0.33702537012067346,0.6512743799894283,0.5279348661894748,1.1934422807023868,-1.2860490647861234
0.15746070143417024,-0.3363281228579293,0.6508037979181274,0.5279524346190146,1.1940051324374463,-1.2855032349155437
0.15753670693620636,-0.3356303236473583,0.6503329553283668,0.5279704454209426,1.1945687578270154,-1.2849579434300247
0.15761248482561996,-0.33493197527856866,0.6498618546203754,0.5279888987182493,1.1951331536558527,-1.284413191259786
0.15768805109416606,-0.3342330742154734,0.64939049422861,0.5280077939957545,1.1956983045272875,-1.2838689617376036
0.15776338277765367,-0.33353357347254253,0.6489188423945351,0.5280271343950488,1.1962642821048637,-1.2833252425298827
0.15783848912512966,-0.33283353189981396,0.6484469396325157,0.5280469177148175,1.196831020547949,-1.2827820655622053
0.15791337091136626,-0.3321329523351008,0.6479747883728639,0.5280671440614587,1.1973985165885235,-1.2822394317900463
0.15798802891113217,-0.3314318376249434,0.6475023910513773,0.5280878135392217,1.1979667669506426,-1.2816973421874833
0.1580624639007171,-0.3307301906284308,0.6470297501115265,0.528108926247661,1.1985357683442295,-1.2811557977316523
0.1581366766570258,-0.3300280142149129,0.6465568680031111,0.5281304822831249,1.1991055174687688,-1.2806147994118495
0.15821066795847116,-0.32932531126622755,0.6460837471835208,0.5281524817372518,1.1996760110096805,-1.2800743482203751
0.15828443858368768,-0.32862208467345594,0.6456103901158388,0.5281749246990934,1.2002472456435602,-1.2795344451654782
0.15835798931295475,-0.32791833734047743,0.6451367992708676,0.5281978112527271,1.200819218032401,-1.2789950912568304
0.15843132290222872,-0.3272140713414525,0.6446629765978331,0.5282211414140072,1.201391923256519,-1.2784562852613213
0.15850443933472924,-0.3265092820655089,0.6441889194809423,0.5282449155976553,1.2019653659725584,-1.277918023812715
0.15857733920502648,-0.3258039712010728,0.6437146295698626,0.5282691339516031,1.2025395442028999,-1.2773803073030554
0.1586500232899959,-0.32509814164804146,0.6432401093345166,0.5282937965639363,1.2031144546157813,-1.2768431367797553
0.15872247727592548,-0.324391802777705,0.6427653653154253,0.5283189039699441,1.2036901058631873,-1.2763065304832892
0.1587947256333564,-0.3236850079279982,0.6422904344218181,0.5283444530304976,1.2042664189831527,-1.2757705031109035
0.15886676020706458,-0.3229777035969983,0.6418152809224482,0.5283704465154703,1.2048434542092654,-1.2752350253816478
0.15893858279856987,-0.32226989371772274,0.6413399079990394,0.5283968844092338,1.2054212060134397,-1.2747000981790488
0.1590101932857002,-0.3215615783452059,0.640864316184178,0.5284237669454777,1.2059996748068285,-1.2741657214238533
0.15908159095275876,-0.3208527628433122,0.6403885095741217,0.5284510941543477,1.2065788567347255,-1.273631899084255
0.15915278106847808,-0.32014345531622196,0.639912494218493,0.5284788656736364,1.2071587381995532,-1.2730986319106627
0.15922374563920805,-0.31943365283180053,0.6394362683056025,0.5285070826283865,1.2077393438475172,-1.2725659328531238
0.15929451166980746,-0.31872341504175655,0.638959872950883,0.5285357413895512,1.2083205856665367,-1.2720338186689684
0.15936507100981423,-0.31801268193965077,0.6384832681242232,0.528564845172349,1.2089025300226433,-1.2715022560188864
0.15943542403636668,-0.3173014542953323,0.6380064548502213,0.5285943941569446,1.2094851760583787,-1.270971244925519
0.15950555651675424,-0.31658974192082323,0.637529439965927,0.5286243886971083,1.21006853198573,-1.2704408035892438
0.1595754929286186,-0.3158775989076452,0.6370522607484075,0.5286548254651433,1.2106525179870404,-1.2699109471897867
0.15964522533331804,-0.315164971259095,0.6365748812594347,0.5286857074905233,1.2112371945610134,-1.2693816463690566
0.15971475449050576,-0.31445186226084965,0.6360973042181839,0.5287170348098917,1.2118225580306983,-1.2688529025083914
0.15978406620970764,-0.31373828178982255,0.6356195365027588,0.528748807707277,1.2124086165219234,-1.268324733709617
0.1598531793160496,-0.313024286610204,0.6351416170300404,0.52878102287359,1.2129952944621791,-1.267797161570023
0.159922094090156,-0.3123098421852225,0.6346635231010946,0.5288136821385332,1.2135826242259593,-1.2672701628623968
0.15999080839879776,-0.31159493288178197,0.6341852446799234,0.5288467865476704,1.214170623364701,-1.266743728893657
0.16005932321027272,-0.31087956201961137,0.6337067845040703,0.5288803361045776,1.2147592879170297,-1.2662178608978403
0.16012762930835,-0.3101637365942456,0.6332281475993047,0.5289143309796952,1.2153486227480665,-1.26569257087137
0.16019573738109516,-0.30944749641060104,0.6327493613115887,0.52894876892706,1.2159385779533083,-1.265167875925528
0.1602636442787717,-0.3087308297565432,0.6322704182131362,0.5289836508007747,1.2165291686390935,-1.2646437707407385
0.16033136120795755,-0.3080137417782043,0.6317913224171594,0.5290189761085252,1.2171203767771979,-1.2641202493369417
0.16039887512158302,-0.30729620259061724,0.6313120541759933,0.5290547470317367,1.2177122464724144,-1.2635973026872835
0.16046619250322847,-0.30657824714335435,0.6308326374832776,0.5290909616741954,1.2183047374278877,-1.2630749481411685
0.1605333184240303,-0.30585987344736393,0.6303530715682406,0.5291276201327967,1.2188978457054243,-1.2625531801107093
0.16060024507424275,-0.30514106886178066,0.6298733483271821,0.5291647235030313,1.2194915929233303,-1.262031996557969
0.1606669775560703,-0.3044218589080768,0.6293934853961916,0.5292022703892023,1.2200859492892588,-1.261511409772579
0.16073351751603893,-0.3037022429416607,0.6289134828450371,0.5292402609191983,1.2206809137387258,-1.2609914178377684
0.1607998784920741,-0.30298221286207655,0.6284333359522489,0.529278695304904,1.2212764778180216,-1.260472004483361
0.16086604066809684,-0.30226172446430477,0.627953015351661,0.5293175768048943,1.2218727073091993,-1.2599531569831544
0.16093200877143987,-0.30154083175437757,0.6274725576961036,0.5293569024105542,1.2224695461315624,-1.2594349063676773
0.1609977893411787,-0.3008195503578918,0.6269919739991816,0.5293966711860996,1.2230669720247866,-1.2589172573422203
0.16106338102892392,-0.3000978693956407,0.6265112574487652,0.529436883938248,1.2236649971549851,-1.2584002038484419
0.16112878464149638,-0.2993757921597678,0.6260304107319783,0.5294775406035401,1.2242636177772261,-1.2578837472543456
0.16119400098517866,-0.29865332194834143,0.6255494365386509,0.5295186411165367,1.2248628301418518,-1.257367888946356
0.16125903086775972,-0.29793046207043405,0.6250683375641586,0.529560185406257,1.2254626304861855,-1.2568526303082346
0.16132387509647161,-0.29720721584092025,0.6245871165064596,0.5296021733997325,1.2260630150429508,-1.2563379727420303
0.1613885344793804,-0.2964835865839118,0.6241057760680042,0.5296446050195804,1.2266639800346504,-1.2558239176536967
0.1614530098243545,-0.29575957763013805,0.6236243189542292,0.5296874801857746,1.2272655216777877,-1.2553104664634964
0.1615172790615702,-0.29503520289048035,0.6231427545804444,0.5297307986608564,1.2278676540420532,-1.2547976453154588
0.16158138026907176,-0.29431054609494317,0.6226611397213806,0.5297745544738076,1.2284702525866953,-1.2542854774812913
0.1616453000490643,-0.2935855176408938,0.6221794149564,0.5298187535774616,1.2290734180383975,-1.2537739162424875
0.16170903918004376,-0.29286012112552523,0.6216975831623985,0.5298633958664335,1.2296771463977827,-1.2532629632320864
0.16177259843509928,-0.2921343601918413,0.6212156472448767,0.5299084812291034,1.230281433628812,-1.2527526201210952
0.16183597857978294,-0.29140823854048054,0.620733610145741,0.5299540095469241,1.2308862756503278,-1.2522428886285275
0.1618991866242987,-0.290681757025245,0.62025147299935,0.5299999807698578,1.2314916634534194,-1.2517337638313215
0.1619622132530507,-0.2899548973141052,0.6197692239619914,0.5300463964110292,1.2320976259185683,-1.25122524137002
0.1620250624004953,-0.2892276886529587,0.6192868830012479,0.5300932546284711,1.2327041311170688,-1.2507173366956228
0.16208773180795255,-0.2885001391508468,0.6188044559379899,0.5301405550411938,1.2333111745117031,-1.250210056644178
0.16215022612043306,-0.2877722656872552,0.6183219545047876,0.5301882965513085,1.2339187349156873,-1.249703408237315
0.16221254082421765,-0.2870440670584415,0.6178393782949532,0.5302364794008116,1.2345268192887802,-1.2491973941371912
0.16227469729675503,-0.28631555569305756,0.6173567362931118,0.5302851025256624,1.235135390211026,-1.248692005733906
0.16233666300130611,-0.28558667323165565,0.6168739898056499,0.5303341704950388,1.2357445425179747,-1.2481872313229707
0.1623984670613634,-0.2848575064942543,0.6163911972723417,0.5303836770590037,1.2363541594461158,-1.2476831031101914
0.16246010127761323,-0.2841280000435054,0.6159083222668826,0.5304336262545404,1.2369643034035305,-1.2471795926300766
0.16252155187386386,-0.28339816438842874,0.6154253720465395,0.5304840176429491,1.2375749816722965,-1.2466767169835848
0.16258284323315353,-0.2826680553785772,0.6149423843838826,0.5305348470968331,1.238186112326112,-1.246174492542359
0.16264396714057172,-0.28193761748918905,0.6144593228290858,0.5305861187247997,1.2387977578916387,-1.2456728909179449
0.16270490984821961,-0.28120686126807337,0.6139761946606166,0.5306378320364034,1.2394099255967652,-1.2451719291374244
0.16276569572706379,-0.28047584265132863,0.6134930376600778,0.5306899828538355,1.2400225334120505,-1.2446716236449955
0.162826316547672,-0.279744506030696,0.6130098153567594,0.5307425753561379,1.2406356439774597,-1.24417194612337
0.1628867683182511,-0.27901285731497266,0.6125265320719926,0.5307956092691574,1.2412492569554807,-1.243672903346874
0.16294705895892303,-0.27828091769101215,0.6120432023677931,0.5308490830836359,1.2418633430710768,-1.2431745026116998
0.16300717823052402,-0.2775486779124075,0.6115598204577068,0.5309029976529521,1.242477923881259,-1.24267674593239
0.16306713765242575,-0.2768161736441516,0.611076410497148,0.530957350331801,1.2430929520890126,-1.2421796468426667
0.16312693764929476,-0.276083384797063,0.61059295965073,0.5310121426998431,1.2437084463802346,-1.2416831927124439
0.163186573712232,-0.27535030427286394,0.6101094636242999,0.5310673754157839,1.2443244192822949,-1.2411873826343807
0.16324604863275782,-0.27461694983136364,0.6096259346247468,0.5311230472145253,1.2449408510111415,-1.2406922256067607
0.163305363314588,-0.27388332573249996,0.6091423759138506,0.5311791578492683,1.2455577367839457,-1.2401977236976989
0.16336451856390788,-0.2731494355933707,0.6086587903256078,0.5312357071201805,1.2461750725416314,-1.2397038786633083
0.1634235116156364,-0.27241528477507854,0.6081751818034573,0.5312926946940216,1.2467928569696138,-1.2392106959439755
0.16348235016474755,-0.27168088939441876,0.6076915614910217,0.5313501193647295,1.247411065799376,-1.2387181798909055
0.16354103160651823,-0.27094623415211266,0.6072079197024176,0.5314079824065211,1.2480297169417514,-1.2382263231969313
0.1635995555956642,-0.2702113254121651,0.6067242610635395,0.5314662833952883,1.2486488051691271,-1.2377351301596307
0.16365792386554645,-0.2694761728411792,0.6062405923928598,0.5315250216336079,1.249268319594375,-1.2372446055770234
0.16371613722768252,-0.2687407800418599,0.6057569164989403,0.5315841968983066,1.2498882561633415,-1.2367547512150416
0.16377419649353575,-0.26800515060929964,0.6052732361831983,0.5316438089648817,1.2505086108290275,-1.2362655688470343
0.16383210247567348,-0.2672692881335756,0.604789554241294,0.5317038576054636,1.251129379547148,-1.2357770602415705
0.1638898559862727,-0.26653319619570254,0.6043058734608637,0.5317643425915444,1.2517505582824962,-1.2352892271776645
0.1639474578383151,-0.26579687837031474,0.60382219662295,0.5318252636918774,1.252372143004371,-1.23480207143222
0.16400490884538943,-0.26506033822486247,0.6033385265015196,0.5318866206728731,1.2529941296876583,-1.2343155947818112
0.16406222414600258,-0.2643235721827618,0.6028548613071387,0.5319484139769162,1.2536165033753532,-1.2338297844953636
0.16411938108683,-0.26358653100163393,0.6023711689045592,0.5320106477090221,1.2542393386268744,-1.2333446273248942
0.16417638959814962,-0.2628492780978706,0.6018874914861221,0.5320733166931898,1.254862563894758,-1.2328601547228044
0.16423325049466575,-0.2621118170041987,0.6014038317940182,0.5321364206896642,1.2554861751842872,-1.2323763684786293
0.16428996459151923,-0.26137415124415736,0.6009201925620591,0.5321999594569082,1.256110168508493,-1.2318932703823087
0.16434653270398902,-0.26063628433103786,0.600436576515051,0.5322639327521873,1.2567345398896568,-1.2314108622270241
0.16440295564745266,-0.25989821976746635,0.5999529863685331,0.5323283403317005,1.257359285359764,-1.2309291458094294
0.16445923423802356,-0.259159961046691,0.5994694248294388,0.5323931819494725,1.2579844009582004,-1.2304481229227926
0.16451536929150068,-0.25842151164963184,0.5989858945944455,0.532458457359316,1.2586098827363192,-1.2299677953677004
0.16457136162417108,-0.2576828750465783,0.5985023983508644,0.5325241663134322,1.2592357267544707,-1.2294881649435223
0.1646272120525789,-0.25694405469630677,0.5980189387761208,0.5325903085628776,1.2598619290832178,-1.2290092334505658
0.16468292139323104,-0.25620505404502564,0.5975355185371414,0.5326568838581621,1.260488485804834,-1.2285310026929572
0.16473849046321964,-0.2554658765276396,0.5970521402910085,0.5327238919481668,1.2611153930110413,-1.2280534744719347
0.16479392007922655,-0.254726525564945,0.596568806683395,0.5327913325820144,1.2617426468073494,-1.2275766505959989
0.164849211058816,-0.2539870045665804,0.5960855203501372,0.5328592055067665,1.2623702433080648,-1.2271005328672515
0.16490436421876709,-0.25324731692654623,0.5956022839147628,0.532927510470525,1.2629981786433573,-1.2266251230985394
0.16495938037686653,-0.25250746602741747,0.595119099990749,0.5329962472192098,1.2636264489522213,-1.2261504230945837
0.1650142604429865,-0.2517674551889832,0.5946359711490092,0.5330654155052263,1.2642550503186643,-1.2256764345757967
0.16506900608427344,-0.2510272869043758,0.5941528994232947,0.5331350151692766,1.2648839786658246,-1.2252031582670604
0.16512361531867503,-0.25028696177385035,0.5936698855855518,0.5332050461654111,1.2655132362216424,-1.2247305962810209
0.16517809171757047,-0.24954649185166222,0.5931869379200605,0.5332755074713269,1.2661428075478163,-1.2242587536853118
0.16523243512920116,-0.24880587487916908,0.5927040553386704,0.5333463993340013,1.2667726952947256,-1.223787629681218
0.16528664644481994,-0.24806511463250033,0.5922212406983614,0.5334177214546423,1.2674028951384677,-1.223317226317389
0.16534072648258835,-0.24732421439001792,0.5917384965282506,0.533489473577598,1.2680334033139438,-1.2228475454053194
0.1653946760599072,-0.2465831774121841,0.5912558253436695,0.5335616554486988,1.2686642160739763,-1.2223785887651755
0.1654484959948035,-0.24584200694483843,0.5907732296479136,0.5336342668127444,1.269295329683833,-1.221910358211067
0.16550218710473352,-0.2451007062160028,0.5902907119304956,0.5337073074157515,1.2699267404262888,-1.2214428555633454
0.16555575020744007,-0.24435927843783645,0.5898082746681819,0.5337807770034229,1.270558444598308,-1.2209760826394649
0.16560918612039277,-0.24361772680507848,0.5893259203241352,0.5338546753222142,1.271190438513464,-1.2205100412596026
0.1656624956609538,-0.24287605449530306,0.588843651348038,0.5339290021190689,1.2718227185014144,-1.2200447332447353
0.1657156796462984,-0.24213426466858767,0.5883614701758997,0.534003757141599,1.2724552809083358,-1.2195801604172534
0.16576873889363553,-0.24139236046794957,0.5878793792302788,0.5340789401377076,1.2730881220961385,-1.2191163245984526
0.1658216742198122,-0.24065034501825164,0.5873973809196888,0.5341545508563544,1.2737212384441632,-1.2186532276124806
0.1658744888221917,-0.23990822017120056,0.5869154768344604,0.5342305892411985,1.2743546245674984,-1.2181908690145307
0.1659271808816296,-0.23916597930201683,0.5864336630356131,0.5343070559570658,1.2749882893106599,-1.2177292467672318
0.16597974650256164,-0.23842363295394237,0.5859519467273984,0.5343839498720142,1.2756222279348761,-1.217268370063878
0.16603219357995114,-0.23768120570895562,0.5854703442665226,0.534461268745884,1.276256407787581,-1.2168082485003535
0.16608452036874466,-0.23693868552648523,0.58498884818923,0.5345390137797932,1.276890842725579,-1.2163488768875423
0.16613672760099218,-0.23619607664160613,0.5845074616078776,0.5346171845942125,1.2775255281865885,-1.215890257796101
0.16618881600862068,-0.23545338326938162,0.5840261876185915,0.5346957808088696,1.2781604596272262,-1.2154323937967795
0.16624078632401673,-0.2347106096074346,0.5835450293027511,0.5347748020414602,1.2787956325195364,-1.214975287454071
0.1662926392793045,-0.23396775983515203,0.5830639897266563,0.5348542479088104,1.2794310423529476,-1.2145189413335136
0.16634437560675197,-0.23322483811563552,0.5825830719426603,0.5349341180259429,1.2800666846316984,-1.2140633579971645
0.16639599603871513,-0.23248184859639656,0.5821022789896166,0.535014412006025,1.2807025548742452,-1.2136085400039325
0.16644750130689934,-0.2317387954082696,0.5816216138923691,0.5350951294616076,1.281338648615525,-1.213154489917089
0.16649889214337055,-0.23099568266864498,0.5811410796635397,0.535176270002597,1.2819749614021436,-1.2127012102933805
0.16655016927931765,-0.23025251447899114,0.5806606793022642,0.535257833238454,1.2826114887968045,-1.2122487036957985
0.1666013334523626,-0.2295092949243751,0.5801804157936119,0.535339818776916,1.283248226369164,-1.2117969726774591
0.1666523845371808,-0.22876602851231523,0.579700292390106,0.5354222261434334,1.2838851703692424,-1.211346020573524
0.16670332551426714,-0.22802272211512972,0.5792203138753003,0.5355050547226191,1.284522310933941,-1.2108958501322151
0.1667541551560343,-0.22727937287322056,0.5787404787340706,0.5355883047933151,1.2851596526372147,-1.2104464612448116
0.16680487474857664,-0.226535988489307,0.5782607922763758,0.5356719755799535,1.2857971869508806,-1.2099978581941324
0.1668554850200854,-0.22579257298522043,0.577781257429766,0.5357560666830562,1.2864349095149037,-1.209550043551809
0.16690598669858447,-0.22504913037163468,0.5773018771110878,0.5358405777007651,1.2870728159794889,-1.209103019886594
0.16695638051146844,-0.2243056646471721,0.5768226542260244,0.5359255082296527,1.287710902006705,-1.208656789768993
0.16700666718490087,-0.22356217979711177,0.5763435916684303,0.536010857865817,1.2883491632727249,-1.2082113557774339
0.16705684744478955,-0.2228186797960565,0.5758646923217565,0.5360966262029868,1.2889875954636147,-1.2077667204877156
0.16710692201608035,-0.2220751686063223,0.5753859590582058,0.5361828128338185,1.2896261942780571,-1.2073228864802674
0.16715689162252367,-0.22133165017750323,0.5749073947385142,0.5362694173503078,1.2902649554281498,-1.2068798563424086
0.16720675698772647,-0.22058812844924008,0.5744290022134164,0.5363564393417614,1.2909038746349728,-1.2064376326570094
0.16725653261972262,-0.21984459974210907,0.573950779439266,0.5364438799258665,1.291542937517125,-1.2059962056095521
0.16730619622143905,-0.2191010147956547,0.5734726950482323,0.5365317437467636,1.2921822188643002,-1.2055555621618288
0.16735575772780686,-0.2183574382834721,0.5729947909615212,0.5366200238840138,1.292821645547069,-1.2051157330946751
0.1674052178586396,-0.21761387409867752,0.5725170699865498,0.5367087199223423,1.2934612133343966,-1.2046767210079719
0.16745457733251312,-0.21687032612198331,0.5720395349194372,0.5367978314457802,1.2941009180083842,-1.2042385285077473
0.16750383791712808,-0.2161267976373815,0.5715621881697948,0.5368873581600137,1.2947407545964065,-1.2038011572716685
0.16755299752383124,-0.21538328902503937,0.5710850302815413,0.5369772999132676,1.2953807257098353,-1.2033646096431923
0.16760205932698025,-0.21463981283768996,0.5706080696054772,0.537067655388708,1.2960208158610675,-1.2029288915839382
0.16765102333716175,-0.2138963682625255,0.5701313059114501,0.5371584246743931,1.2966610261499918,-1.2024940035708118
0.16769990397380052,-0.21315295144323876,0.5696547370096376,0.537249609008779,1.297301342434678,-1.2020599361580515
0.1677486810052824,-0.2124095119436168,0.5691783308969713,0.5373412133660794,1.29794183811123,-1.2016266745449617
0.16779735074562163,-0.21166611241745528,0.5687021280372939,0.5374332300710435,1.2985824590297166,-1.2011942559908693
0.1678459358709028,-0.21092280343015565,0.5682261610648869,0.5375256542611877,1.2992231292741225,-1.200762695976032
0.16789442787997677,-0.21017952787097563,0.567750393692676,0.5376184923348314,1.2998639138017303,-1.2003319693092769
0.1679428274781536,-0.2094362894178232,0.5672748285653606,0.5377117439067256,1.300504808602857,-1.1999020786514307
0.16799113537007582,-0.20869309174135342,0.566799468319483,0.5378054085892437,1.3011458096750277,-1.1994730266619071
0.1680393522582917,-0.20794993850155907,0.5663243155816633,0.5378994859950732,1.3017869130286304,-1.1990448160136757
0.16808747884444175,-0.20720683335094645,0.5658493729702656,0.5379939757348849,1.302428114681873,-1.198617449380467
0.16813551582803754,-0.2064637799316252,0.565374643093894,0.5380888774196452,1.303069410665627,-1.1981909294496098
0.16818346390721395,-0.20572078187738124,0.5649001285524808,0.5381841906591138,1.3037107970201613,-1.1977652589138235
0.16823132377883887,-0.2049778428141247,0.5644258319375335,0.538279915061589,1.304352269794526,-1.1973404404698742
0.16827908253719892,-0.2042349741302277,0.563951760824708,0.5383760483999042,1.304993834858802,-1.196916488440777
0.16832676368874644,-0.20349223245295225,0.563477951530228,0.5384725850070206,1.3056354094251388,-1.1964934212812497
0.16837435872791318,-0.20274956058938062,0.5630043678485299,0.538569531521359,1.3062770585984382,-1.1960712142049659
0.16842186720214736,-0.2020069627859937,0.5625310127567815,0.5386668873903797,1.3069187792915817,-1.1956498709096233
0.16846929013336398,-0.20126444799568743,0.5620578922212487,0.5387646515508033,1.307560562109686,-1.1952293967930874
0.16851662852356997,-0.20052202176487405,0.5615850100308348,0.5388628233638257,1.3082024009006605,-1.1948097954582941
0.16856388306330894,-0.19977968759091028,0.5611123686659658,0.5389614024278205,1.3088442918411818,-1.1943910695920732
0.16861105444091118,-0.1990374489682593,0.5606399706019893,0.5390603883400978,1.3094862311134425,-1.1939732218944659
0.16865814334277385,-0.1982953093883806,0.560167818309018,0.5391597806964933,1.3101282149047864,-1.1935562550754875
0.16870515045286671,-0.1975532723377899,0.5596959142508409,0.5392595790924388,1.3107702394104022,-1.1931401718601609
0.1687520764535959,-0.19681134129962963,0.559224260885655,0.5393597831213807,1.3114123008303615,-1.1927249749790725
0.16879892202534652,-0.1960695197519937,0.5587528606651373,0.5394603923757505,1.3120543953719923,-1.1923106671730483
0.16884568784620946,-0.1953278111667767,0.5582817160337887,0.5395614064475703,1.3126965192514495,-1.1918972511958867
0.16889237459211826,-0.19458621900962245,0.5578108294288611,0.5396628249282521,1.31333866869353,-1.191484729812735
0.16893899636719922,-0.1938447388859732,0.5573401982329032,0.5397646494426092,1.313980830365621,-1.191073094763894
0.16898553112025416,-0.19310332169309824,0.5568697916608376,0.5398668849460565,1.3146230789582816,-1.190662333221257
0.1690319887497269,-0.19236203202528093,0.5563996508846845,0.5399695236005023,1.3152653412287054,-1.190252475177568
0.16907836992230552,-0.19162087335819325,0.555929778334161,0.5400725649877394,1.3159076134036227,-1.1898435234514577
0.16912467530266317,-0.1908798491573651,0.5554601764292082,0.5401760086894216,1.3165498917219147,-1.1894354808705239
0.16917090555386016,-0.1901389628791617,0.554990847580485,0.5402798542862789,1.3171921724330002,-1.1890283502668972
0.16921706133682957,-0.18939821796943918,0.5545217941886698,0.540384101359129,1.3178344517989922,-1.1886221344826344
0.16926314331073078,-0.18865761786440285,0.5540530186448971,0.5404887494881928,1.318476726093283,-1.1882168363658256
0.16930915213239306,-0.18791716598915853,0.5535845233300072,0.5405937982541886,1.3191189916028736,-1.1878124587764372
0.16935508845724545,-0.1871768657600378,0.5531163106157297,0.5406992472365066,1.3197612446245701,-1.1874090045762025
0.1694009529381999,-0.1864367205817319,0.5526483828632154,0.5408050960154106,1.3204034814696244,-1.1870064766405093
0.169446746226654,-0.1856967338498063,0.5521807424243135,0.5409113441700686,1.3210456984596308,-1.1866048778475213
0.16949246897148695,-0.184956908948128,0.5517133916402543,0.541017991280529,1.321687891930689,-1.186204211088836
0.16953812615553066,-0.1842172466599838,0.5512463311776585,0.5411250376515667,1.3223300551812611,-1.1858044758376196
0.16958370751409957,-0.18347773544842708,0.5507795540395257,0.5412324840450761,1.3229722125186298,-1.185405672707927
0.1696292234574419,-0.18273841208137598,0.5503130835464729,0.5413403261793077,1.323614316293659,-1.1850078169136946
0.1696746716489521,-0.18199926025174082,0.5498469096268479,0.5414485661375071,1.3242563852690412,-1.1846109028048002
0.16972005272181034,-0.18126028335884622,0.5493810346174814,0.5415572034954592,1.3248984157868786,-1.1842149333603509
0.1697653673071451,-0.1805214847956782,0.5489154608477009,0.541666237827847,1.3255404041978305,-1.183819911567041
0.16981061731863756,-0.17978286717194636,0.5484501901402463,0.5417756689338268,1.32618234596514,-1.1834258394294979
0.16985580090774333,-0.17904442898949674,0.5479852217610286,0.5418854968701311,1.3268242452215948,-1.1830327186671006
0.16990091980934174,-0.17830618085531594,0.5475205625607555,0.5419957202729868,1.327466090084894,-1.1826405554198176
0.16994597465015993,-0.17756812603948313,0.5470562147765456,0.5421063387266971,1.3281078770278634,-1.1822493526640472
0.16999096605518682,-0.17683026781145364,0.5465921806415011,0.5422173518128628,1.3287496025258476,-1.1818591133798475
0.1700358956458743,-0.1760926088267844,0.5461284619912676,0.5423287592949004,1.3293912623691446,-1.1814698398083805
0.17008076240025272,-0.17535514837718183,0.5456650585701173,0.5424405611832966,1.330032858895978,-1.18108153372998
0.17012556758540365,-0.17461789407420647,0.5452019753236392,0.5425527564861491,1.3306743836529324,-1.1806942000494764
0.1701703118149931,-0.17388084919736674,0.5447392144779037,0.5426653447780777,1.3313158331207504,-1.1803078418095734
0.17021499569976717,-0.1731440170183932,0.5442767782508331,0.5427783256341353,1.331957203791607,-1.1799224620688904
0.1702596198482773,-0.1724074008029851,0.5438146688530685,0.5428916986283783,1.3325984921662086,-1.1795380638940571
0.17030418486652366,-0.17167100380981662,0.5433528884874557,0.5430054633345827,1.3332396947553569,-1.1791546503634598
0.17034869135850172,-0.1709348292918399,0.5428914393496869,0.5431196193251608,1.3338808080777707,-1.178772224561232
0.17039313992521388,-0.1701988804936653,0.5424303236269701,0.543234166173161,1.3345218286642908,-1.1783907895879304
0.17043753116575644,-0.16946316065424483,0.5419695434993628,0.5433491034500937,1.3351627530534593,-1.1780103485486304
0.17048186567628631,-0.16872767300414315,0.5415091011383908,0.5434644307280221,1.3358035777959012,-1.1776309045640865
0.17052614405093536,-0.16799242076777698,0.5410489987081579,0.5435801475777359,1.3364442994506271,-1.1772524607607138
0.17057036688128457,-0.16725740716197943,0.5405892383646125,0.5436962535698234,1.3370849145873087,-1.1768750202762326
0.17061453478730249,-0.16652263537606937,0.5401298222428175,0.5438127482812165,1.337725419765839,-1.1764985862390518
0.1706586483617798,-0.16578810845376396,0.5396707523835556,0.543929631305959,1.3383658117186918,-1.1761231617229975
0.1707027081638235,-0.16505382946793068,0.5392120308431274,0.5440469022306629,1.3390060871942675,-1.1757487498534995
0.1707467147737045,-0.16431980163715643,0.5387536597648961,0.5441645606192944,1.3396462427756692,-1.1753753538217064
0.17079066876871662,-0.16358602817044188,0.5382956412829296,0.5442826060365892,1.3402862750593374,-1.175002976834308
0.17083457072399266,-0.16285251226925399,0.5378379775230204,0.5444010380464034,1.3409261806517005,-1.1746316221045354
0.17087842121233177,-0.1621192571270439,0.5373806706024378,0.5445198562120619,1.3415659561699336,-1.1742612928539577
0.17092222080387875,-0.1613862659283855,0.5369237226294943,0.5446390600970135,1.342205598243338,-1.173891992315938
0.17096597006624492,-0.1606535418492434,0.5364671357036754,0.5447586492645912,1.3428451035128883,-1.1735237237342286
0.17100966956498587,-0.15992108805815844,0.5360109119162226,0.5448786232770431,1.3434844686292833,-1.173156490357682
0.17105331986289585,-0.15918890771440317,0.5355550533492126,0.5449989816969663,1.3441236902559262,-1.172790295447888
0.17109692152039768,-0.158457003968939,0.5350995620760306,0.5451197240865249,1.3447627650673488,-1.1724251422748733
0.17114047509553787,-0.15772537996436686,0.5346444401613359,0.5452408500074548,1.345401689749273,-1.1720610341170459
0.17118398114352784,-0.1569940388337114,0.5341896896604632,0.5453623590220099,1.3460404610005694,-1.1716979742662033
0.17122744021776803,-0.15626298370300948,0.5337353126206934,0.5454842506908723,1.3466790755290297,-1.171335966016204
0.17127085286854893,-0.15553221768794,0.5332813110795873,0.5456065245758105,1.3473175300568274,-1.1709750126771892
0.17131421964404492,-0.15480174389633383,0.5328276870662192,0.5457291802376522,1.3479558213164229,-1.1706151175645945
0.1713575410899404,-0.15407156542718017,0.5323744426006862,0.5458522172370521,1.3485939460521545,-1.1702562840032016
0.1714008177493107,-0.1533416853702764,0.531921579693929,0.5459756351347427,1.3492319010207938,-1.1698985153283976
0.17144405016268127,-0.15261210680634407,0.5314691003477889,0.546099433491419,1.3498696829913404,-1.1695418148854813
0.1714872388683122,-0.15188283280772572,0.5310170065553463,0.5462236118671544,1.3505072887438707,-1.1691861860264452
0.1715303844020637,-0.1511538664379921,0.5305653003007245,0.5463481698216875,1.3511447150701554,-1.1688316321114376
0.17157348732226474,-0.15042521073389592,0.5301139835477531,0.5464731069214676,1.3517819587592879,-1.1684781564985902
0.17161654818729932,-0.1496968685950197,0.5296630581717294,0.5465984227532069,1.3524190167306784,-1.1681257624873442
0.17165956750055633,-0.14896884284549958,0.5292125259989742,0.5467241169095407,1.353055886046472,-1.167774453382609
0.17170254579008226,-0.14824113647834652,0.5287623889562758,0.5468501889562477,1.3536925635769819,-1.167424232565309
0.17174548358105302,-0.14751375247551768,0.5283126489602763,0.5469766384600893,1.3543290462072806,-1.167075103429866
0.1717883813968264,-0.1467866938105245,0.5278633079187434,0.5471034649866651,1.3549653308329093,-1.166727069372561
0.1718312397573709,-0.14605996344427505,0.5274143677285255,0.5472306681036891,1.35560141436657,-1.1663801338088917
0.17187405918124776,-0.14533356433007913,0.5269658302779932,0.5473582473769183,1.3562372937299354,-1.1660343001516207
0.1719168401838389,-0.14460749940897813,0.5265176974447485,0.5474862023738395,1.356872965861182,-1.1656895718303577
0.17195958327857674,-0.14388177161280238,0.5260699710971115,0.5476145326611618,1.3575084277099536,-1.1653459522779475
0.17200228897599246,-0.14315638386161303,0.5256226530928643,0.547743237806812,1.35814367624147,-1.1650034449409994
0.17204495778476403,-0.1424313390662998,0.5251757452805108,0.5478723173777916,1.358778708432237,-1.1646620532682475
0.1720875902106993,-0.14170664012584552,0.5247292494979365,0.5480017709423155,1.359413521274437,-1.1643217807218238
0.17213018588720308,-0.14098229050280514,0.5242831679408471,0.5481315978551851,1.3600481123420862,-1.1639826313095891
0.1721727468483536,-0.14025829647061855,0.5238375044869561,0.5482617973000369,1.3606824734593341,-1.1636446095262425
0.17221527295684913,-0.13953465659358816,0.5233922583090651,0.548392369499429,1.3613166065674527,-1.1633077171302744
0.1722577647118415,-0.13881137368824695,0.5229474311808873,0.548523314030557,1.3619505087476387,-1.1629719575998025
0.17230022113393018,-0.13808845153783103,0.5225030254920475,0.5486546301004326,1.362584178056312,-1.1626373353105457
0.1723426448643015,-0.1373658989899772,0.5220590466695212,0.5487863165178478,1.363217603089073,-1.162303855760542
0.1723850355955503,-0.13664371363289352,0.5216154932800459,0.5489183736510106,1.3638507869378431,-1.1619715203813188
0.1724273938103411,-0.13592189834273183,0.5211723671188635,0.5490508010559891,1.3644837266497434,-1.1616403327223208
0.17246971998872018,-0.13520045598561753,0.5207296699716286,0.5491835982890642,1.365116419285385,-1.1613102963427346
0.1725120188262581,-0.13447938659228623,0.5202874018060522,0.549316765995304,1.3657488592004696,-1.1609814123239892
0.1725542802966178,-0.13375867863864568,0.5198455557948154,0.5494503048184348,1.3663810706359718,-1.1606536810836954
0.17259651426259737,-0.1330383671989467,0.5194041532489428,0.5495842099201461,1.367013007947386,-1.1603271175350687
