1.680277307085000038e+09,0.000000000000000000e+00,2.847033435730710327e-01,3.691982233206205222e-01,8.424704299376629263e-03,-6.026203028115941773e-01,-1.930485996350651989e+00,5.025413781729872742e-01
1.680277307088999987e+09,0.000000000000000000e+00,2.847033435730710327e-01,3.691982233206205222e-01,8.424704299376629263e-03,-6.026203028115941773e-01,-1.930485996350651989e+00,5.025413781729872742e-01
1.680277307092999935e+09,0.000000000000000000e+00,2.847033435730710327e-01,3.691982233206205222e-01,8.424704299376629263e-03,-6.026203028115941773e-01,-1.930485996350651989e+00,5.025413781729872742e-01
1.680277307105000019e+09,0.000000000000000000e+00,2.847033435730710327e-01,3.691982233206205222e-01,8.424704299376629263e-03,-6.026203028115941773e-01,-1.930485996350651989e+00,5.025413781729872742e-01
1.680277307108999968e+09,0.000000000000000000e+00,2.847033435730710327e-01,3.691982233206205222e-01,8.424704299376629263e-03,-6.026203028115941773e-01,-1.930485996350651989e+00,5.025413781729872742e-01
1.680277307112999916e+09,0.000000000000000000e+00,2.847033435730710327e-01,3.691982233206205222e-01,8.424704299376629263e-03,-6.026203028115941773e-01,-1.930485996350651989e+00,5.025413781729872742e-01
1.680277307117000103e+09,0.000000000000000000e+00,2.847033435730710327e-01,3.691982233206205222e-01,8.424704299376629263e-03,-6.026203028115941773e-01,-1.930485996350651989e+00,5.025413781729872742e-01
1.680277307121000051e+09,0.000000000000000000e+00,2.847033435730710327e-01,3.691982233206205222e-01,8.424704299376629263e-03,-6.026203028115941773e-01,-1.930485996350651989e+00,5.025413781729872742e-01
1.680277307125000000e+09,0.000000000000000000e+00,2.847033435730710327e-01,3.691982233206205222e-01,8.424704299376629263e-03,-6.026203028115941773e-01,-1.930485996350651989e+00,5.025413781729872742e-01
1.680277307137000084e+09,0.000000000000000000e+00,2.847033435730710327e-01,3.691982233206205222e-01,8.424704299376629263e-03,-6.026203028115941773e-01,-1.930485996350651989e+00,5.025413781729872742e-01
1.680277307173000097e+09,1.000000000000000000e+00,2.823872916556745549e-01,3.683552292919072269e-01,8.019787912913944536e-03,-6.016987689665411754e-01,-1.929969378892061549e+00,5.066097406593860208e-01
1.680277307180000067e+09,1.000000000000000000e+00,2.810206988513629378e-01,3.678613011135928312e-01,7.778932476138726224e-03,-6.011350276181469665e-01,-1.929648238309694674e+00,5.090287670026502065e-01
1.680277307184999943e+09,1.000000000000000000e+00,2.796418887422874588e-01,3.673586462890184867e-01,7.538077039363509646e-03,-6.005887395622727665e-01,-1.929327097727327800e+00,5.114460480166623801e-01
1.680277307188999891e+09,1.000000000000000000e+00,2.796418887422874588e-01,3.673586462890184867e-01,7.538077039363509646e-03,-6.005887395622727665e-01,-1.929327097727327800e+00,5.114460480166623801e-01
1.680277307193000078e+09,1.000000000000000000e+00,2.782613333039599124e-01,3.668647181107040911e-01,7.297221602588292201e-03,-6.000267435431305696e-01,-1.929025155766732835e+00,5.138633290306744428e-01
1.680277307197000027e+09,1.000000000000000000e+00,2.782613333039599124e-01,3.668647181107040911e-01,7.297221602588292201e-03,-6.000267435431305696e-01,-1.929025155766732835e+00,5.138633290306744428e-01
1.680277307200999975e+09,1.000000000000000000e+00,2.768964858289003628e-01,3.663620632861296911e-01,7.054620836561080119e-03,-5.994804554872563696e-01,-1.928704015184365961e+00,5.162823553739386284e-01
1.680277307207000017e+09,1.000000000000000000e+00,2.755159303905728718e-01,3.658681351078153510e-01,6.813765399785862674e-03,-5.989167141388621607e-01,-1.928402073223770774e+00,5.186996363879508021e-01
1.680277307211999893e+09,1.000000000000000000e+00,2.755159303905728718e-01,3.658681351078153510e-01,6.813765399785862674e-03,-5.989167141388621607e-01,-1.928402073223770774e+00,5.186996363879508021e-01
1.680277307217000008e+09,1.000000000000000000e+00,2.741371202814973373e-01,3.653637349539889945e-01,6.572909963010645229e-03,-5.983704260829879606e-01,-1.928080932641403900e+00,5.211169174019629757e-01
1.680277307220999956e+09,1.000000000000000000e+00,2.741371202814973373e-01,3.653637349539889945e-01,6.572909963010645229e-03,-5.983704260829879606e-01,-1.928080932641403900e+00,5.211169174019629757e-01
1.680277307224999905e+09,1.000000000000000000e+00,2.727705274771857757e-01,3.648610801294145944e-01,6.332054526235427784e-03,-5.978084300638457638e-01,-1.927778990680808713e+00,5.235359437452270503e-01
1.680277307229000092e+09,1.000000000000000000e+00,2.727705274771857757e-01,3.648610801294145944e-01,6.332054526235427784e-03,-5.978084300638457638e-01,-1.927778990680808713e+00,5.235359437452270503e-01
1.680277307233000040e+09,1.000000000000000000e+00,2.713917173681102413e-01,3.643671519511001988e-01,6.091199089460209472e-03,-5.972621420079714527e-01,-1.927457850098441838e+00,5.259532247592392240e-01
1.680277307239000082e+09,1.000000000000000000e+00,2.700129072590347068e-01,3.638644971265257988e-01,5.850343652684992894e-03,-5.967158539520973637e-01,-1.927155908137846874e+00,5.283705057732512866e-01
1.680277307243000031e+09,1.000000000000000000e+00,2.700129072590347068e-01,3.638644971265257988e-01,5.850343652684992894e-03,-5.967158539520973637e-01,-1.927155908137846874e+00,5.283705057732512866e-01
1.680277307249000072e+09,1.000000000000000000e+00,2.686340971499592278e-01,3.633688236189594467e-01,5.609488215909775449e-03,-5.961521126037030438e-01,-1.926834767555479999e+00,5.307895321165154723e-01
1.680277307253000021e+09,1.000000000000000000e+00,2.686340971499592278e-01,3.633688236189594467e-01,5.609488215909775449e-03,-5.961521126037030438e-01,-1.926834767555479999e+00,5.307895321165154723e-01
1.680277307256999969e+09,1.000000000000000000e+00,2.672675043456476662e-01,3.628661687943851022e-01,5.368632779134557137e-03,-5.956075698770808557e-01,-1.926532825594884812e+00,5.332068131305276459e-01
1.680277307263999939e+09,1.000000000000000000e+00,2.658886942365721318e-01,3.623722406160706511e-01,5.127777342359340559e-03,-5.950438285286867579e-01,-1.926211685012517938e+00,5.356258394737918316e-01
1.680277307267999887e+09,1.000000000000000000e+00,2.658886942365721318e-01,3.623722406160706511e-01,5.127777342359340559e-03,-5.950438285286867579e-01,-1.926211685012517938e+00,5.356258394737918316e-01
1.680277307272000074e+09,1.000000000000000000e+00,2.645081387982446408e-01,3.618695857914963065e-01,4.885176576332128477e-03,-5.944975404728124468e-01,-1.925892289759402853e+00,5.380431204878038942e-01
1.680277307276000023e+09,1.000000000000000000e+00,2.645081387982446408e-01,3.618695857914963065e-01,4.885176576332128477e-03,-5.944975404728124468e-01,-1.925892289759402853e+00,5.380431204878038942e-01
1.680277307280999899e+09,1.000000000000000000e+00,2.631432913231850912e-01,3.613651856376699500e-01,4.644321139556911032e-03,-5.939337991244183490e-01,-1.925588602469556099e+00,5.404604015018160679e-01
1.680277307285000086e+09,1.000000000000000000e+00,2.631432913231850912e-01,3.613651856376699500e-01,4.644321139556911032e-03,-5.939337991244183490e-01,-1.925588602469556099e+00,5.404604015018160679e-01
1.680277307289000034e+09,1.000000000000000000e+00,2.617627358848575447e-01,3.608712574593555544e-01,4.403465702781693587e-03,-5.933892563977961609e-01,-1.925267461887189002e+00,5.428794278450802535e-01
1.680277307292999983e+09,1.000000000000000000e+00,2.617627358848575447e-01,3.608712574593555544e-01,4.403465702781693587e-03,-5.933892563977961609e-01,-1.925267461887189002e+00,5.428794278450802535e-01
1.680277307296999931e+09,1.000000000000000000e+00,2.603839257757820658e-01,3.603686026347812099e-01,4.162610266006476142e-03,-5.928429683419218499e-01,-1.924965519926594038e+00,5.452967088590924272e-01
1.680277307303999901e+09,1.000000000000000000e+00,2.590173329714704487e-01,3.598746744564667588e-01,3.921754829231258697e-03,-5.922792269935277520e-01,-1.924644379344226941e+00,5.477139898731044898e-01
1.680277307308000088e+09,1.000000000000000000e+00,2.590173329714704487e-01,3.598746744564667588e-01,3.921754829231258697e-03,-5.922792269935277520e-01,-1.924644379344226941e+00,5.477139898731044898e-01
1.680277307312999964e+09,1.000000000000000000e+00,2.576385228623949697e-01,3.593720196318924143e-01,3.691371367968006908e-03,-5.917329389376534410e-01,-1.924342437383631754e+00,5.501330162163686754e-01
1.680277307316999912e+09,1.000000000000000000e+00,2.576385228623949697e-01,3.593720196318924143e-01,3.691371367968006908e-03,-5.917329389376534410e-01,-1.924342437383631754e+00,5.501330162163686754e-01
1.680277307323999882e+09,1.000000000000000000e+00,2.562597127533194352e-01,3.588780914535780187e-01,3.450515931192789463e-03,-5.911709429185113551e-01,-1.924021296801264880e+00,5.525502972303807381e-01
1.680277307328000069e+09,1.000000000000000000e+00,2.548809026442439007e-01,3.583736912997516622e-01,3.209660494417572018e-03,-5.906246548626370441e-01,-1.923719354840670137e+00,5.549693235736449237e-01
1.680277307332000017e+09,1.000000000000000000e+00,2.548809026442439007e-01,3.583736912997516622e-01,3.209660494417572018e-03,-5.906246548626370441e-01,-1.923719354840670137e+00,5.549693235736449237e-01
1.680277307335999966e+09,1.000000000000000000e+00,2.535143098399323391e-01,3.578797631214372665e-01,2.968805057642354573e-03,-5.900609135142429462e-01,-1.923398214258303041e+00,5.573866045876570974e-01
1.680277307339999914e+09,1.000000000000000000e+00,2.535143098399323391e-01,3.578797631214372665e-01,2.968805057642354573e-03,-5.900609135142429462e-01,-1.923398214258303041e+00,5.573866045876570974e-01
1.680277307344000101e+09,1.000000000000000000e+00,2.521354997308568602e-01,3.573771082968628665e-01,2.727949620867137128e-03,-5.895146254583686352e-01,-1.923096272297707854e+00,5.598038856016691600e-01
1.680277307348000050e+09,1.000000000000000000e+00,2.521354997308568602e-01,3.573771082968628665e-01,2.727949620867137128e-03,-5.895146254583686352e-01,-1.923096272297707854e+00,5.598038856016691600e-01
1.680277307351999998e+09,1.000000000000000000e+00,2.507549442925293137e-01,3.568744534722885220e-01,2.487094184091919249e-03,-5.889526294392265493e-01,-1.922775131715340979e+00,5.622229119449333457e-01
1.680277307355999947e+09,1.000000000000000000e+00,2.507549442925293137e-01,3.568744534722885220e-01,2.487094184091919249e-03,-5.889526294392265493e-01,-1.922775131715340979e+00,5.622229119449333457e-01
1.680277307359999895e+09,1.000000000000000000e+00,2.493900968174697363e-01,3.563805252939741264e-01,2.244493418064707601e-03,-5.884063413833523493e-01,-1.922455736462226117e+00,5.646401929589455193e-01
1.680277307364000082e+09,1.000000000000000000e+00,2.493900968174697363e-01,3.563805252939741264e-01,2.244493418064707601e-03,-5.884063413833523493e-01,-1.922455736462226117e+00,5.646401929589455193e-01
1.680277307368999958e+09,1.000000000000000000e+00,2.480095413791422176e-01,3.558761251401477699e-01,2.003637981289490156e-03,-5.878600533274780382e-01,-1.922152049172379140e+00,5.670574739729576930e-01
1.680277307372999907e+09,1.000000000000000000e+00,2.480095413791422176e-01,3.558761251401477699e-01,2.003637981289490156e-03,-5.878600533274780382e-01,-1.922152049172379140e+00,5.670574739729576930e-01
1.680277307378000021e+09,1.000000000000000000e+00,2.466307312700667109e-01,3.553821969618333743e-01,1.762782544514272928e-03,-5.872963119790839404e-01,-1.921832653919264056e+00,5.694765003162217676e-01
1.680277307384000063e+09,1.000000000000000000e+00,2.452641384657551493e-01,3.548795421372590297e-01,1.521927107739055266e-03,-5.867517692524617523e-01,-1.921528966629417079e+00,5.718937813302339412e-01
1.680277307388000011e+09,1.000000000000000000e+00,2.452641384657551493e-01,3.548795421372590297e-01,1.521927107739055266e-03,-5.867517692524617523e-01,-1.921528966629417079e+00,5.718937813302339412e-01
1.680277307391999960e+09,1.000000000000000000e+00,2.438853283566796148e-01,3.543856139589446341e-01,1.281071670963838038e-03,-5.861880279040675434e-01,-1.921209571376302216e+00,5.743110623442461149e-01
1.680277307395999908e+09,1.000000000000000000e+00,2.438853283566796148e-01,3.543856139589446341e-01,1.281071670963838038e-03,-5.861880279040675434e-01,-1.921209571376302216e+00,5.743110623442461149e-01
1.680277307401000023e+09,1.000000000000000000e+00,2.425065182476041359e-01,3.538829591343702341e-01,1.040216234188620376e-03,-5.856417398481933434e-01,-1.920905884086455018e+00,5.767300886875101895e-01
1.680277307404999971e+09,1.000000000000000000e+00,2.425065182476041359e-01,3.538829591343702341e-01,1.040216234188620376e-03,-5.856417398481933434e-01,-1.920905884086455018e+00,5.767300886875101895e-01
1.680277307410000086e+09,1.000000000000000000e+00,2.411277081385286014e-01,3.533785589805438776e-01,7.993607974134029313e-04,-5.850779984997991345e-01,-1.920584743504088143e+00,5.791473697015223632e-01
1.680277307414999962e+09,1.000000000000000000e+00,2.397611153342170121e-01,3.528846308022295375e-01,5.585053606381854864e-04,-5.845334557731769465e-01,-1.920282801543493179e+00,5.815663960447865488e-01
1.680277307418999910e+09,1.000000000000000000e+00,2.397611153342170121e-01,3.528846308022295375e-01,5.585053606381854864e-04,-5.845334557731769465e-01,-1.920282801543493179e+00,5.815663960447865488e-01
1.680277307423000097e+09,1.000000000000000000e+00,2.383823052251415331e-01,3.523819759776551375e-01,3.176499238629679873e-04,-5.839871677173026354e-01,-1.919961660961126304e+00,5.839836770587987225e-01
1.680277307427000046e+09,1.000000000000000000e+00,2.383823052251415331e-01,3.523819759776551375e-01,3.176499238629679873e-04,-5.839871677173026354e-01,-1.919961660961126304e+00,5.839836770587987225e-01
1.680277307431999922e+09,1.000000000000000000e+00,2.370017497868140144e-01,3.518880477993407419e-01,7.504915783575617609e-05,-5.834234263689085376e-01,-1.919659719000531117e+00,5.864009580728108961e-01
1.680277307436000109e+09,1.000000000000000000e+00,2.370017497868140144e-01,3.518880477993407419e-01,7.504915783575617609e-05,-5.834234263689085376e-01,-1.919659719000531117e+00,5.864009580728108961e-01
1.680277307440000057e+09,1.000000000000000000e+00,2.356369023117544093e-01,3.513836476455143853e-01,-1.640609496874669839e-04,-5.828771383130342265e-01,-1.919338578418164243e+00,5.888199844160749707e-01
1.680277307444000006e+09,1.000000000000000000e+00,2.356369023117544093e-01,3.513836476455143853e-01,-1.640609496874669839e-04,-5.828771383130342265e-01,-1.919338578418164243e+00,5.888199844160749707e-01
1.680277307447999954e+09,1.000000000000000000e+00,2.342563468734269183e-01,3.508897194671999897e-01,-4.049163864626844017e-04,-5.823151422938920296e-01,-1.919019183165049380e+00,5.912372654300871444e-01
1.680277307451999903e+09,1.000000000000000000e+00,2.342563468734269183e-01,3.508897194671999897e-01,-4.049163864626844017e-04,-5.823151422938920296e-01,-1.919019183165049380e+00,5.912372654300871444e-01
1.680277307456000090e+09,1.000000000000000000e+00,2.328775367643514116e-01,3.503870646426256452e-01,-6.457718232379018467e-04,-5.817688542380179406e-01,-1.918715495875202182e+00,5.936545464440992070e-01
1.680277307460000038e+09,1.000000000000000000e+00,2.328775367643514116e-01,3.503870646426256452e-01,-6.457718232379018467e-04,-5.817688542380179406e-01,-1.918715495875202182e+00,5.936545464440992070e-01
1.680277307463999987e+09,1.000000000000000000e+00,2.315109439600398222e-01,3.498844098180512452e-01,-8.866272600131194000e-04,-5.812051128896237318e-01,-1.918396100622087319e+00,5.960735727873635037e-01
1.680277307467999935e+09,1.000000000000000000e+00,2.315109439600398222e-01,3.498844098180512452e-01,-8.866272600131194000e-04,-5.812051128896237318e-01,-1.918396100622087319e+00,5.960735727873635037e-01
1.680277307471999884e+09,1.000000000000000000e+00,2.301321338509643433e-01,3.493904816397368496e-01,-1.127482696788337062e-03,-5.806588248337495317e-01,-1.918092413332240342e+00,5.984908538013754553e-01
1.680277307476000071e+09,1.000000000000000000e+00,2.301321338509643433e-01,3.493904816397368496e-01,-1.127482696788337062e-03,-5.806588248337495317e-01,-1.918092413332240342e+00,5.984908538013754553e-01
1.680277307480000019e+09,1.000000000000000000e+00,2.287533237418888088e-01,3.488860814859104931e-01,-1.368338133563554290e-03,-5.800968288146072238e-01,-1.917773018079125480e+00,6.009081348153876290e-01
1.680277307483999968e+09,1.000000000000000000e+00,2.287533237418888088e-01,3.488860814859104931e-01,-1.368338133563554290e-03,-5.800968288146072238e-01,-1.917773018079125480e+00,6.009081348153876290e-01
1.680277307487999916e+09,1.000000000000000000e+00,2.273745136328132743e-01,3.483921533075960975e-01,-1.609193570338771952e-03,-5.795505407587331348e-01,-1.917469330789278281e+00,6.033271611586518146e-01
1.680277307492000103e+09,1.000000000000000000e+00,2.273745136328132743e-01,3.483921533075960975e-01,-1.609193570338771952e-03,-5.795505407587331348e-01,-1.917469330789278281e+00,6.033271611586518146e-01
1.680277307496000051e+09,1.000000000000000000e+00,2.260079208285017127e-01,3.478894984830217529e-01,-1.850049007113989180e-03,-5.790042527028589348e-01,-1.917149935536163419e+00,6.057444421726639883e-01
1.680277307500000000e+09,1.000000000000000000e+00,2.260079208285017127e-01,3.478894984830217529e-01,-1.850049007113989180e-03,-5.790042527028589348e-01,-1.917149935536163419e+00,6.057444421726639883e-01
1.680277307503999949e+09,1.000000000000000000e+00,2.246291107194262060e-01,3.473955703047073018e-01,-2.092649773141201045e-03,-5.784405113544647259e-01,-1.916846248246316442e+00,6.081634685159280629e-01
1.680277307507999897e+09,1.000000000000000000e+00,2.246291107194262060e-01,3.473955703047073018e-01,-2.092649773141201045e-03,-5.784405113544647259e-01,-1.916846248246316442e+00,6.081634685159280629e-01
1.680277307512000084e+09,1.000000000000000000e+00,2.232503006103506715e-01,3.468929154801329573e-01,-2.333505209916418924e-03,-5.778959686278424268e-01,-1.916525107663949345e+00,6.105807495299402365e-01
1.680277307516000032e+09,1.000000000000000000e+00,2.232503006103506715e-01,3.468929154801329573e-01,-2.333505209916418924e-03,-5.778959686278424268e-01,-1.916525107663949345e+00,6.105807495299402365e-01
1.680277307519999981e+09,1.000000000000000000e+00,2.218837078060391099e-01,3.463989873018185617e-01,-2.574360646691635935e-03,-5.773322272794482179e-01,-1.916223165703354381e+00,6.129980305439524102e-01
1.680277307523999929e+09,1.000000000000000000e+00,2.218837078060391099e-01,3.463989873018185617e-01,-2.574360646691635935e-03,-5.773322272794482179e-01,-1.916223165703354381e+00,6.129980305439524102e-01
1.680277307528000116e+09,1.000000000000000000e+00,2.205048976969636032e-01,3.458945871479922052e-01,-2.815216083466853380e-03,-5.767859392235741289e-01,-1.915902025120987284e+00,6.154170568872165958e-01
1.680277307532000065e+09,1.000000000000000000e+00,2.205048976969636032e-01,3.458945871479922052e-01,-2.815216083466853380e-03,-5.767859392235741289e-01,-1.915902025120987284e+00,6.154170568872165958e-01
1.680277307536000013e+09,1.000000000000000000e+00,2.191243422586360845e-01,3.453919323234178607e-01,-3.056071520242071259e-03,-5.762221978751798090e-01,-1.915582629867872422e+00,6.178343379012286585e-01
1.680277307539999962e+09,1.000000000000000000e+00,2.191243422586360845e-01,3.453919323234178607e-01,-3.056071520242071259e-03,-5.762221978751798090e-01,-1.915582629867872422e+00,6.178343379012286585e-01
1.680277307543999910e+09,1.000000000000000000e+00,2.177455321495605500e-01,3.448980041451034095e-01,-3.296926957017288703e-03,-5.756776551485576210e-01,-1.915278942578025223e+00,6.202516189152408321e-01
1.680277307548000097e+09,1.000000000000000000e+00,2.177455321495605500e-01,3.448980041451034095e-01,-3.296926957017288703e-03,-5.756776551485576210e-01,-1.915278942578025223e+00,6.202516189152408321e-01
1.680277307552000046e+09,1.000000000000000000e+00,2.163789393452490162e-01,3.443953493205290650e-01,-3.537782393792505715e-03,-5.751313670926834209e-01,-1.914959547324910361e+00,6.226706452585050178e-01
1.680277307555999994e+09,1.000000000000000000e+00,2.163789393452490162e-01,3.443953493205290650e-01,-3.537782393792505715e-03,-5.751313670926834209e-01,-1.914959547324910361e+00,6.226706452585050178e-01
1.680277307559999943e+09,1.000000000000000000e+00,2.150001292361734817e-01,3.438996758129627129e-01,-3.778637830567723593e-03,-5.745676257442892121e-01,-1.914655860035063384e+00,6.250879262725171914e-01
1.680277307563999891e+09,1.000000000000000000e+00,2.150001292361734817e-01,3.438996758129627129e-01,-3.778637830567723593e-03,-5.745676257442892121e-01,-1.914655860035063384e+00,6.250879262725171914e-01
1.680277307568000078e+09,1.000000000000000000e+00,2.136213191270979472e-01,3.433970209883883129e-01,-4.019493267342941038e-03,-5.740213376884151231e-01,-1.914336464781948521e+00,6.275052072865293651e-01
1.680277307572000027e+09,1.000000000000000000e+00,2.136213191270979472e-01,3.433970209883883129e-01,-4.019493267342941038e-03,-5.740213376884151231e-01,-1.914336464781948521e+00,6.275052072865293651e-01
1.680277307578999996e+09,1.000000000000000000e+00,2.122547263227864134e-01,3.429030928100739173e-01,-4.262094033370153121e-03,-5.734593416692728152e-01,-1.914032777492101323e+00,6.299242336297934397e-01
1.680277307584000111e+09,1.000000000000000000e+00,2.108759162137108789e-01,3.424004379854995173e-01,-4.502949470145370565e-03,-5.729130536133986151e-01,-1.913713382238986460e+00,6.323415146438055023e-01
1.680277307588000059e+09,1.000000000000000000e+00,2.108759162137108789e-01,3.424004379854995173e-01,-4.502949470145370565e-03,-5.729130536133986151e-01,-1.913713382238986460e+00,6.323415146438055023e-01
1.680277307595000029e+09,1.000000000000000000e+00,2.094971061046353444e-01,3.418977831609252283e-01,-4.743804906920587143e-03,-5.723493122650044063e-01,-1.913409694949139483e+00,6.347605409870697990e-01
1.680277307598999977e+09,1.000000000000000000e+00,2.081305133003238106e-01,3.414021096533588207e-01,-4.984660343695805455e-03,-5.718030242091302062e-01,-1.913090299696024399e+00,6.371778220010817506e-01
1.680277307602999926e+09,1.000000000000000000e+00,2.081305133003238106e-01,3.414021096533588207e-01,-4.984660343695805455e-03,-5.718030242091302062e-01,-1.913090299696024399e+00,6.371778220010817506e-01
1.680277307608000040e+09,1.000000000000000000e+00,2.067517031912482761e-01,3.408994548287844206e-01,-5.225515780471022900e-03,-5.712584814825080182e-01,-1.912786612406177422e+00,6.395951030150939243e-01
1.680277307611999989e+09,1.000000000000000000e+00,2.067517031912482761e-01,3.408994548287844206e-01,-5.225515780471022900e-03,-5.712584814825080182e-01,-1.912786612406177422e+00,6.395951030150939243e-01
1.680277307615999937e+09,1.000000000000000000e+00,2.053711477529207574e-01,3.404055266504700250e-01,-5.466371217246239478e-03,-5.706947401341138093e-01,-1.912467217153062560e+00,6.420141293583581099e-01
1.680277307622999907e+09,1.000000000000000000e+00,2.039923376438452507e-01,3.399028718258956805e-01,-5.707226654021457790e-03,-5.701484520782396093e-01,-1.912146076570695685e+00,6.444314103723702836e-01
1.680277307627000093e+09,1.000000000000000000e+00,2.039923376438452507e-01,3.399028718258956805e-01,-5.707226654021457790e-03,-5.701484520782396093e-01,-1.912146076570695685e+00,6.444314103723702836e-01
1.680277307631000042e+09,1.000000000000000000e+00,2.026257448395336891e-01,3.394089436475812849e-01,-5.948082090796675235e-03,-5.695847107298454004e-01,-1.911842389280848487e+00,6.468486913863824572e-01
1.680277307634999990e+09,1.000000000000000000e+00,2.026257448395336891e-01,3.394089436475812849e-01,-5.948082090796675235e-03,-5.695847107298454004e-01,-1.911842389280848487e+00,6.468486913863824572e-01
1.680277307640000105e+09,1.000000000000000000e+00,2.012469347304581546e-01,3.389045434937549284e-01,-6.178465552059926591e-03,-5.690401680032232123e-01,-1.911522994027733624e+00,6.492677177296465318e-01
1.680277307644000053e+09,1.000000000000000000e+00,2.012469347304581546e-01,3.389045434937549284e-01,-6.178465552059926591e-03,-5.690401680032232123e-01,-1.911522994027733624e+00,6.492677177296465318e-01
1.680277307648000002e+09,1.000000000000000000e+00,1.998681246213826201e-01,3.384106153154405328e-01,-6.419320988835144036e-03,-5.684764266548291145e-01,-1.911219306737886647e+00,6.516849987436587055e-01
1.680277307651999950e+09,1.000000000000000000e+00,1.998681246213826201e-01,3.384106153154405328e-01,-6.419320988835144036e-03,-5.684764266548291145e-01,-1.911219306737886647e+00,6.516849987436587055e-01
1.680277307655999899e+09,1.000000000000000000e+00,1.985015318170710863e-01,3.379079604908661882e-01,-6.660176425610361481e-03,-5.679301385989548034e-01,-1.910899911484771785e+00,6.541022797576708792e-01
1.680277307663000107e+09,1.000000000000000000e+00,1.971227217079955518e-01,3.374053056662917882e-01,-6.902777191637573563e-03,-5.673663972505607056e-01,-1.910596224194924586e+00,6.565213061009350648e-01
1.680277307667000055e+09,1.000000000000000000e+00,1.971227217079955518e-01,3.374053056662917882e-01,-6.902777191637573563e-03,-5.673663972505607056e-01,-1.910596224194924586e+00,6.565213061009350648e-01
1.680277307671999931e+09,1.000000000000000000e+00,1.957439115989200173e-01,3.369113774879773926e-01,-7.143632628412791008e-03,-5.668218545239384065e-01,-1.910276828941809724e+00,6.589385871149471274e-01
1.680277307676000118e+09,1.000000000000000000e+00,1.957439115989200173e-01,3.369113774879773926e-01,-7.143632628412791008e-03,-5.668218545239384065e-01,-1.910276828941809724e+00,6.589385871149471274e-01
1.680277307681999922e+09,1.000000000000000000e+00,1.943773187946084835e-01,3.364069773341510361e-01,-7.384488065188007586e-03,-5.662755664680642065e-01,-1.909973141651962747e+00,6.613576134582113131e-01
1.680277307687000036e+09,1.000000000000000000e+00,1.929985086855329490e-01,3.359130491558366405e-01,-7.625343501963225898e-03,-5.657118251196699976e-01,-1.909653746398847662e+00,6.637748944722234867e-01
1.680277307690999985e+09,1.000000000000000000e+00,1.929985086855329490e-01,3.359130491558366405e-01,-7.625343501963225898e-03,-5.657118251196699976e-01,-1.909653746398847662e+00,6.637748944722234867e-01
1.680277307694999933e+09,1.000000000000000000e+00,1.916179532472054303e-01,3.354103943312622960e-01,-7.866198938738442475e-03,-5.651655370637957976e-01,-1.909350059109000686e+00,6.661921754862356604e-01
1.680277307698999882e+09,1.000000000000000000e+00,1.916179532472054303e-01,3.354103943312622960e-01,-7.866198938738442475e-03,-5.651655370637957976e-01,-1.909350059109000686e+00,6.661921754862356604e-01
1.680277307703999996e+09,1.000000000000000000e+00,1.902391431381299236e-01,3.349164661529478448e-01,-8.107054375513660788e-03,-5.646035410446537117e-01,-1.909030663855885823e+00,6.686112018294997350e-01
1.680277307707999945e+09,1.000000000000000000e+00,1.902391431381299236e-01,3.349164661529478448e-01,-8.107054375513660788e-03,-5.646035410446537117e-01,-1.909030663855885823e+00,6.686112018294997350e-01
1.680277307711999893e+09,1.000000000000000000e+00,1.888725503338183620e-01,3.344138113283735003e-01,-8.347909812288879100e-03,-5.640572529887794007e-01,-1.908726976566038624e+00,6.710284828435119087e-01
1.680277307719000101e+09,1.000000000000000000e+00,1.874937402247428275e-01,3.339094111745471438e-01,-8.588765249064095678e-03,-5.634935116403853028e-01,-1.908407581312923762e+00,6.734457638575239713e-01
1.680277307723000050e+09,1.000000000000000000e+00,1.874937402247428275e-01,3.339094111745471438e-01,-8.588765249064095678e-03,-5.634935116403853028e-01,-1.908407581312923762e+00,6.734457638575239713e-01
1.680277307726999998e+09,1.000000000000000000e+00,1.861149301156673486e-01,3.334154829962327482e-01,-8.829620685839313990e-03,-5.629472235845109918e-01,-1.908086440730556665e+00,6.758647902007882680e-01
1.680277307730999947e+09,1.000000000000000000e+00,1.861149301156673486e-01,3.334154829962327482e-01,-8.829620685839313990e-03,-5.629472235845109918e-01,-1.908086440730556665e+00,6.758647902007882680e-01
1.680277307734999895e+09,1.000000000000000000e+00,1.847483373113557592e-01,3.329128281716584037e-01,-9.072221451866525205e-03,-5.624026808578888037e-01,-1.907784498769961923e+00,6.782820712148002196e-01
1.680277307739000082e+09,1.000000000000000000e+00,1.847483373113557592e-01,3.329128281716584037e-01,-9.072221451866525205e-03,-5.624026808578888037e-01,-1.907784498769961923e+00,6.782820712148002196e-01
1.680277307743000031e+09,1.000000000000000000e+00,1.833695272022802247e-01,3.324188999933439526e-01,-9.313076888641741782e-03,-5.618389395094947059e-01,-1.907463358187594604e+00,6.806993522288123932e-01
1.680277307746999979e+09,1.000000000000000000e+00,1.833695272022802247e-01,3.324188999933439526e-01,-9.313076888641741782e-03,-5.618389395094947059e-01,-1.907463358187594604e+00,6.806993522288123932e-01
1.680277307750999928e+09,1.000000000000000000e+00,1.819907170932047458e-01,3.319144998395175961e-01,-9.553932325416960095e-03,-5.612926514536203948e-01,-1.907159670897747628e+00,6.831183785720765789e-01
1.680277307755000114e+09,1.000000000000000000e+00,1.819907170932047458e-01,3.319144998395175961e-01,-9.553932325416960095e-03,-5.612926514536203948e-01,-1.907159670897747628e+00,6.831183785720765789e-01
1.680277307759000063e+09,1.000000000000000000e+00,1.806241242888931564e-01,3.314205716612032560e-01,-9.794787762192178407e-03,-5.607289101052262970e-01,-1.906840275644632765e+00,6.855356595860887525e-01
1.680277307763000011e+09,1.000000000000000000e+00,1.806241242888931564e-01,3.314205716612032560e-01,-9.794787762192178407e-03,-5.607289101052262970e-01,-1.906840275644632765e+00,6.855356595860887525e-01
1.680277307766999960e+09,1.000000000000000000e+00,1.792453141798176497e-01,3.309179168366288559e-01,-1.003564319896739498e-02,-5.601843673786041089e-01,-1.906536588354786010e+00,6.879546859293528271e-01
1.680277307770999908e+09,1.000000000000000000e+00,1.792453141798176497e-01,3.309179168366288559e-01,-1.003564319896739498e-02,-5.601843673786041089e-01,-1.906536588354786010e+00,6.879546859293528271e-01
1.680277307775000095e+09,1.000000000000000000e+00,1.778647587414901032e-01,3.304239886583144603e-01,-1.027649863574261156e-02,-5.596206260302097890e-01,-1.906217193101670704e+00,6.903719669433650008e-01
1.680277307779000044e+09,1.000000000000000000e+00,1.778647587414901032e-01,3.304239886583144603e-01,-1.027649863574261156e-02,-5.596206260302097890e-01,-1.906217193101670704e+00,6.903719669433650008e-01
1.680277307782999992e+09,1.000000000000000000e+00,1.764859486324146243e-01,3.299213338337400603e-01,-1.051735407251782987e-02,-5.590743379743357000e-01,-1.905913505811823727e+00,6.927892479573771745e-01
1.680277307786999941e+09,1.000000000000000000e+00,1.764859486324146243e-01,3.299213338337400603e-01,-1.051735407251782987e-02,-5.590743379743357000e-01,-1.905913505811823727e+00,6.927892479573771745e-01
1.680277307790999889e+09,1.000000000000000000e+00,1.751193558281030349e-01,3.294169336799137038e-01,-1.075820950929304645e-02,-5.585105966259414911e-01,-1.905594110558708865e+00,6.952082743006413601e-01
1.680277307795000076e+09,1.000000000000000000e+00,1.751193558281030349e-01,3.294169336799137038e-01,-1.075820950929304645e-02,-5.585105966259414911e-01,-1.905594110558708865e+00,6.952082743006413601e-01
1.680277307801000118e+09,1.000000000000000000e+00,1.737405457190275282e-01,3.289230055015993637e-01,-1.100081027532025940e-02,-5.579660538993191921e-01,-1.905290423268861666e+00,6.976255553146534227e-01
1.680277307805999994e+09,1.000000000000000000e+00,1.723617356099520215e-01,3.284203506770249636e-01,-1.124166571209547598e-02,-5.574197658434449920e-01,-1.904971028015746803e+00,7.000428363286655964e-01
1.680277307809999943e+09,1.000000000000000000e+00,1.723617356099520215e-01,3.284203506770249636e-01,-1.124166571209547598e-02,-5.574197658434449920e-01,-1.904971028015746803e+00,7.000428363286655964e-01
1.680277307813999891e+09,1.000000000000000000e+00,1.709951428056404599e-01,3.279264224987105680e-01,-1.148252114887069429e-02,-5.568560244950507832e-01,-1.904649887433379929e+00,7.024618626719297820e-01
1.680277307818000078e+09,1.000000000000000000e+00,1.709951428056404599e-01,3.279264224987105680e-01,-1.148252114887069429e-02,-5.568560244950507832e-01,-1.904649887433379929e+00,7.024618626719297820e-01
1.680277307822999954e+09,1.000000000000000000e+00,1.696163326965649254e-01,3.274237676741362235e-01,-1.172337658564591087e-02,-5.563097364391765831e-01,-1.904347945472784742e+00,7.048791436859419557e-01
1.680277307826999903e+09,1.000000000000000000e+00,1.696163326965649254e-01,3.274237676741362235e-01,-1.172337658564591087e-02,-5.563097364391765831e-01,-1.904347945472784742e+00,7.048791436859419557e-01
1.680277307831000090e+09,1.000000000000000000e+00,1.682375225874894187e-01,3.269298394958218279e-01,-1.196423202242112918e-02,-5.557477404200343862e-01,-1.904026804890417868e+00,7.072964246999541293e-01
1.680277307835000038e+09,1.000000000000000000e+00,1.682375225874894187e-01,3.269298394958218279e-01,-1.196423202242112918e-02,-5.557477404200343862e-01,-1.904026804890417868e+00,7.072964246999541293e-01
1.680277307838999987e+09,1.000000000000000000e+00,1.668709297831778571e-01,3.264254393419954714e-01,-1.220508745919634749e-02,-5.552014523641601862e-01,-1.903724862929822903e+00,7.097154510432182040e-01
1.680277307842999935e+09,1.000000000000000000e+00,1.668709297831778571e-01,3.264254393419954714e-01,-1.220508745919634749e-02,-5.552014523641601862e-01,-1.903724862929822903e+00,7.097154510432182040e-01
1.680277307846999884e+09,1.000000000000000000e+00,1.654921196741023226e-01,3.259227845174210714e-01,-1.244594289597156407e-02,-5.546377110157660884e-01,-1.903403722347456029e+00,7.121327320572302666e-01
1.680277307851000071e+09,1.000000000000000000e+00,1.654921196741023226e-01,3.259227845174210714e-01,-1.244594289597156407e-02,-5.546377110157660884e-01,-1.903403722347456029e+00,7.121327320572302666e-01
1.680277307855000019e+09,1.000000000000000000e+00,1.641133095650268159e-01,3.254288563391067313e-01,-1.268679833274678065e-02,-5.540914229598917773e-01,-1.903100035057608830e+00,7.145517584004945633e-01
1.680277307858999968e+09,1.000000000000000000e+00,1.641133095650268159e-01,3.254288563391067313e-01,-1.268679833274678065e-02,-5.540914229598917773e-01,-1.903100035057608830e+00,7.145517584004945633e-01
1.680277307862999916e+09,1.000000000000000000e+00,1.627327541266992972e-01,3.249262015145323312e-01,-1.292765376952199896e-02,-5.535468802332695892e-01,-1.902780639804493967e+00,7.169690394145066259e-01
1.680277307867000103e+09,1.000000000000000000e+00,1.627327541266992972e-01,3.249262015145323312e-01,-1.292765376952199896e-02,-5.535468802332695892e-01,-1.902780639804493967e+00,7.169690394145066259e-01
1.680277307871000051e+09,1.000000000000000000e+00,1.613679066516397198e-01,3.244322733362179356e-01,-1.317025453554921191e-02,-5.529831388848753804e-01,-1.902476952514646991e+00,7.193863204285186885e-01
1.680277307875000000e+09,1.000000000000000000e+00,1.613679066516397198e-01,3.244322733362179356e-01,-1.317025453554921191e-02,-5.529831388848753804e-01,-1.902476952514646991e+00,7.193863204285186885e-01
1.680277307878999949e+09,1.000000000000000000e+00,1.599873512133122289e-01,3.239278731823915791e-01,-1.341110997232442849e-02,-5.524368508290011803e-01,-1.902157557261532128e+00,7.218053467717828742e-01
1.680277307882999897e+09,1.000000000000000000e+00,1.599873512133122289e-01,3.239278731823915791e-01,-1.341110997232442849e-02,-5.524368508290011803e-01,-1.902157557261532128e+00,7.218053467717828742e-01
1.680277307887000084e+09,1.000000000000000000e+00,1.586085411042366944e-01,3.234339450040771835e-01,-1.365196540909964507e-02,-5.518731094806069715e-01,-1.901853869971684929e+00,7.242226277857950478e-01
1.680277307891000032e+09,1.000000000000000000e+00,1.586085411042366944e-01,3.234339450040771835e-01,-1.365196540909964507e-02,-5.518731094806069715e-01,-1.901853869971684929e+00,7.242226277857950478e-01
1.680277307894999981e+09,1.000000000000000000e+00,1.572419482999251328e-01,3.229312901795028390e-01,-1.389282084587486338e-02,-5.513285667539847834e-01,-1.901534474718570067e+00,7.266399087998072215e-01
1.680277307898999929e+09,1.000000000000000000e+00,1.572419482999251328e-01,3.229312901795028390e-01,-1.389282084587486338e-02,-5.513285667539847834e-01,-1.901534474718570067e+00,7.266399087998072215e-01
1.680277307903000116e+09,1.000000000000000000e+00,1.558631381908496261e-01,3.224373620011883879e-01,-1.413367628265007996e-02,-5.507648254055905745e-01,-1.901213334136203192e+00,7.290589351430712961e-01
1.680277307907000065e+09,1.000000000000000000e+00,1.558631381908496261e-01,3.224373620011883879e-01,-1.413367628265007996e-02,-5.507648254055905745e-01,-1.901213334136203192e+00,7.290589351430712961e-01
1.680277307911000013e+09,1.000000000000000000e+00,1.544843280817740916e-01,3.219329618473620314e-01,-1.437453171942529827e-02,-5.502185373497163745e-01,-1.900911392175608006e+00,7.314762161570834698e-01
1.680277307914999962e+09,1.000000000000000000e+00,1.544843280817740916e-01,3.219329618473620314e-01,-1.437453171942529827e-02,-5.502185373497163745e-01,-1.900911392175608006e+00,7.314762161570834698e-01
1.680277307921999931e+09,1.000000000000000000e+00,1.531177352774625300e-01,3.214303070227876868e-01,-1.461538715620051658e-02,-5.496565413305741776e-01,-1.900590251593240909e+00,7.338934971710956434e-01
1.680277307927000046e+09,1.000000000000000000e+00,1.517389251683870233e-01,3.209363788444732912e-01,-1.485624259297573316e-02,-5.491102532746999776e-01,-1.900288309632646166e+00,7.363125235143598291e-01
1.680277307930999994e+09,1.000000000000000000e+00,1.517389251683870233e-01,3.209363788444732912e-01,-1.485624259297573316e-02,-5.491102532746999776e-01,-1.900288309632646166e+00,7.363125235143598291e-01
1.680277307934999943e+09,1.000000000000000000e+00,1.503601150593114888e-01,3.204337240198989467e-01,-1.509709802975094974e-02,-5.485639652188257775e-01,-1.899967169050279292e+00,7.387298045283718917e-01
1.680277307938999891e+09,1.000000000000000000e+00,1.503601150593114888e-01,3.204337240198989467e-01,-1.509709802975094974e-02,-5.485639652188257775e-01,-1.899967169050279292e+00,7.387298045283718917e-01
1.680277307943000078e+09,1.000000000000000000e+00,1.489795596209839701e-01,3.199397958415844956e-01,-1.533969879577816268e-02,-5.480002238704315687e-01,-1.899665227089684105e+00,7.411488308716360773e-01
1.680277307948999882e+09,1.000000000000000000e+00,1.476147121459244205e-01,3.194353956877581391e-01,-1.558055423255338100e-02,-5.474539358145573686e-01,-1.899344086507317009e+00,7.435661118856482510e-01
1.680277307953999996e+09,1.000000000000000000e+00,1.476147121459244205e-01,3.194353956877581391e-01,-1.558055423255338100e-02,-5.474539358145573686e-01,-1.899344086507317009e+00,7.435661118856482510e-01
1.680277307959000111e+09,1.000000000000000000e+00,1.462341567075969018e-01,3.189414675094437990e-01,-1.582140966932859757e-02,-5.468919397954151718e-01,-1.899042144546722266e+00,7.459833928996604246e-01
1.680277307966000080e+09,1.000000000000000000e+00,1.448553465985213673e-01,3.184388126848693990e-01,-1.605179313059184806e-02,-5.463456517395409717e-01,-1.898721003964355392e+00,7.484024192429244993e-01
1.680277307970000029e+09,1.000000000000000000e+00,1.448553465985213673e-01,3.184388126848693990e-01,-1.605179313059184806e-02,-5.463456517395409717e-01,-1.898721003964355392e+00,7.484024192429244993e-01
1.680277307973999977e+09,1.000000000000000000e+00,1.434887537942098057e-01,3.179361578602950544e-01,-1.629264856736706638e-02,-5.457819103911467629e-01,-1.898417316674508193e+00,7.508197002569366729e-01
1.680277307977999926e+09,1.000000000000000000e+00,1.434887537942098057e-01,3.179361578602950544e-01,-1.629264856736706638e-02,-5.457819103911467629e-01,-1.898417316674508193e+00,7.508197002569366729e-01
1.680277307982000113e+09,1.000000000000000000e+00,1.421099436851342990e-01,3.174422296819806033e-01,-1.653350400414228469e-02,-5.452356223352725628e-01,-1.898097921421393108e+00,7.532369812709487356e-01
1.680277307986000061e+09,1.000000000000000000e+00,1.421099436851342990e-01,3.174422296819806033e-01,-1.653350400414228469e-02,-5.452356223352725628e-01,-1.898097921421393108e+00,7.532369812709487356e-01
1.680277307990000010e+09,1.000000000000000000e+00,1.407311335760587645e-01,3.169378295281542468e-01,-1.677435944091749953e-02,-5.446910796086503748e-01,-1.897776780839026234e+00,7.556560076142130322e-01
1.680277307993999958e+09,1.000000000000000000e+00,1.407311335760587645e-01,3.169378295281542468e-01,-1.677435944091749953e-02,-5.446910796086503748e-01,-1.897776780839026234e+00,7.556560076142130322e-01
1.680277307997999907e+09,1.000000000000000000e+00,1.393645407717472307e-01,3.164439013498399067e-01,-1.701521487769271784e-02,-5.441273382602561659e-01,-1.897474838878431047e+00,7.580732886282249838e-01
1.680277308003000021e+09,1.000000000000000000e+00,1.393645407717472307e-01,3.164439013498399067e-01,-1.701521487769271784e-02,-5.441273382602561659e-01,-1.897474838878431047e+00,7.580732886282249838e-01
1.680277308006999969e+09,1.000000000000000000e+00,1.379857306626716962e-01,3.159412465252655067e-01,-1.725607031446793616e-02,-5.435810502043819659e-01,-1.897153698296064173e+00,7.604905696422371575e-01
1.680277308010999918e+09,1.000000000000000000e+00,1.379857306626716962e-01,3.159412465252655067e-01,-1.725607031446793616e-02,-5.435810502043819659e-01,-1.897153698296064173e+00,7.604905696422371575e-01
1.680277308015000105e+09,1.000000000000000000e+00,1.366069205535961617e-01,3.154473183469511111e-01,-1.749692575124315447e-02,-5.430173088559877570e-01,-1.896851756335469208e+00,7.629095959855013431e-01
1.680277308019000053e+09,1.000000000000000000e+00,1.366069205535961617e-01,3.154473183469511111e-01,-1.749692575124315447e-02,-5.430173088559877570e-01,-1.896851756335469208e+00,7.629095959855013431e-01
1.680277308025000095e+09,1.000000000000000000e+00,1.352263651152686430e-01,3.149446635223768221e-01,-1.773778118801836931e-02,-5.424727661293655689e-01,-1.896530615753102333e+00,7.653268769995135168e-01
1.680277308029999971e+09,1.000000000000000000e+00,1.338615176402090934e-01,3.144507353440623709e-01,-1.798038195404558226e-02,-5.419090247809713601e-01,-1.896228673792507147e+00,7.677459033427775914e-01
1.680277308033999920e+09,1.000000000000000000e+00,1.338615176402090934e-01,3.144507353440623709e-01,-1.798038195404558226e-02,-5.419090247809713601e-01,-1.896228673792507147e+00,7.677459033427775914e-01
1.680277308038000107e+09,1.000000000000000000e+00,1.324809622018815747e-01,3.139463351902360144e-01,-1.822123739082080057e-02,-5.413627367250971600e-01,-1.895907533210140272e+00,7.701631843567897651e-01
1.680277308042000055e+09,1.000000000000000000e+00,1.324809622018815747e-01,3.139463351902360144e-01,-1.822123739082080057e-02,-5.413627367250971600e-01,-1.895907533210140272e+00,7.701631843567897651e-01
1.680277308046000004e+09,1.000000000000000000e+00,1.311021520928060402e-01,3.134436803656616144e-01,-1.846209282759601888e-02,-5.408007407059549632e-01,-1.895605591249545308e+00,7.725804653708019387e-01
1.680277308049999952e+09,1.000000000000000000e+00,1.311021520928060402e-01,3.134436803656616144e-01,-1.846209282759601888e-02,-5.408007407059549632e-01,-1.895605591249545308e+00,7.725804653708019387e-01
1.680277308053999901e+09,1.000000000000000000e+00,1.297355592884945064e-01,3.129497521873472743e-01,-1.870294826437123720e-02,-5.402544526500807631e-01,-1.895284450667178433e+00,7.749994917140661244e-01
1.680277308058000088e+09,1.000000000000000000e+00,1.297355592884945064e-01,3.129497521873472743e-01,-1.870294826437123720e-02,-5.402544526500807631e-01,-1.895284450667178433e+00,7.749994917140661244e-01
1.680277308062000036e+09,1.000000000000000000e+00,1.283567491794189719e-01,3.124470973627729298e-01,-1.894380370114645204e-02,-5.397081645942064521e-01,-1.894982508706583246e+00,7.774167727280782980e-01
1.680277308065999985e+09,1.000000000000000000e+00,1.283567491794189719e-01,3.124470973627729298e-01,-1.894380370114645204e-02,-5.397081645942064521e-01,-1.894982508706583246e+00,7.774167727280782980e-01
1.680277308069999933e+09,1.000000000000000000e+00,1.269779390703434652e-01,3.119514238552064667e-01,-1.918465913792167035e-02,-5.391444232458123542e-01,-1.894661368124216372e+00,7.798340537420903607e-01
1.680277308073999882e+09,1.000000000000000000e+00,1.269779390703434652e-01,3.119514238552064667e-01,-1.918465913792167035e-02,-5.391444232458123542e-01,-1.894661368124216372e+00,7.798340537420903607e-01
1.680277308079999924e+09,1.000000000000000000e+00,1.256113462660319036e-01,3.114487690306321221e-01,-1.942551457469688866e-02,-5.385981351899381542e-01,-1.894340227541849497e+00,7.822530800853545463e-01
1.680277308085999966e+09,1.000000000000000000e+00,1.242325361569563830e-01,3.109548408523177820e-01,-1.966637001147210698e-02,-5.380361391707959573e-01,-1.894038285581254311e+00,7.846703610993667199e-01
1.680277308089999914e+09,1.000000000000000000e+00,1.242325361569563830e-01,3.109548408523177820e-01,-1.966637001147210698e-02,-5.380361391707959573e-01,-1.894038285581254311e+00,7.846703610993667199e-01
1.680277308094000101e+09,1.000000000000000000e+00,1.228537260478808485e-01,3.104521860277433820e-01,-1.990722544824732529e-02,-5.374898511149217573e-01,-1.893717144998887436e+00,7.870876421133788936e-01
1.680277308098000050e+09,1.000000000000000000e+00,1.228537260478808485e-01,3.104521860277433820e-01,-1.990722544824732529e-02,-5.374898511149217573e-01,-1.893717144998887436e+00,7.870876421133788936e-01
1.680277308101999998e+09,1.000000000000000000e+00,1.214731706095533437e-01,3.099477858739170255e-01,-2.014982621427453477e-02,-5.369261097665275484e-01,-1.893415203038292471e+00,7.895066684566429682e-01
1.680277308105999947e+09,1.000000000000000000e+00,1.214731706095533437e-01,3.099477858739170255e-01,-2.014982621427453477e-02,-5.369261097665275484e-01,-1.893415203038292471e+00,7.895066684566429682e-01
1.680277308111000061e+09,1.000000000000000000e+00,1.201083231344937802e-01,3.094538576956025744e-01,-2.039068165104974961e-02,-5.363798217106533484e-01,-1.893094062455925597e+00,7.919239494706550309e-01
1.680277308117000103e+09,1.000000000000000000e+00,1.187277676961662615e-01,3.089512028710282299e-01,-2.063153708782496792e-02,-5.358352789840311603e-01,-1.892792120495330410e+00,7.943429758139193275e-01
1.680277308121999979e+09,1.000000000000000000e+00,1.187277676961662615e-01,3.089512028710282299e-01,-2.063153708782496792e-02,-5.358352789840311603e-01,-1.892792120495330410e+00,7.943429758139193275e-01
1.680277308125999928e+09,1.000000000000000000e+00,1.173489575870907409e-01,3.084572746927138898e-01,-2.087239252460018624e-02,-5.352715376356369514e-01,-1.892470979912963536e+00,7.967602568279313902e-01
1.680277308130000114e+09,1.000000000000000000e+00,1.173489575870907409e-01,3.084572746927138898e-01,-2.087239252460018624e-02,-5.352715376356369514e-01,-1.892470979912963536e+00,7.967602568279313902e-01
1.680277308134000063e+09,1.000000000000000000e+00,1.159823647827791793e-01,3.079546198681394897e-01,-2.111324796137540455e-02,-5.347252495797627514e-01,-1.892169037952368571e+00,7.991775378419434528e-01
1.680277308138000011e+09,1.000000000000000000e+00,1.159823647827791793e-01,3.079546198681394897e-01,-2.111324796137540455e-02,-5.347252495797627514e-01,-1.892169037952368571e+00,7.991775378419434528e-01
1.680277308141999960e+09,1.000000000000000000e+00,1.146035546737036587e-01,3.074606916898250941e-01,-2.135410339815062286e-02,-5.341615082313685425e-01,-1.891847897370001697e+00,8.015965641852076384e-01
1.680277308145999908e+09,1.000000000000000000e+00,1.146035546737036587e-01,3.074606916898250941e-01,-2.135410339815062286e-02,-5.341615082313685425e-01,-1.891847897370001697e+00,8.015965641852076384e-01
1.680277308150000095e+09,1.000000000000000000e+00,1.132247445646281520e-01,3.069562915359986821e-01,-2.159495883492584117e-02,-5.336169655047463545e-01,-1.891545955409406510e+00,8.040138451992198121e-01
1.680277308154000044e+09,1.000000000000000000e+00,1.132247445646281520e-01,3.069562915359986821e-01,-2.159495883492584117e-02,-5.336169655047463545e-01,-1.891545955409406510e+00,8.040138451992198121e-01
1.680277308157999992e+09,1.000000000000000000e+00,1.118581517603165765e-01,3.064536367114243376e-01,-2.183581427170105949e-02,-5.330532241563521456e-01,-1.891224814827039635e+00,8.064311262132319857e-01
1.680277308161999941e+09,1.000000000000000000e+00,1.118581517603165765e-01,3.064536367114243376e-01,-2.183581427170105949e-02,-5.330532241563521456e-01,-1.891224814827039635e+00,8.064311262132319857e-01
1.680277308165999889e+09,1.000000000000000000e+00,1.104793416512410559e-01,3.059597085331099975e-01,-2.207666970847627433e-02,-5.325069361004779456e-01,-1.890903674244672539e+00,8.088501525564960604e-01
1.680277308170000076e+09,1.000000000000000000e+00,1.104793416512410559e-01,3.059597085331099975e-01,-2.207666970847627433e-02,-5.325069361004779456e-01,-1.890903674244672539e+00,8.088501525564960604e-01
1.680277308174000025e+09,1.000000000000000000e+00,1.091005315421655492e-01,3.054570537085355975e-01,-2.231927047450348381e-02,-5.319606480446036345e-01,-1.890601732284077574e+00,8.112674335705082340e-01
1.680277308177999973e+09,1.000000000000000000e+00,1.091005315421655492e-01,3.054570537085355975e-01,-2.231927047450348381e-02,-5.319606480446036345e-01,-1.890601732284077574e+00,8.112674335705082340e-01
1.680277308181999922e+09,1.000000000000000000e+00,1.077217214330900147e-01,3.049631255302212018e-01,-2.256012591127870212e-02,-5.313986520254615487e-01,-1.890280591701710478e+00,8.136847145845204077e-01
1.680277308186000109e+09,1.000000000000000000e+00,1.077217214330900147e-01,3.049631255302212018e-01,-2.256012591127870212e-02,-5.313986520254615487e-01,-1.890280591701710478e+00,8.136847145845204077e-01
1.680277308190000057e+09,1.000000000000000000e+00,1.063551286287784670e-01,3.044587253763947898e-01,-2.280098134805392043e-02,-5.308523639695873486e-01,-1.889978649741115735e+00,8.161037409277845933e-01
1.680277308194000006e+09,1.000000000000000000e+00,1.063551286287784670e-01,3.044587253763947898e-01,-2.280098134805392043e-02,-5.308523639695873486e-01,-1.889978649741115735e+00,8.161037409277845933e-01
1.680277308197999954e+09,1.000000000000000000e+00,1.049763185197029464e-01,3.039647971980804497e-01,-2.304183678482913875e-02,-5.302886226211931398e-01,-1.889657509158748638e+00,8.185210219417966560e-01
1.680277308201999903e+09,1.000000000000000000e+00,1.049763185197029464e-01,3.039647971980804497e-01,-2.304183678482913875e-02,-5.302886226211931398e-01,-1.889657509158748638e+00,8.185210219417966560e-01
1.680277308206000090e+09,1.000000000000000000e+00,1.035957630813754277e-01,3.034621423735060497e-01,-2.328269222160435706e-02,-5.297423345653189397e-01,-1.889355567198153674e+00,8.209400482850608416e-01
1.680277308210000038e+09,1.000000000000000000e+00,1.035957630813754277e-01,3.034621423735060497e-01,-2.328269222160435706e-02,-5.297423345653189397e-01,-1.889355567198153674e+00,8.209400482850608416e-01
1.680277308213999987e+09,1.000000000000000000e+00,1.022309156063158642e-01,3.029682141951916541e-01,-2.352354765837957537e-02,-5.291803385461767428e-01,-1.889034426615786577e+00,8.233573292990730152e-01
1.680277308217999935e+09,1.000000000000000000e+00,1.022309156063158642e-01,3.029682141951916541e-01,-2.352354765837957537e-02,-5.291803385461767428e-01,-1.889034426615786577e+00,8.233573292990730152e-01
1.680277308221999884e+09,1.000000000000000000e+00,1.008503601679883455e-01,3.024655593706172541e-01,-2.376440309515479021e-02,-5.286340504903025428e-01,-1.888732484655191612e+00,8.257746103130851889e-01
1.680277308226000071e+09,1.000000000000000000e+00,1.008503601679883455e-01,3.024655593706172541e-01,-2.376440309515479021e-02,-5.286340504903025428e-01,-1.888732484655191612e+00,8.257746103130851889e-01
1.680277308230000019e+09,1.000000000000000000e+00,9.947155005891282487e-02,3.019611592167909531e-01,-2.400525853193000853e-02,-5.280703091419083339e-01,-1.888411344072824516e+00,8.281936366563492635e-01
1.680277308233999968e+09,1.000000000000000000e+00,9.947155005891282487e-02,3.019611592167909531e-01,-2.400525853193000853e-02,-5.280703091419083339e-01,-1.888411344072824516e+00,8.281936366563492635e-01
1.680277308237999916e+09,1.000000000000000000e+00,9.810495725460127714e-02,3.014672310384765574e-01,-2.424611396870522684e-02,-5.275240210860341339e-01,-1.888109402112229773e+00,8.306109176703613262e-01
1.680277308242000103e+09,1.000000000000000000e+00,9.810495725460127714e-02,3.014672310384765574e-01,-2.424611396870522684e-02,-5.275240210860341339e-01,-1.888109402112229773e+00,8.306109176703613262e-01
1.680277308246000051e+09,1.000000000000000000e+00,9.672614714552574267e-02,3.009645762139021574e-01,-2.448871473473243979e-02,-5.269794783594118348e-01,-1.887788261529862677e+00,8.330281986843734998e-01
1.680277308250000000e+09,1.000000000000000000e+00,9.672614714552574267e-02,3.009645762139021574e-01,-2.448871473473243979e-02,-5.269794783594118348e-01,-1.887788261529862677e+00,8.330281986843734998e-01
1.680277308256000042e+09,1.000000000000000000e+00,9.534733703645022207e-02,3.004706480355877618e-01,-2.472957017150765463e-02,-5.264157370110177370e-01,-1.887467120947495802e+00,8.354472250276377965e-01
1.680277308262000084e+09,1.000000000000000000e+00,9.396852692737471535e-02,2.999662478817614608e-01,-2.497042560828287294e-02,-5.258694489551434259e-01,-1.887165178986900615e+00,8.378645060416498591e-01
1.680277308266000032e+09,1.000000000000000000e+00,9.396852692737471535e-02,2.999662478817614608e-01,-2.497042560828287294e-02,-5.258694489551434259e-01,-1.887165178986900615e+00,8.378645060416498591e-01
1.680277308269999981e+09,1.000000000000000000e+00,9.260193412306313987e-02,2.994723197034470097e-01,-2.521128104505808779e-02,-5.253057076067493281e-01,-1.886844038404533741e+00,8.402817870556619217e-01
1.680277308273999929e+09,1.000000000000000000e+00,9.260193412306313987e-02,2.994723197034470097e-01,-2.521128104505808779e-02,-5.253057076067493281e-01,-1.886844038404533741e+00,8.402817870556619217e-01
1.680277308278000116e+09,1.000000000000000000e+00,9.122312401398761927e-02,2.989696648788726652e-01,-2.545213648183330610e-02,-5.247611648801271400e-01,-1.886542096443938776e+00,8.427008133989261074e-01
1.680277308285000086e+09,1.000000000000000000e+00,8.984256857566010057e-02,2.984670100542982651e-01,-2.569299191860852441e-02,-5.241974235317329311e-01,-1.886220955861571902e+00,8.451180944129382810e-01
1.680277308289000034e+09,1.000000000000000000e+00,8.984256857566010057e-02,2.984670100542982651e-01,-2.569299191860852441e-02,-5.241974235317329311e-01,-1.886220955861571902e+00,8.451180944129382810e-01
1.680277308292999983e+09,1.000000000000000000e+00,8.847772110060053707e-02,2.979730818759839250e-01,-2.592337537987177837e-02,-5.236511354758587311e-01,-1.885919013900976715e+00,8.475371207562023557e-01
1.680277308296999931e+09,1.000000000000000000e+00,8.847772110060053707e-02,2.979730818759839250e-01,-2.592337537987177837e-02,-5.236511354758587311e-01,-1.885919013900976715e+00,8.475371207562023557e-01
1.680277308301000118e+09,1.000000000000000000e+00,8.709716566227303225e-02,2.974686817221575685e-01,-2.616423081664699668e-02,-5.231048474199844200e-01,-1.885597873318609841e+00,8.499544017702145293e-01
1.680277308305000067e+09,1.000000000000000000e+00,8.709716566227303225e-02,2.974686817221575685e-01,-2.616423081664699668e-02,-5.231048474199844200e-01,-1.885597873318609841e+00,8.499544017702145293e-01
1.680277308309000015e+09,1.000000000000000000e+00,8.571835555319749778e-02,2.969747535438431174e-01,-2.640508625342221152e-02,-5.225428514008422232e-01,-1.885295931358014654e+00,8.523716827842267030e-01
1.680277308312999964e+09,1.000000000000000000e+00,8.571835555319749778e-02,2.969747535438431174e-01,-2.640508625342221152e-02,-5.225428514008422232e-01,-1.885295931358014654e+00,8.523716827842267030e-01
1.680277308316999912e+09,1.000000000000000000e+00,8.435176274888595005e-02,2.964720987192687729e-01,-2.664594169019742984e-02,-5.219965633449681341e-01,-1.884974790775647779e+00,8.547907091274908886e-01
1.680277308321000099e+09,1.000000000000000000e+00,8.435176274888595005e-02,2.964720987192687729e-01,-2.664594169019742984e-02,-5.219965633449681341e-01,-1.884974790775647779e+00,8.547907091274908886e-01
1.680277308325999975e+09,1.000000000000000000e+00,8.297295263981041558e-02,2.959781705409544328e-01,-2.688679712697264468e-02,-5.214328219965739253e-01,-1.884672848815052815e+00,8.572079901415030623e-01
1.680277308332999945e+09,1.000000000000000000e+00,8.159414253073490886e-02,2.954755157163800328e-01,-2.712939789299985763e-02,-5.208865339406997252e-01,-1.884351708232685940e+00,8.596252711555151249e-01
1.680277308336999893e+09,1.000000000000000000e+00,8.159414253073490886e-02,2.954755157163800328e-01,-2.712939789299985763e-02,-5.208865339406997252e-01,-1.884351708232685940e+00,8.596252711555151249e-01
1.680277308341000080e+09,1.000000000000000000e+00,8.021533242165938826e-02,2.949815875380656371e-01,-2.737025332977507594e-02,-5.203245379215575284e-01,-1.884049766272090753e+00,8.620442974987793106e-01
1.680277308345000029e+09,1.000000000000000000e+00,8.021533242165938826e-02,2.949815875380656371e-01,-2.737025332977507594e-02,-5.203245379215575284e-01,-1.884049766272090753e+00,8.620442974987793106e-01
1.680277308349999905e+09,1.000000000000000000e+00,7.884873961734781278e-02,2.944771873842392251e-01,-2.761110876655029425e-02,-5.197782498656832173e-01,-1.883728625689723879e+00,8.644615785127914842e-01
1.680277308354000092e+09,1.000000000000000000e+00,7.884873961734781278e-02,2.944771873842392251e-01,-2.761110876655029425e-02,-5.197782498656832173e-01,-1.883728625689723879e+00,8.644615785127914842e-01
1.680277308358999968e+09,1.000000000000000000e+00,7.746992950827230606e-02,2.939745325596648806e-01,-2.785196420332551256e-02,-5.192145085172891195e-01,-1.883409230436609016e+00,8.668788595268035468e-01
1.680277308365000010e+09,1.000000000000000000e+00,7.608937406994480124e-02,2.934806043813505405e-01,-2.809281964010072741e-02,-5.186682204614149194e-01,-1.883105543146762040e+00,8.692978858700677325e-01
1.680277308368999958e+09,1.000000000000000000e+00,7.608937406994480124e-02,2.934806043813505405e-01,-2.809281964010072741e-02,-5.186682204614149194e-01,-1.883105543146762040e+00,8.692978858700677325e-01
1.680277308372999907e+09,1.000000000000000000e+00,7.472452659488522386e-02,2.929779495567761405e-01,-2.833367507687594572e-02,-5.181236777347926203e-01,-1.882784402564395165e+00,8.717151668840797951e-01
1.680277308377000093e+09,1.000000000000000000e+00,7.472452659488522386e-02,2.929779495567761405e-01,-2.833367507687594572e-02,-5.181236777347926203e-01,-1.882784402564395165e+00,8.717151668840797951e-01
1.680277308381000042e+09,1.000000000000000000e+00,7.334397115655771904e-02,2.924840213784617449e-01,-2.857453051365116403e-02,-5.175599363863985225e-01,-1.882482460603799979e+00,8.741341932273440918e-01
1.680277308384999990e+09,1.000000000000000000e+00,7.334397115655771904e-02,2.924840213784617449e-01,-2.857453051365116403e-02,-5.175599363863985225e-01,-1.882482460603799979e+00,8.741341932273440918e-01
1.680277308388999939e+09,1.000000000000000000e+00,7.196516104748219844e-02,2.919796212246353329e-01,-2.881538595042638234e-02,-5.170136483305242114e-01,-1.882161320021432882e+00,8.765514742413561544e-01
1.680277308392999887e+09,1.000000000000000000e+00,7.196516104748219844e-02,2.919796212246353329e-01,-2.881538595042638234e-02,-5.170136483305242114e-01,-1.882161320021432882e+00,8.765514742413561544e-01
1.680277308397000074e+09,1.000000000000000000e+00,7.059856824317062296e-02,2.914856930463209927e-01,-2.905624138720160066e-02,-5.164499069821301136e-01,-1.881859378060837917e+00,8.789687552553682170e-01
1.680277308401000023e+09,1.000000000000000000e+00,7.059856824317062296e-02,2.914856930463209927e-01,-2.905624138720160066e-02,-5.164499069821301136e-01,-1.881859378060837917e+00,8.789687552553682170e-01
1.680277308404999971e+09,1.000000000000000000e+00,6.921975813409511624e-02,2.909830382217466482e-01,-2.929884215322881014e-02,-5.159053642555078145e-01,-1.881538237478470821e+00,8.813877815986324027e-01
1.680277308408999920e+09,1.000000000000000000e+00,6.921975813409511624e-02,2.909830382217466482e-01,-2.929884215322881014e-02,-5.159053642555078145e-01,-1.881538237478470821e+00,8.813877815986324027e-01
1.680277308414000034e+09,1.000000000000000000e+00,6.784094802501959565e-02,2.904803833971722482e-01,-2.953969759000402498e-02,-5.153416229071137167e-01,-1.881236295517876078e+00,8.838050626126445763e-01
1.680277308417999983e+09,1.000000000000000000e+00,6.784094802501959565e-02,2.904803833971722482e-01,-2.953969759000402498e-02,-5.153416229071137167e-01,-1.881236295517876078e+00,8.838050626126445763e-01
1.680277308423000097e+09,1.000000000000000000e+00,6.646213791594406117e-02,2.899847098896058406e-01,-2.978055302677924329e-02,-5.147953348512394056e-01,-1.880915154935508982e+00,8.862223436266567500e-01
1.680277308427999973e+09,1.000000000000000000e+00,6.509554511163249957e-02,2.894820550650314406e-01,-3.002140846355446160e-02,-5.142490467953653166e-01,-1.880613212974914017e+00,8.886413699699208246e-01
1.680277308431999922e+09,1.000000000000000000e+00,6.509554511163249957e-02,2.894820550650314406e-01,-3.002140846355446160e-02,-5.142490467953653166e-01,-1.880613212974914017e+00,8.886413699699208246e-01
1.680277308436000109e+09,1.000000000000000000e+00,6.371673500255699285e-02,2.889881268867171005e-01,-3.026226390032967992e-02,-5.136870507762230087e-01,-1.880292072392546920e+00,8.910586509839329983e-01
1.680277308440000057e+09,1.000000000000000000e+00,6.371673500255699285e-02,2.889881268867171005e-01,-3.026226390032967992e-02,-5.136870507762230087e-01,-1.880292072392546920e+00,8.910586509839329983e-01
1.680277308447000027e+09,1.000000000000000000e+00,6.233617956422947415e-02,2.884854720621427560e-01,-3.050311933710489823e-02,-5.131407627203488087e-01,-1.879972677139432058e+00,8.934759319979451719e-01
1.680277308451999903e+09,1.000000000000000000e+00,6.097133208916990371e-02,2.879915438838283048e-01,-3.074397477388011654e-02,-5.125770213719547108e-01,-1.879668989849585303e+00,8.958949583412093576e-01
1.680277308456000090e+09,1.000000000000000000e+00,6.097133208916990371e-02,2.879915438838283048e-01,-3.074397477388011654e-02,-5.125770213719547108e-01,-1.879668989849585303e+00,8.958949583412093576e-01
1.680277308460000038e+09,1.000000000000000000e+00,5.959077665084239195e-02,2.874871437300020038e-01,-3.098483021065533485e-02,-5.120307333160803998e-01,-1.879349594596469997e+00,8.983122393552214202e-01
1.680277308463999987e+09,1.000000000000000000e+00,5.959077665084239195e-02,2.874871437300020038e-01,-3.098483021065533485e-02,-5.120307333160803998e-01,-1.879349594596469997e+00,8.983122393552214202e-01
1.680277308469000101e+09,1.000000000000000000e+00,5.821196654176687829e-02,2.869932155516876082e-01,-3.122743097668254086e-02,-5.114687372969383139e-01,-1.879045907306623020e+00,9.007312656984856059e-01
1.680277308473000050e+09,1.000000000000000000e+00,5.821196654176687829e-02,2.869932155516876082e-01,-3.122743097668254086e-02,-5.114687372969383139e-01,-1.879045907306623020e+00,9.007312656984856059e-01
1.680277308476999998e+09,1.000000000000000000e+00,5.684537373745531669e-02,2.864905607271132082e-01,-3.146828641345775918e-02,-5.109224492410641139e-01,-1.878726512053508158e+00,9.031485467124977795e-01
1.680277308480999947e+09,1.000000000000000000e+00,5.684537373745531669e-02,2.864905607271132082e-01,-3.146828641345775918e-02,-5.109224492410641139e-01,-1.878726512053508158e+00,9.031485467124977795e-01
1.680277308484999895e+09,1.000000000000000000e+00,5.546656362837978915e-02,2.859879059025388637e-01,-3.170914185023297749e-02,-5.103587078926699050e-01,-1.878422824763660959e+00,9.055658277265099532e-01
1.680277308489000082e+09,1.000000000000000000e+00,5.546656362837978915e-02,2.859879059025388637e-01,-3.170914185023297749e-02,-5.103587078926699050e-01,-1.878422824763660959e+00,9.055658277265099532e-01
1.680277308493000031e+09,1.000000000000000000e+00,5.408775351930427550e-02,2.854939777242244681e-01,-3.194999728700819580e-02,-5.098124198367957050e-01,-1.878101684181294084e+00,9.079848540697740278e-01
1.680277308496999979e+09,1.000000000000000000e+00,5.408775351930427550e-02,2.854939777242244681e-01,-3.194999728700819580e-02,-5.098124198367957050e-01,-1.878101684181294084e+00,9.079848540697740278e-01
1.680277308500999928e+09,1.000000000000000000e+00,5.270894341022875490e-02,2.849895775703981116e-01,-3.219085272378341411e-02,-5.092678771101734059e-01,-1.877799742220699120e+00,9.104021350837860904e-01
1.680277308505000114e+09,1.000000000000000000e+00,5.270894341022875490e-02,2.849895775703981116e-01,-3.219085272378341411e-02,-5.092678771101734059e-01,-1.877799742220699120e+00,9.104021350837860904e-01
1.680277308509000063e+09,1.000000000000000000e+00,5.134235060591719330e-02,2.844956493920837159e-01,-3.243170816055863243e-02,-5.087041357617791970e-01,-1.877478601638332245e+00,9.128194160977982641e-01
1.680277308513000011e+09,1.000000000000000000e+00,5.134235060591719330e-02,2.844956493920837159e-01,-3.243170816055863243e-02,-5.087041357617791970e-01,-1.877478601638332245e+00,9.128194160977982641e-01
1.680277308516999960e+09,1.000000000000000000e+00,4.996354049684166576e-02,2.839929945675093159e-01,-3.267256359733385074e-02,-5.081578477059051080e-01,-1.877176659677737058e+00,9.152384424410624497e-01
1.680277308520999908e+09,1.000000000000000000e+00,4.996354049684166576e-02,2.839929945675093159e-01,-3.267256359733385074e-02,-5.081578477059051080e-01,-1.877176659677737058e+00,9.152384424410624497e-01
1.680277308525000095e+09,1.000000000000000000e+00,4.858473038776615210e-02,2.834990663891949758e-01,-3.291341903410906211e-02,-5.075941063575107881e-01,-1.876855519095370184e+00,9.176557234550746234e-01
1.680277308529000044e+09,1.000000000000000000e+00,4.858473038776615210e-02,2.834990663891949758e-01,-3.291341903410906211e-02,-5.075941063575107881e-01,-1.876855519095370184e+00,9.176557234550746234e-01
1.680277308532999992e+09,1.000000000000000000e+00,4.721813758345459050e-02,2.829964115646205758e-01,-3.315427447088428042e-02,-5.070495636308886001e-01,-1.876536123842255321e+00,9.200730044690866860e-01
1.680277308536999941e+09,1.000000000000000000e+00,4.721813758345459050e-02,2.829964115646205758e-01,-3.315427447088428042e-02,-5.070495636308886001e-01,-1.876536123842255321e+00,9.200730044690866860e-01
1.680277308540999889e+09,1.000000000000000000e+00,4.583758214512707874e-02,2.824920114107942193e-01,-3.339687523691149684e-02,-5.064858222824945022e-01,-1.876232436552408345e+00,9.224920308123508716e-01
1.680277308545000076e+09,1.000000000000000000e+00,4.583758214512707874e-02,2.824920114107942193e-01,-3.339687523691149684e-02,-5.064858222824945022e-01,-1.876232436552408345e+00,9.224920308123508716e-01
1.680277308549000025e+09,1.000000000000000000e+00,4.445877203605155814e-02,2.819980832324798237e-01,-3.363773067368671515e-02,-5.059395342266201911e-01,-1.875913041299293260e+00,9.249093118263630453e-01
1.680277308552999973e+09,1.000000000000000000e+00,4.445877203605155814e-02,2.819980832324798237e-01,-3.363773067368671515e-02,-5.059395342266201911e-01,-1.875913041299293260e+00,9.249093118263630453e-01
1.680277308556999922e+09,1.000000000000000000e+00,4.307996192697603755e-02,2.814954284079054236e-01,-3.387858611046193347e-02,-5.053932461707459911e-01,-1.875609354009446283e+00,9.273283381696271199e-01
1.680277308561000109e+09,1.000000000000000000e+00,4.307996192697603755e-02,2.814954284079054236e-01,-3.387858611046193347e-02,-5.053932461707459911e-01,-1.875609354009446283e+00,9.273283381696271199e-01
1.680277308565000057e+09,1.000000000000000000e+00,4.171336912266447594e-02,2.810015002295910835e-01,-3.411944154723715178e-02,-5.048312501516039053e-01,-1.875289958756331421e+00,9.297456191836392936e-01
1.680277308569000006e+09,1.000000000000000000e+00,4.171336912266447594e-02,2.810015002295910835e-01,-3.411944154723715178e-02,-5.048312501516039053e-01,-1.875289958756331421e+00,9.297456191836392936e-01
1.680277308572999954e+09,1.000000000000000000e+00,4.033455901358895535e-02,2.804988454050166835e-01,-3.436029698401236315e-02,-5.042849620957295942e-01,-1.874986271466484222e+00,9.321629001976514672e-01
1.680277308576999903e+09,1.000000000000000000e+00,4.033455901358895535e-02,2.804988454050166835e-01,-3.436029698401236315e-02,-5.042849620957295942e-01,-1.874986271466484222e+00,9.321629001976514672e-01
1.680277308581000090e+09,1.000000000000000000e+00,3.895574890451344169e-02,2.800031718974502759e-01,-3.460115242078758147e-02,-5.037212207473354963e-01,-1.874666876213369360e+00,9.345819265409156529e-01
1.680277308585000038e+09,1.000000000000000000e+00,3.895574890451344169e-02,2.800031718974502759e-01,-3.460115242078758147e-02,-5.037212207473354963e-01,-1.874666876213369360e+00,9.345819265409156529e-01
1.680277308588999987e+09,1.000000000000000000e+00,3.758915610020188008e-02,2.795005170728758759e-01,-3.484200785756279978e-02,-5.031749326914611853e-01,-1.874363188923522383e+00,9.369992075549278265e-01
1.680277308595000029e+09,1.000000000000000000e+00,3.621034599112635255e-02,2.790065888945615358e-01,-3.508286329433801809e-02,-5.026129366723189884e-01,-1.874042048341155509e+00,9.394164885689398892e-01
1.680277308598999977e+09,1.000000000000000000e+00,3.621034599112635255e-02,2.790065888945615358e-01,-3.508286329433801809e-02,-5.026129366723189884e-01,-1.874042048341155509e+00,9.394164885689398892e-01
1.680277308607000113e+09,1.000000000000000000e+00,3.483153588205083195e-02,2.785039340699871913e-01,-3.532371873111322946e-02,-5.020666486164447884e-01,-1.873740106380560322e+00,9.418355149122040748e-01
1.680277308611999989e+09,1.000000000000000000e+00,3.346494307773927729e-02,2.779995339161607792e-01,-3.556631949714044588e-02,-5.015203605605705883e-01,-1.873418965798193447e+00,9.442527959262162485e-01
1.680277308615999937e+09,1.000000000000000000e+00,3.346494307773927729e-02,2.779995339161607792e-01,-3.556631949714044588e-02,-5.015203605605705883e-01,-1.873418965798193447e+00,9.442527959262162485e-01
1.680277308619999886e+09,1.000000000000000000e+00,3.208613296866375669e-02,2.775056057378464391e-01,-3.579495762915170520e-02,-5.009566192121763795e-01,-1.873099570545078363e+00,9.466700769402283111e-01
1.680277308624000072e+09,1.000000000000000000e+00,3.208613296866375669e-02,2.775056057378464391e-01,-3.579495762915170520e-02,-5.009566192121763795e-01,-1.873099570545078363e+00,9.466700769402283111e-01
1.680277308628999949e+09,1.000000000000000000e+00,3.070557753033624146e-02,2.770029509132720391e-01,-3.603755839517891468e-02,-5.004120764855541914e-01,-1.872795883255231386e+00,9.490891032834924967e-01
1.680277308632999897e+09,1.000000000000000000e+00,3.070557753033624146e-02,2.770029509132720391e-01,-3.603755839517891468e-02,-5.004120764855541914e-01,-1.872795883255231386e+00,9.490891032834924967e-01
1.680277308637000084e+09,1.000000000000000000e+00,2.932676742126071739e-02,2.765090227349576435e-01,-3.627841383195413300e-02,-4.998483351371599825e-01,-1.872476488002116302e+00,9.515063842975045594e-01
1.680277308641000032e+09,1.000000000000000000e+00,2.932676742126071739e-02,2.765090227349576435e-01,-3.627841383195413300e-02,-4.998483351371599825e-01,-1.872476488002116302e+00,9.515063842975045594e-01
1.680277308644999981e+09,1.000000000000000000e+00,2.796017461694915926e-02,2.760063679103832990e-01,-3.651926926872935131e-02,-4.993020470812858380e-01,-1.872172800712269547e+00,9.539254106407688560e-01
1.680277308651999950e+09,1.000000000000000000e+00,2.658136450787363866e-02,2.755124397320689034e-01,-3.676012470550456962e-02,-4.987383057328916847e-01,-1.871853405459154462e+00,9.563426916547809187e-01
1.680277308655999899e+09,1.000000000000000000e+00,2.658136450787363866e-02,2.755124397320689034e-01,-3.676012470550456962e-02,-4.987383057328916847e-01,-1.871853405459154462e+00,9.563426916547809187e-01
1.680277308661000013e+09,1.000000000000000000e+00,2.520255439879811807e-02,2.750080395782425469e-01,-3.700098014227978793e-02,-4.981937630062693856e-01,-1.871549718169307486e+00,9.587599726687929813e-01
1.680277308664999962e+09,1.000000000000000000e+00,2.520255439879811807e-02,2.750080395782425469e-01,-3.700098014227978793e-02,-4.981937630062693856e-01,-1.871549718169307486e+00,9.587599726687929813e-01
1.680277308671999931e+09,1.000000000000000000e+00,2.383596159448655646e-02,2.745053847536681468e-01,-3.724183557905499931e-02,-4.976300216578752322e-01,-1.871230322916192401e+00,9.611789990120571670e-01
1.680277308676000118e+09,1.000000000000000000e+00,2.245715148541103587e-02,2.740114565753537512e-01,-3.748269101583022456e-02,-4.970837336020009767e-01,-1.870926635626345647e+00,9.635962800260693406e-01
1.680277308680000067e+09,1.000000000000000000e+00,2.245715148541103587e-02,2.740114565753537512e-01,-3.748269101583022456e-02,-4.970837336020009767e-01,-1.870926635626345647e+00,9.635962800260693406e-01
1.680277308684000015e+09,1.000000000000000000e+00,2.107834137633551874e-02,2.735088017507794067e-01,-3.772354645260543593e-02,-4.965374455461267766e-01,-1.870607240373230340e+00,9.660135610400815143e-01
1.680277308687999964e+09,1.000000000000000000e+00,2.107834137633551874e-02,2.735088017507794067e-01,-3.772354645260543593e-02,-4.965374455461267766e-01,-1.870607240373230340e+00,9.660135610400815143e-01
1.680277308691999912e+09,1.000000000000000000e+00,1.971174857202395714e-02,2.730148735724650111e-01,-3.796440188938065424e-02,-4.959754495269846353e-01,-1.870303553083383585e+00,9.684325873833455889e-01
1.680277308696000099e+09,1.000000000000000000e+00,1.971174857202395714e-02,2.730148735724650111e-01,-3.796440188938065424e-02,-4.959754495269846353e-01,-1.870303553083383585e+00,9.684325873833455889e-01
1.680277308700000048e+09,1.000000000000000000e+00,1.833293846294843654e-02,2.725104734186386546e-01,-3.820700265540786372e-02,-4.954291614711103797e-01,-1.869984157830268501e+00,9.708498683973577625e-01
1.680277308703999996e+09,1.000000000000000000e+00,1.833293846294843654e-02,2.725104734186386546e-01,-3.820700265540786372e-02,-4.954291614711103797e-01,-1.869984157830268501e+00,9.708498683973577625e-01
1.680277308707999945e+09,1.000000000000000000e+00,1.695238302462092478e-02,2.720165452403242590e-01,-3.844785809218308897e-02,-4.948654201227162264e-01,-1.869663017247901626e+00,9.732671494113699362e-01
1.680277308711999893e+09,1.000000000000000000e+00,1.695238302462092478e-02,2.720165452403242590e-01,-3.844785809218308897e-02,-4.948654201227162264e-01,-1.869663017247901626e+00,9.732671494113699362e-01
1.680277308716000080e+09,1.000000000000000000e+00,1.557357291554540245e-02,2.715138904157498589e-01,-3.868871352895830035e-02,-4.943191320668419708e-01,-1.869359329958054428e+00,9.756861757546341218e-01
1.680277308720000029e+09,1.000000000000000000e+00,1.557357291554540245e-02,2.715138904157498589e-01,-3.868871352895830035e-02,-4.943191320668419708e-01,-1.869359329958054428e+00,9.756861757546341218e-01
1.680277308724999905e+09,1.000000000000000000e+00,1.420698011123384084e-02,2.710112355911755144e-01,-3.892956896573352560e-02,-4.937571360476997739e-01,-1.869039934704939565e+00,9.781034567686462955e-01
1.680277308732000113e+09,1.000000000000000000e+00,1.282817000215832198e-02,2.705173074128611188e-01,-3.917042440250873697e-02,-4.932108479918256294e-01,-1.868736247415092588e+00,9.805224831119103701e-01
1.680277308736000061e+09,1.000000000000000000e+00,1.282817000215832198e-02,2.705173074128611188e-01,-3.917042440250873697e-02,-4.932108479918256294e-01,-1.868736247415092588e+00,9.805224831119103701e-01
1.680277308740000010e+09,1.000000000000000000e+00,1.144935989308280312e-02,2.700129072590347068e-01,-3.941127983928396222e-02,-4.926645599359513739e-01,-1.868416852161977726e+00,9.829397641259225438e-01
1.680277308743999958e+09,1.000000000000000000e+00,1.144935989308280312e-02,2.700129072590347068e-01,-3.941127983928396222e-02,-4.926645599359513739e-01,-1.868416852161977726e+00,9.829397641259225438e-01
1.680277308747999907e+09,1.000000000000000000e+00,1.008276708877124152e-02,2.695189790807203667e-01,-3.965213527605917360e-02,-4.921008185875571650e-01,-1.868113164872130527e+00,9.853570451399347174e-01
1.680277308752000093e+09,1.000000000000000000e+00,1.008276708877124152e-02,2.695189790807203667e-01,-3.965213527605917360e-02,-4.921008185875571650e-01,-1.868113164872130527e+00,9.853570451399347174e-01
1.680277308756999969e+09,1.000000000000000000e+00,8.703956979695720922e-03,2.690163242561460222e-01,-3.989299071283438497e-02,-4.915562758609349769e-01,-1.867793769619015665e+00,9.877760714831987920e-01
1.680277308760999918e+09,1.000000000000000000e+00,8.703956979695720922e-03,2.690163242561460222e-01,-3.989299071283438497e-02,-4.915562758609349769e-01,-1.867793769619015665e+00,9.877760714831987920e-01
1.680277308765000105e+09,1.000000000000000000e+00,7.325146870620201194e-03,2.685223960778315710e-01,-4.013384614960961022e-02,-4.909925345125407681e-01,-1.867490082329168688e+00,9.901933524972108547e-01
1.680277308770999908e+09,1.000000000000000000e+00,5.958554066308640457e-03,2.680179959240052145e-01,-4.037644691563681970e-02,-4.904462464566665680e-01,-1.867170687076053603e+00,9.926106335112230283e-01
1.680277308775000095e+09,1.000000000000000000e+00,5.958554066308640457e-03,2.680179959240052145e-01,-4.037644691563681970e-02,-4.904462464566665680e-01,-1.867170687076053603e+00,9.926106335112230283e-01
1.680277308779000044e+09,1.000000000000000000e+00,4.579743957233120728e-03,2.675240677456908189e-01,-4.061730235241203801e-02,-4.898825051082724147e-01,-1.866866999786206627e+00,9.950296598544872140e-01
1.680277308782999992e+09,1.000000000000000000e+00,4.579743957233120728e-03,2.675240677456908189e-01,-4.061730235241203801e-02,-4.898825051082724147e-01,-1.866866999786206627e+00,9.950296598544872140e-01
1.680277308786999941e+09,1.000000000000000000e+00,3.199188518905605929e-03,2.670214129211164744e-01,-4.085815778918725633e-02,-4.893379623816501711e-01,-1.866547604533091764e+00,9.974469408684993876e-01
1.680277308790999889e+09,1.000000000000000000e+00,3.199188518905605929e-03,2.670214129211164744e-01,-4.085815778918725633e-02,-4.893379623816501711e-01,-1.866547604533091764e+00,9.974469408684993876e-01
1.680277308795000076e+09,1.000000000000000000e+00,1.820378409830085767e-03,2.665187580965421299e-01,-4.109901322596247464e-02,-4.887742210332560178e-01,-1.866226463950724890e+00,9.998642218825114503e-01
1.680277308799000025e+09,1.000000000000000000e+00,1.820378409830085767e-03,2.665187580965421299e-01,-4.109901322596247464e-02,-4.887742210332560178e-01,-1.866226463950724890e+00,9.998642218825114503e-01
1.680277308803999901e+09,1.000000000000000000e+00,4.537856055185256806e-04,2.660248299182277343e-01,-4.133986866273768601e-02,-4.882279329773818177e-01,-1.865924521990129703e+00,1.002283248225775747e+00
1.680277308808000088e+09,1.000000000000000000e+00,4.537856055185256806e-04,2.660248299182277343e-01,-4.133986866273768601e-02,-4.882279329773818177e-01,-1.865924521990129703e+00,1.002283248225775747e+00
1.680277308812999964e+09,1.000000000000000000e+00,-9.232791743050003863e-04,2.655204297644013778e-01,-4.158072409951291126e-02,-4.876816449215075622e-01,-1.865603381407762829e+00,1.004700529239787921e+00
1.680277308819000006e+09,1.000000000000000000e+00,-2.302089283380520657e-03,2.650265015860869822e-01,-4.182157953628812264e-02,-4.871196489023653653e-01,-1.865301439447167864e+00,1.007119555583051884e+00
1.680277308822999954e+09,1.000000000000000000e+00,-2.302089283380520657e-03,2.650265015860869822e-01,-4.182157953628812264e-02,-4.871196489023653653e-01,-1.865301439447167864e+00,1.007119555583051884e+00
1.680277308828000069e+09,1.000000000000000000e+00,-3.668682087692080526e-03,2.645238467615125821e-01,-4.206243497306334789e-02,-4.865733608464911097e-01,-1.864980298864800989e+00,1.009536836597064058e+00
1.680277308832000017e+09,1.000000000000000000e+00,-3.668682087692080526e-03,2.645238467615125821e-01,-4.206243497306334789e-02,-4.865733608464911097e-01,-1.864980298864800989e+00,1.009536836597064058e+00
1.680277308838000059e+09,1.000000000000000000e+00,-5.047492196767601122e-03,2.640299185831981865e-01,-4.230329040983855926e-02,-4.860096194980969564e-01,-1.864676611574953791e+00,1.011954117611076231e+00
1.680277308844000101e+09,1.000000000000000000e+00,-6.426302305843121718e-03,2.635272637586238420e-01,-4.254589117586576874e-02,-4.854633314422228119e-01,-1.864357216321838928e+00,1.014373143954340417e+00
1.680277308848000050e+09,1.000000000000000000e+00,-6.426302305843121718e-03,2.635272637586238420e-01,-4.254589117586576874e-02,-4.854633314422228119e-01,-1.864357216321838928e+00,1.014373143954340417e+00
1.680277308851999998e+09,1.000000000000000000e+00,-7.792895110154681587e-03,2.630228636047974855e-01,-4.278674661264098705e-02,-4.849013354230806150e-01,-1.864053529031991951e+00,1.016790424968352591e+00
1.680277308855999947e+09,1.000000000000000000e+00,-7.792895110154681587e-03,2.630228636047974855e-01,-4.278674661264098705e-02,-4.849013354230806150e-01,-1.864053529031991951e+00,1.016790424968352591e+00
1.680277308859999895e+09,1.000000000000000000e+00,-9.171705219230200448e-03,2.625289354264830899e-01,-4.302760204941620537e-02,-4.843550473672063594e-01,-1.863734133778876867e+00,1.019207705982364542e+00
1.680277308864000082e+09,1.000000000000000000e+00,-9.171705219230200448e-03,2.625289354264830899e-01,-4.302760204941620537e-02,-4.843550473672063594e-01,-1.863734133778876867e+00,1.019207705982364542e+00
1.680277308868000031e+09,1.000000000000000000e+00,-1.055226065755771742e-02,2.620262806019086899e-01,-4.326845748619142368e-02,-4.838087593113321039e-01,-1.863430446489029890e+00,1.021626732325628728e+00
1.680277308871999979e+09,1.000000000000000000e+00,-1.055226065755771742e-02,2.620262806019086899e-01,-4.326845748619142368e-02,-4.838087593113321039e-01,-1.863430446489029890e+00,1.021626732325628728e+00
1.680277308875999928e+09,1.000000000000000000e+00,-1.193107076663323628e-02,2.615323524235942942e-01,-4.350931292296664199e-02,-4.832450179629379505e-01,-1.863111051235915028e+00,1.024044013339640902e+00
1.680277308880000114e+09,1.000000000000000000e+00,-1.193107076663323628e-02,2.615323524235942942e-01,-4.350931292296664199e-02,-4.832450179629379505e-01,-1.863111051235915028e+00,1.024044013339640902e+00
1.680277308884000063e+09,1.000000000000000000e+00,-1.329766357094479788e-02,2.610296975990199497e-01,-4.375016835974186030e-02,-4.827004752363157625e-01,-1.862789910653547931e+00,1.026461294353653075e+00
1.680277308888000011e+09,1.000000000000000000e+00,-1.329766357094479788e-02,2.610296975990199497e-01,-4.375016835974186030e-02,-4.827004752363157625e-01,-1.862789910653547931e+00,1.026461294353653075e+00
1.680277308891999960e+09,1.000000000000000000e+00,-1.467647368002031674e-02,2.605357694207055541e-01,-4.399102379651707861e-02,-4.821367338879216091e-01,-1.862487968692952967e+00,1.028880320696917261e+00
1.680277308895999908e+09,1.000000000000000000e+00,-1.467647368002031674e-02,2.605357694207055541e-01,-4.399102379651707861e-02,-4.821367338879216091e-01,-1.862487968692952967e+00,1.028880320696917261e+00
1.680277308900000095e+09,1.000000000000000000e+00,-1.605528378909583734e-02,2.600313692668791976e-01,-4.423187923329229693e-02,-4.815904458320473536e-01,-1.862166828110585870e+00,1.031297601710929435e+00
1.680277308904000044e+09,1.000000000000000000e+00,-1.605528378909583734e-02,2.600313692668791976e-01,-4.423187923329229693e-02,-4.815904458320473536e-01,-1.862166828110585870e+00,1.031297601710929435e+00
1.680277308907999992e+09,1.000000000000000000e+00,-1.742187659340739547e-02,2.595374410885648020e-01,-4.447447999931950641e-02,-4.810267044836532002e-01,-1.861864886149991127e+00,1.033755025297737440e+00
1.680277308911999941e+09,1.000000000000000000e+00,-1.742187659340739547e-02,2.595374410885648020e-01,-4.447447999931950641e-02,-4.810267044836532002e-01,-1.861864886149991127e+00,1.033755025297737440e+00
1.680277308915999889e+09,1.000000000000000000e+00,-1.880068670248291607e-02,2.590347862639904020e-01,-4.471533543609471778e-02,-4.804821617570309011e-01,-1.861543745567624031e+00,1.036172306311749614e+00
1.680277308920000076e+09,1.000000000000000000e+00,-1.880068670248291607e-02,2.590347862639904020e-01,-4.471533543609471778e-02,-4.804821617570309011e-01,-1.861543745567624031e+00,1.036172306311749614e+00
1.680277308924000025e+09,1.000000000000000000e+00,-2.017949681155843666e-02,2.585321314394160575e-01,-4.495619087286994303e-02,-4.799184204086367478e-01,-1.861241803607029066e+00,1.038589587325761565e+00
1.680277308927999973e+09,1.000000000000000000e+00,-2.017949681155843666e-02,2.585321314394160575e-01,-4.495619087286994303e-02,-4.799184204086367478e-01,-1.861241803607029066e+00,1.038589587325761565e+00
1.680277308931999922e+09,1.000000000000000000e+00,-2.154608961586999827e-02,2.580364579318496498e-01,-4.519704630964515440e-02,-4.793721323527625477e-01,-1.860920663024661970e+00,1.041008613669025973e+00
1.680277308936000109e+09,1.000000000000000000e+00,-2.154608961586999827e-02,2.580364579318496498e-01,-4.519704630964515440e-02,-4.793721323527625477e-01,-1.860920663024661970e+00,1.041008613669025973e+00
1.680277308940000057e+09,1.000000000000000000e+00,-2.292489972494551539e-02,2.575338031072753053e-01,-4.543790174642037966e-02,-4.788258442968882922e-01,-1.860616975734814993e+00,1.043425894683037924e+00
1.680277308944000006e+09,1.000000000000000000e+00,-2.292489972494551539e-02,2.575338031072753053e-01,-4.543790174642037966e-02,-4.788258442968882922e-01,-1.860616975734814993e+00,1.043425894683037924e+00
1.680277308947999954e+09,1.000000000000000000e+00,-2.430370983402103946e-02,2.570398749289609097e-01,-4.566828520768363014e-02,-4.782638482777461508e-01,-1.860297580481699908e+00,1.045843175697050098e+00
1.680277308951999903e+09,1.000000000000000000e+00,-2.430370983402103946e-02,2.570398749289609097e-01,-4.566828520768363014e-02,-4.782638482777461508e-01,-1.860297580481699908e+00,1.045843175697050098e+00
1.680277308956000090e+09,1.000000000000000000e+00,-2.568426527234855469e-02,2.565372201043865097e-01,-4.590914064445884152e-02,-4.777175602218719508e-01,-1.859993893191852932e+00,1.048262202040314284e+00
1.680277308960000038e+09,1.000000000000000000e+00,-2.568426527234855469e-02,2.565372201043865097e-01,-4.590914064445884152e-02,-4.777175602218719508e-01,-1.859993893191852932e+00,1.048262202040314284e+00
1.680277308966000080e+09,1.000000000000000000e+00,-2.704911274740812166e-02,2.560432919260721141e-01,-4.614999608123406677e-02,-4.771538188734777419e-01,-1.859674497938738069e+00,1.050679483054326457e+00
1.680277308971999884e+09,1.000000000000000000e+00,-2.842966818573563342e-02,2.555388917722457576e-01,-4.639085151800927814e-02,-4.766075308176035419e-01,-1.859353357356371195e+00,1.053096764068338631e+00
1.680277308976000071e+09,1.000000000000000000e+00,-2.842966818573563342e-02,2.555388917722457576e-01,-4.639085151800927814e-02,-4.766075308176035419e-01,-1.859353357356371195e+00,1.053096764068338631e+00
1.680277308980000019e+09,1.000000000000000000e+00,-2.980847829481115402e-02,2.550362369476714131e-01,-4.663170695478449645e-02,-4.760455347984614005e-01,-1.859051415395776008e+00,1.055515790411602595e+00
1.680277308983999968e+09,1.000000000000000000e+00,-2.980847829481115402e-02,2.550362369476714131e-01,-4.663170695478449645e-02,-4.760455347984614005e-01,-1.859051415395776008e+00,1.055515790411602595e+00
1.680277308987999916e+09,1.000000000000000000e+00,-3.117507109912271562e-02,2.545423087693570174e-01,-4.687256239155971477e-02,-4.754992467425871450e-01,-1.858730274813409133e+00,1.057933071425614768e+00
1.680277308992000103e+09,1.000000000000000000e+00,-3.117507109912271562e-02,2.545423087693570174e-01,-4.687256239155971477e-02,-4.754992467425871450e-01,-1.858730274813409133e+00,1.057933071425614768e+00
1.680277308997999907e+09,1.000000000000000000e+00,-3.255388120819823622e-02,2.540396539447826729e-01,-4.711341782833492614e-02,-4.749529586867129449e-01,-1.858428332852813947e+00,1.060352097768878954e+00
1.680277309003999949e+09,1.000000000000000000e+00,-3.393269131727375681e-02,2.535457257664682773e-01,-4.735601859436214256e-02,-4.743892173383187361e-01,-1.858107192270447072e+00,1.062769378782891128e+00
1.680277309007999897e+09,1.000000000000000000e+00,-3.393269131727375681e-02,2.535457257664682773e-01,-4.735601859436214256e-02,-4.743892173383187361e-01,-1.858107192270447072e+00,1.062769378782891128e+00
1.680277309012000084e+09,1.000000000000000000e+00,-3.529928412158531148e-02,2.530413256126419208e-01,-4.759687403113736087e-02,-4.738446746116964925e-01,-1.857805250309852108e+00,1.065186659796903301e+00
1.680277309016000032e+09,1.000000000000000000e+00,-3.529928412158531148e-02,2.530413256126419208e-01,-4.759687403113736087e-02,-4.738446746116964925e-01,-1.857805250309852108e+00,1.065186659796903301e+00
1.680277309022000074e+09,1.000000000000000000e+00,-3.667809423066083901e-02,2.525473974343275252e-01,-4.783772946791257918e-02,-4.732809332633023391e-01,-1.857484109727485233e+00,1.067605686140167487e+00
1.680277309026999950e+09,1.000000000000000000e+00,-3.805690433973635267e-02,2.520447426097531252e-01,-4.807858490468779750e-02,-4.727346452074280836e-01,-1.857182167766890046e+00,1.070022967154179661e+00
1.680277309030999899e+09,1.000000000000000000e+00,-3.805690433973635267e-02,2.520447426097531252e-01,-4.807858490468779750e-02,-4.727346452074280836e-01,-1.857182167766890046e+00,1.070022967154179661e+00
1.680277309036000013e+09,1.000000000000000000e+00,-3.943745977806386444e-02,2.515508144314387295e-01,-4.831944034146301581e-02,-4.721709038590339302e-01,-1.856861027184523172e+00,1.072440248168191834e+00
1.680277309042999983e+09,1.000000000000000000e+00,-4.080230725312343487e-02,2.510481596068643850e-01,-4.856029577823823412e-02,-4.716263611324117422e-01,-1.856559085223928207e+00,1.074859274511455798e+00
1.680277309046999931e+09,1.000000000000000000e+00,-4.080230725312343487e-02,2.510481596068643850e-01,-4.856029577823823412e-02,-4.716263611324117422e-01,-1.856559085223928207e+00,1.074859274511455798e+00
1.680277309051000118e+09,1.000000000000000000e+00,-4.218286269145095357e-02,2.505437594530380285e-01,-4.880115121501345243e-02,-4.710626197840175333e-01,-1.856237944641561333e+00,1.077276555525467971e+00
1.680277309055000067e+09,1.000000000000000000e+00,-4.218286269145095357e-02,2.505437594530380285e-01,-4.880115121501345243e-02,-4.710626197840175333e-01,-1.856237944641561333e+00,1.077276555525467971e+00
1.680277309059000015e+09,1.000000000000000000e+00,-4.356167280052646723e-02,2.500498312747236329e-01,-4.904200665178866381e-02,-4.705163317281433333e-01,-1.855934257351714134e+00,1.079693836539480145e+00
1.680277309062999964e+09,1.000000000000000000e+00,-4.356167280052646723e-02,2.500498312747236329e-01,-4.904200665178866381e-02,-4.705163317281433333e-01,-1.855934257351714134e+00,1.079693836539480145e+00
1.680277309068000078e+09,1.000000000000000000e+00,-4.492826560483802883e-02,2.495471764501492329e-01,-4.928460741781587329e-02,-4.699700436722690777e-01,-1.855614862098599271e+00,1.082112862882744331e+00
1.680277309072000027e+09,1.000000000000000000e+00,-4.492826560483802883e-02,2.495471764501492329e-01,-4.928460741781587329e-02,-4.699700436722690777e-01,-1.855614862098599271e+00,1.082112862882744331e+00
1.680277309075999975e+09,1.000000000000000000e+00,-4.630707571391354943e-02,2.490532482718348373e-01,-4.952546285459109854e-02,-4.694080476531269364e-01,-1.855293721516232175e+00,1.084530143896756504e+00
1.680277309082999945e+09,1.000000000000000000e+00,-4.768588582298907697e-02,2.485505934472604650e-01,-4.976631829136630991e-02,-4.688617595972527363e-01,-1.854991779555637210e+00,1.086949170240020468e+00
1.680277309086999893e+09,1.000000000000000000e+00,-4.768588582298907697e-02,2.485505934472604650e-01,-4.976631829136630991e-02,-4.688617595972527363e-01,-1.854991779555637210e+00,1.086949170240020468e+00
1.680277309091000080e+09,1.000000000000000000e+00,-4.905247862730063857e-02,2.480549199396940852e-01,-5.000717372814153516e-02,-4.682980182488585275e-01,-1.854670638973270114e+00,1.089366451254032642e+00
1.680277309095000029e+09,1.000000000000000000e+00,-4.905247862730063857e-02,2.480549199396940852e-01,-5.000717372814153516e-02,-4.682980182488585275e-01,-1.854670638973270114e+00,1.089366451254032642e+00
1.680277309099999905e+09,1.000000000000000000e+00,-5.043128873637615223e-02,2.475522651151197129e-01,-5.024802916491674654e-02,-4.677517301929843274e-01,-1.854368697012675371e+00,1.091783732268044815e+00
1.680277309104000092e+09,1.000000000000000000e+00,-5.043128873637615223e-02,2.475522651151197129e-01,-5.024802916491674654e-02,-4.677517301929843274e-01,-1.854368697012675371e+00,1.091783732268044815e+00
1.680277309108000040e+09,1.000000000000000000e+00,-5.181009884545167282e-02,2.470496102905453406e-01,-5.048888460169196485e-02,-4.671897341738421305e-01,-1.854047556430308274e+00,1.094202758611309001e+00
1.680277309111999989e+09,1.000000000000000000e+00,-5.181009884545167282e-02,2.470496102905453406e-01,-5.048888460169196485e-02,-4.671897341738421305e-01,-1.854047556430308274e+00,1.094202758611309001e+00
1.680277309118000031e+09,1.000000000000000000e+00,-5.319065428377919152e-02,2.465556821122309450e-01,-5.072974003846718316e-02,-4.666434461179678750e-01,-1.853745614469713310e+00,1.096620039625321175e+00
1.680277309121999979e+09,1.000000000000000000e+00,-5.455550175883874808e-02,2.460512819584045885e-01,-5.097059547524240147e-02,-4.660971580620936749e-01,-1.853424473887346213e+00,1.099037320639333348e+00
1.680277309125999928e+09,1.000000000000000000e+00,-5.455550175883874808e-02,2.460512819584045885e-01,-5.097059547524240147e-02,-4.660971580620936749e-01,-1.853424473887346213e+00,1.099037320639333348e+00
1.680277309131000042e+09,1.000000000000000000e+00,-5.593605719716626679e-02,2.455573537800901929e-01,-5.121145091201761979e-02,-4.655334167136995216e-01,-1.853122531926751471e+00,1.101456346982597534e+00
1.680277309134999990e+09,1.000000000000000000e+00,-5.593605719716626679e-02,2.455573537800901929e-01,-5.121145091201761979e-02,-4.655334167136995216e-01,-1.853122531926751471e+00,1.101456346982597534e+00
1.680277309138999939e+09,1.000000000000000000e+00,-5.731486730624178738e-02,2.450546989555158206e-01,-5.145405167804482927e-02,-4.649888739870772780e-01,-1.852801391344384374e+00,1.103873627996609708e+00
1.680277309142999887e+09,1.000000000000000000e+00,-5.731486730624178738e-02,2.450546989555158206e-01,-5.145405167804482927e-02,-4.649888739870772780e-01,-1.852801391344384374e+00,1.103873627996609708e+00
1.680277309147000074e+09,1.000000000000000000e+00,-5.868146011055334899e-02,2.445607707772014250e-01,-5.169490711482004758e-02,-4.644251326386831247e-01,-1.852499449383789409e+00,1.106290909010621881e+00
1.680277309151000023e+09,1.000000000000000000e+00,-5.868146011055334899e-02,2.445607707772014250e-01,-5.169490711482004758e-02,-4.644251326386831247e-01,-1.852499449383789409e+00,1.106290909010621881e+00
1.680277309154999971e+09,1.000000000000000000e+00,-6.006027021962886264e-02,2.440581159526270527e-01,-5.193576255159525895e-02,-4.638788445828088691e-01,-1.852178308801422313e+00,1.108709935353885845e+00
1.680277309158999920e+09,1.000000000000000000e+00,-6.006027021962886264e-02,2.440581159526270527e-01,-5.193576255159525895e-02,-4.638788445828088691e-01,-1.852178308801422313e+00,1.108709935353885845e+00
1.680277309163000107e+09,1.000000000000000000e+00,-6.143908032870439018e-02,2.435641877743126571e-01,-5.217661798837048420e-02,-4.633151032344147158e-01,-1.851857168219055438e+00,1.111127216367898018e+00
1.680277309167000055e+09,1.000000000000000000e+00,-6.143908032870439018e-02,2.435641877743126571e-01,-5.217661798837048420e-02,-4.633151032344147158e-01,-1.851857168219055438e+00,1.111127216367898018e+00
1.680277309171000004e+09,1.000000000000000000e+00,-6.280567313301595178e-02,2.430597876204863006e-01,-5.241747342514569558e-02,-4.627705605077925277e-01,-1.851555226258460252e+00,1.113546242711162204e+00
1.680277309174999952e+09,1.000000000000000000e+00,-6.280567313301595178e-02,2.430597876204863006e-01,-5.241747342514569558e-02,-4.627705605077925277e-01,-1.851555226258460252e+00,1.113546242711162204e+00
1.680277309178999901e+09,1.000000000000000000e+00,-6.418448324209147238e-02,2.425571327959119561e-01,-5.265832886192092083e-02,-4.622242724519182722e-01,-1.851234085676093377e+00,1.115963523725174378e+00
1.680277309183000088e+09,1.000000000000000000e+00,-6.418448324209147238e-02,2.425571327959119561e-01,-5.265832886192092083e-02,-4.622242724519182722e-01,-1.851234085676093377e+00,1.115963523725174378e+00
1.680277309187000036e+09,1.000000000000000000e+00,-6.556329335116699297e-02,2.420632046175975327e-01,-5.289918429869613220e-02,-4.616605311035241188e-01,-1.850932143715498412e+00,1.118380804739186551e+00
1.680277309190999985e+09,1.000000000000000000e+00,-6.556329335116699297e-02,2.420632046175975327e-01,-5.289918429869613220e-02,-4.616605311035241188e-01,-1.850932143715498412e+00,1.118380804739186551e+00
1.680277309194999933e+09,1.000000000000000000e+00,-6.694384878949449780e-02,2.415605497930231882e-01,-5.314003973547135745e-02,-4.611142430476498633e-01,-1.850611003133131538e+00,1.120799831082450737e+00
1.680277309198999882e+09,1.000000000000000000e+00,-6.694384878949449780e-02,2.415605497930231882e-01,-5.314003973547135745e-02,-4.611142430476498633e-01,-1.850611003133131538e+00,1.120799831082450737e+00
1.680277309203000069e+09,1.000000000000000000e+00,-6.830869626455407517e-02,2.410666216147087648e-01,-5.338089517224656882e-02,-4.605522470285076664e-01,-1.850309061172536351e+00,1.123217112096462689e+00
1.680277309207000017e+09,1.000000000000000000e+00,-6.830869626455407517e-02,2.410666216147087648e-01,-5.338089517224656882e-02,-4.605522470285076664e-01,-1.850309061172536351e+00,1.123217112096462689e+00
1.680277309210999966e+09,1.000000000000000000e+00,-6.968925170288158000e-02,2.405622214608824361e-01,-5.362349593827377831e-02,-4.600059589726334663e-01,-1.849987920590169477e+00,1.125634393110474862e+00
1.680277309214999914e+09,1.000000000000000000e+00,-6.968925170288158000e-02,2.405622214608824361e-01,-5.362349593827377831e-02,-4.600059589726334663e-01,-1.849987920590169477e+00,1.125634393110474862e+00
1.680277309219000101e+09,1.000000000000000000e+00,-7.106806181195711447e-02,2.400682932825680127e-01,-5.386435137504899662e-02,-4.594422176242393130e-01,-1.849685978629574512e+00,1.128053419453739048e+00
1.680277309223000050e+09,1.000000000000000000e+00,-7.106806181195711447e-02,2.400682932825680127e-01,-5.386435137504899662e-02,-4.594422176242393130e-01,-1.849685978629574512e+00,1.128053419453739048e+00
1.680277309226999998e+09,1.000000000000000000e+00,-7.243465461626866220e-02,2.395656384579936682e-01,-5.410520681182421493e-02,-4.588959295683650574e-01,-1.849364838047207638e+00,1.130470700467751000e+00
1.680277309230999947e+09,1.000000000000000000e+00,-7.243465461626866220e-02,2.395656384579936682e-01,-5.410520681182421493e-02,-4.588959295683650574e-01,-1.849364838047207638e+00,1.130470700467751000e+00
1.680277309234999895e+09,1.000000000000000000e+00,-7.381346472534418279e-02,2.390629836334192959e-01,-5.434606224859943324e-02,-4.583339335492229161e-01,-1.849062896086612451e+00,1.132887981481763395e+00
1.680277309239000082e+09,1.000000000000000000e+00,-7.381346472534418279e-02,2.390629836334192959e-01,-5.434606224859943324e-02,-4.583339335492229161e-01,-1.849062896086612451e+00,1.132887981481763395e+00
1.680277309243000031e+09,1.000000000000000000e+00,-7.519227483441970339e-02,2.385690554551049281e-01,-5.458691768537465155e-02,-4.577876454933486605e-01,-1.848741755504245576e+00,1.135307007825027359e+00
1.680277309246999979e+09,1.000000000000000000e+00,-7.519227483441970339e-02,2.385690554551049281e-01,-5.458691768537465155e-02,-4.577876454933486605e-01,-1.848741755504245576e+00,1.135307007825027359e+00
1.680277309250999928e+09,1.000000000000000000e+00,-7.655886763873126499e-02,2.380646553012785438e-01,-5.482777312214986987e-02,-4.572413574374744605e-01,-1.848420614921878702e+00,1.137724288839039755e+00
1.680277309255000114e+09,1.000000000000000000e+00,-7.655886763873126499e-02,2.380646553012785438e-01,-5.482777312214986987e-02,-4.572413574374744605e-01,-1.848420614921878702e+00,1.137724288839039755e+00
1.680277309259000063e+09,1.000000000000000000e+00,-7.793767774780677171e-02,2.375707271229641482e-01,-5.506862855892508124e-02,-4.566776160890803071e-01,-1.848118672961283515e+00,1.140143315182303718e+00
1.680277309263000011e+09,1.000000000000000000e+00,-7.793767774780677171e-02,2.375707271229641482e-01,-5.506862855892508124e-02,-4.566776160890803071e-01,-1.848118672961283515e+00,1.140143315182303718e+00
1.680277309266999960e+09,1.000000000000000000e+00,-7.931648785688230618e-02,2.370680722983897759e-01,-5.530948399570030649e-02,-4.561330733624580636e-01,-1.847797532378916641e+00,1.142560596196315892e+00
1.680277309270999908e+09,1.000000000000000000e+00,-7.931648785688230618e-02,2.370680722983897759e-01,-5.530948399570030649e-02,-4.561330733624580636e-01,-1.847797532378916641e+00,1.142560596196315892e+00
1.680277309275000095e+09,1.000000000000000000e+00,-8.069529796595782678e-02,2.365741441200754080e-01,-5.553986745696355004e-02,-4.555693320140639102e-01,-1.847495590418321676e+00,1.144977877210328066e+00
1.680277309279000044e+09,1.000000000000000000e+00,-8.069529796595782678e-02,2.365741441200754080e-01,-5.553986745696355004e-02,-4.555693320140639102e-01,-1.847495590418321676e+00,1.144977877210328066e+00
1.680277309282999992e+09,1.000000000000000000e+00,-8.206189077026938838e-02,2.360697439662490238e-01,-5.578072289373877529e-02,-4.550230439581897102e-01,-1.847174449835954801e+00,1.147396903553592251e+00
1.680277309286999941e+09,1.000000000000000000e+00,-8.206189077026938838e-02,2.360697439662490238e-01,-5.578072289373877529e-02,-4.550230439581897102e-01,-1.847174449835954801e+00,1.147396903553592251e+00
1.680277309290999889e+09,1.000000000000000000e+00,-8.344070087934490898e-02,2.355758157879346282e-01,-5.602157833051398667e-02,-4.544593026097955013e-01,-1.846872507875359615e+00,1.149814184567604203e+00
1.680277309295000076e+09,1.000000000000000000e+00,-8.344070087934490898e-02,2.355758157879346282e-01,-5.602157833051398667e-02,-4.544593026097955013e-01,-1.846872507875359615e+00,1.149814184567604203e+00
1.680277309299000025e+09,1.000000000000000000e+00,-8.482125631767241380e-02,2.350731609633602559e-01,-5.626417909654120308e-02,-4.539147598831732577e-01,-1.846551367292992740e+00,1.152231465581616598e+00
1.680277309302999973e+09,1.000000000000000000e+00,-8.482125631767241380e-02,2.350731609633602559e-01,-5.626417909654120308e-02,-4.539147598831732577e-01,-1.846551367292992740e+00,1.152231465581616598e+00
1.680277309306999922e+09,1.000000000000000000e+00,-8.618610379273199118e-02,2.345705061387858836e-01,-5.650503453331641446e-02,-4.533684718272990022e-01,-1.846249425332397776e+00,1.154650491924880562e+00
1.680277309311000109e+09,1.000000000000000000e+00,-8.618610379273199118e-02,2.345705061387858836e-01,-5.650503453331641446e-02,-4.533684718272990022e-01,-1.846249425332397776e+00,1.154650491924880562e+00
1.680277309318000078e+09,1.000000000000000000e+00,-8.756665923105949600e-02,2.340765779604714880e-01,-5.674588997009163971e-02,-4.528047304789048488e-01,-1.845928284750030901e+00,1.157067772938892958e+00
1.680277309322999954e+09,1.000000000000000000e+00,-8.894546934013501660e-02,2.335721778066451315e-01,-5.698674540686685108e-02,-4.522584424230306488e-01,-1.845626342789435714e+00,1.159485053952904909e+00
1.680277309328999996e+09,1.000000000000000000e+00,-9.031206214444657820e-02,2.330782496283307359e-01,-5.722760084364207633e-02,-4.516964464038884519e-01,-1.845305202207068840e+00,1.161904080296168873e+00
1.680277309334000111e+09,1.000000000000000000e+00,-9.031206214444657820e-02,2.330782496283307359e-01,-5.722760084364207633e-02,-4.516964464038884519e-01,-1.845305202207068840e+00,1.161904080296168873e+00
1.680277309338000059e+09,1.000000000000000000e+00,-9.169087225352209880e-02,2.325755948037563636e-01,-5.746845628041728771e-02,-4.511501583480142519e-01,-1.844984061624701743e+00,1.164321361310181269e+00
1.680277309345000029e+09,1.000000000000000000e+00,-9.306968236259761940e-02,2.320816666254419680e-01,-5.770931171719251296e-02,-4.505864169996200985e-01,-1.844682119664106779e+00,1.166740387653445232e+00
1.680277309349999905e+09,1.000000000000000000e+00,-9.306968236259761940e-02,2.320816666254419680e-01,-5.770931171719251296e-02,-4.505864169996200985e-01,-1.844682119664106779e+00,1.166740387653445232e+00
1.680277309354000092e+09,1.000000000000000000e+00,-9.444849247167315387e-02,2.315790118008675957e-01,-5.795016715396772433e-02,-4.500401289437458430e-01,-1.844360979081739682e+00,1.169157668667457406e+00
1.680277309358000040e+09,1.000000000000000000e+00,-9.444849247167315387e-02,2.315790118008675957e-01,-5.795016715396772433e-02,-4.500401289437458430e-01,-1.844360979081739682e+00,1.169157668667457406e+00
1.680277309361999989e+09,1.000000000000000000e+00,-9.581508527598470160e-02,2.310746116470412392e-01,-5.819102259074293571e-02,-4.494781329246036461e-01,-1.844059037121144939e+00,1.171574949681469580e+00
1.680277309365999937e+09,1.000000000000000000e+00,-9.581508527598470160e-02,2.310746116470412392e-01,-5.819102259074293571e-02,-4.494781329246036461e-01,-1.844059037121144939e+00,1.171574949681469580e+00
1.680277309369999886e+09,1.000000000000000000e+00,-9.719389538506023607e-02,2.305806834687268436e-01,-5.843362335677015212e-02,-4.489318448687295016e-01,-1.843737896538777843e+00,1.173993976024733765e+00
1.680277309374000072e+09,1.000000000000000000e+00,-9.719389538506023607e-02,2.305806834687268436e-01,-5.843362335677015212e-02,-4.489318448687295016e-01,-1.843737896538777843e+00,1.173993976024733765e+00
1.680277309378000021e+09,1.000000000000000000e+00,-9.857445082338774089e-02,2.300780286441524713e-01,-5.867447879354537044e-02,-4.483855568128552460e-01,-1.843435954578182878e+00,1.176411257038745939e+00
1.680277309381999969e+09,1.000000000000000000e+00,-9.857445082338774089e-02,2.300780286441524713e-01,-5.867447879354537044e-02,-4.483855568128552460e-01,-1.843435954578182878e+00,1.176411257038745939e+00
1.680277309387000084e+09,1.000000000000000000e+00,-9.993929829844730439e-02,2.295841004658380757e-01,-5.891533423032058875e-02,-4.478218154644610927e-01,-1.843114813995815782e+00,1.178828538052758113e+00
1.680277309391000032e+09,1.000000000000000000e+00,-9.993929829844730439e-02,2.295841004658380757e-01,-5.891533423032058875e-02,-4.478218154644610927e-01,-1.843114813995815782e+00,1.178828538052758113e+00
1.680277309394999981e+09,1.000000000000000000e+00,-1.013198537367748231e-01,2.290814456412637590e-01,-5.915618966709580706e-02,-4.472772727378387936e-01,-1.842812872035221039e+00,1.181247564396022076e+00
1.680277309398999929e+09,1.000000000000000000e+00,-1.013198537367748231e-01,2.290814456412637590e-01,-5.915618966709580706e-02,-4.472772727378387936e-01,-1.842812872035221039e+00,1.181247564396022076e+00
1.680277309403000116e+09,1.000000000000000000e+00,-1.026986638458503437e-01,2.285875174629493356e-01,-5.939704510387102537e-02,-4.467135313894446402e-01,-1.842491731452853720e+00,1.183664845410034472e+00
1.680277309410000086e+09,1.000000000000000000e+00,-1.040652566501619053e-01,2.280831173091229513e-01,-5.963790054064623675e-02,-4.461672433335704402e-01,-1.842189789492258978e+00,1.186082126424046423e+00
1.680277309414000034e+09,1.000000000000000000e+00,-1.040652566501619053e-01,2.280831173091229513e-01,-5.963790054064623675e-02,-4.461672433335704402e-01,-1.842189789492258978e+00,1.186082126424046423e+00
1.680277309417999983e+09,1.000000000000000000e+00,-1.054440667592374259e-01,2.275804624845486068e-01,-5.987875597742146200e-02,-4.456035019851762313e-01,-1.841868648909891881e+00,1.188501152767310831e+00
1.680277309421999931e+09,1.000000000000000000e+00,-1.054440667592374259e-01,2.275804624845486068e-01,-5.987875597742146200e-02,-4.456035019851762313e-01,-1.841868648909891881e+00,1.188501152767310831e+00
1.680277309426000118e+09,1.000000000000000000e+00,-1.068228768683129326e-01,2.270865343062342390e-01,-6.011961141419667337e-02,-4.450589592585540433e-01,-1.841549253656777019e+00,1.190918433781322783e+00
1.680277309430000067e+09,1.000000000000000000e+00,-1.068228768683129326e-01,2.270865343062342390e-01,-6.011961141419667337e-02,-4.450589592585540433e-01,-1.841549253656777019e+00,1.190918433781322783e+00
1.680277309434000015e+09,1.000000000000000000e+00,-1.082016869773884532e-01,2.265838794816598389e-01,-6.036046685097189862e-02,-4.445126712026797877e-01,-1.841245566366929820e+00,1.193337460124586968e+00
1.680277309437999964e+09,1.000000000000000000e+00,-1.082016869773884532e-01,2.265838794816598389e-01,-6.036046685097189862e-02,-4.445126712026797877e-01,-1.841245566366929820e+00,1.193337460124586968e+00
1.680277309441999912e+09,1.000000000000000000e+00,-1.095682797817000148e-01,2.260882059740934591e-01,-6.060306761699910810e-02,-4.439489298542856344e-01,-1.840926171113814958e+00,1.195754741138599142e+00
1.680277309446000099e+09,1.000000000000000000e+00,-1.095682797817000148e-01,2.260882059740934591e-01,-6.060306761699910810e-02,-4.439489298542856344e-01,-1.840926171113814958e+00,1.195754741138599142e+00
1.680277309450000048e+09,1.000000000000000000e+00,-1.109470898907755354e-01,2.255855511495190868e-01,-6.084392305377431948e-02,-4.434026417984114343e-01,-1.840622483823967981e+00,1.198172022152611094e+00
1.680277309453999996e+09,1.000000000000000000e+00,-1.109470898907755354e-01,2.255855511495190868e-01,-6.084392305377431948e-02,-4.434026417984114343e-01,-1.840622483823967981e+00,1.198172022152611094e+00
1.680277309457999945e+09,1.000000000000000000e+00,-1.123276453291030541e-01,2.250916229712047190e-01,-6.108477849054953779e-02,-4.428406457792692374e-01,-1.840301343241601106e+00,1.200591048495875279e+00
1.680277309461999893e+09,1.000000000000000000e+00,-1.123276453291030541e-01,2.250916229712047190e-01,-6.108477849054953779e-02,-4.428406457792692374e-01,-1.840301343241601106e+00,1.200591048495875279e+00
1.680277309467000008e+09,1.000000000000000000e+00,-1.136924928041626176e-01,2.245889681466303189e-01,-6.132563392732475610e-02,-4.422943577233950374e-01,-1.839999401281005920e+00,1.203008329509887453e+00
1.680277309474999905e+09,1.000000000000000000e+00,-1.150730482424901363e-01,2.240950399683159511e-01,-6.156648936409997441e-02,-4.417306163750008285e-01,-1.839678260698639045e+00,1.205425610523899627e+00
1.680277309479000092e+09,1.000000000000000000e+00,-1.150730482424901363e-01,2.240950399683159511e-01,-6.156648936409997441e-02,-4.417306163750008285e-01,-1.839678260698639045e+00,1.205425610523899627e+00
1.680277309483999968e+09,1.000000000000000000e+00,-1.164518583515656569e-01,2.235906398144895668e-01,-6.180734480087519273e-02,-4.411843283191265730e-01,-1.839376318738043858e+00,1.207844636867163812e+00
1.680277309489000082e+09,1.000000000000000000e+00,-1.178184511558772046e-01,2.230879849899151945e-01,-6.204820023765041104e-02,-4.406223322999844316e-01,-1.839055178155676984e+00,1.210261917881175986e+00
1.680277309493000031e+09,1.000000000000000000e+00,-1.178184511558772046e-01,2.230879849899151945e-01,-6.204820023765041104e-02,-4.406223322999844316e-01,-1.839055178155676984e+00,1.210261917881175986e+00
1.680277309497999907e+09,1.000000000000000000e+00,-1.191972612649527391e-01,2.225940568116007989e-01,-6.228905567442562935e-02,-4.400760442441102316e-01,-1.838753236195082019e+00,1.212679198895187938e+00
1.680277309502000093e+09,1.000000000000000000e+00,-1.191972612649527391e-01,2.225940568116007989e-01,-6.228905567442562935e-02,-4.400760442441102316e-01,-1.838753236195082019e+00,1.212679198895187938e+00
1.680277309506000042e+09,1.000000000000000000e+00,-1.205760713740282597e-01,2.220914019870264267e-01,-6.252991111120084766e-02,-4.395297561882359760e-01,-1.838432095612715145e+00,1.215098225238452345e+00
1.680277309509999990e+09,1.000000000000000000e+00,-1.205760713740282597e-01,2.220914019870264267e-01,-6.252991111120084766e-02,-4.395297561882359760e-01,-1.838432095612715145e+00,1.215098225238452345e+00
1.680277309513999939e+09,1.000000000000000000e+00,-1.219548814831037803e-01,2.215974738087120588e-01,-6.277251187722805714e-02,-4.389660148398418227e-01,-1.838112700359600282e+00,1.217515506252464297e+00
1.680277309517999887e+09,1.000000000000000000e+00,-1.219548814831037803e-01,2.215974738087120588e-01,-6.277251187722805714e-02,-4.389660148398418227e-01,-1.838112700359600282e+00,1.217515506252464297e+00
1.680277309522000074e+09,1.000000000000000000e+00,-1.233214742874153419e-01,2.210930736548856745e-01,-6.301336731400326852e-02,-4.384214721132196346e-01,-1.837809013069753084e+00,1.219934532595728482e+00
1.680277309526000023e+09,1.000000000000000000e+00,-1.233214742874153419e-01,2.210930736548856745e-01,-6.301336731400326852e-02,-4.384214721132196346e-01,-1.837809013069753084e+00,1.219934532595728482e+00
1.680277309529999971e+09,1.000000000000000000e+00,-1.247002843964908625e-01,2.205991454765712789e-01,-6.325422275077849377e-02,-4.378577307648254258e-01,-1.837489617816638221e+00,1.222351813609740656e+00
1.680277309533999920e+09,1.000000000000000000e+00,-1.247002843964908625e-01,2.205991454765712789e-01,-6.325422275077849377e-02,-4.378577307648254258e-01,-1.837489617816638221e+00,1.222351813609740656e+00
1.680277309538000107e+09,1.000000000000000000e+00,-1.260808398348183812e-01,2.200964906519969067e-01,-6.349507818755370514e-02,-4.373114427089512257e-01,-1.837185930526791244e+00,1.224769094623752830e+00
1.680277309542000055e+09,1.000000000000000000e+00,-1.260808398348183812e-01,2.200964906519969067e-01,-6.349507818755370514e-02,-4.373114427089512257e-01,-1.837185930526791244e+00,1.224769094623752830e+00
1.680277309546000004e+09,1.000000000000000000e+00,-1.274456873098779308e-01,2.195938358274225344e-01,-6.373593362432893039e-02,-4.367477013605570724e-01,-1.836866535273676160e+00,1.227188120967017015e+00
1.680277309549999952e+09,1.000000000000000000e+00,-1.274456873098779308e-01,2.195938358274225344e-01,-6.373593362432893039e-02,-4.367477013605570724e-01,-1.836866535273676160e+00,1.227188120967017015e+00
1.680277309553999901e+09,1.000000000000000000e+00,-1.288262427482054495e-01,2.190999076491081665e-01,-6.397678906110414176e-02,-4.362031586339347733e-01,-1.836562847983829183e+00,1.229605401981029189e+00
1.680277309558000088e+09,1.000000000000000000e+00,-1.288262427482054495e-01,2.190999076491081665e-01,-6.397678906110414176e-02,-4.362031586339347733e-01,-1.836562847983829183e+00,1.229605401981029189e+00
1.680277309562000036e+09,1.000000000000000000e+00,-1.302050528572809840e-01,2.185955074952817823e-01,-6.421764449787935314e-02,-4.356568705780606288e-01,-1.836243452730714321e+00,1.232022682995041141e+00
1.680277309565999985e+09,1.000000000000000000e+00,-1.302050528572809840e-01,2.185955074952817823e-01,-6.421764449787935314e-02,-4.356568705780606288e-01,-1.836243452730714321e+00,1.232022682995041141e+00
1.680277309569999933e+09,1.000000000000000000e+00,-1.315838629663564907e-01,2.181015793169673866e-01,-6.445849993465457839e-02,-4.350931292296663644e-01,-1.835939765440867122e+00,1.234441709338305548e+00
1.680277309573999882e+09,1.000000000000000000e+00,-1.315838629663564907e-01,2.181015793169673866e-01,-6.445849993465457839e-02,-4.350931292296663644e-01,-1.835939765440867122e+00,1.234441709338305548e+00
1.680277309578000069e+09,1.000000000000000000e+00,-1.329504557706680523e-01,2.175989244923930144e-01,-6.470110070068178787e-02,-4.345468411737922199e-01,-1.835618624858500025e+00,1.236858990352317500e+00
1.680277309582000017e+09,1.000000000000000000e+00,-1.329504557706680523e-01,2.175989244923930144e-01,-6.470110070068178787e-02,-4.345468411737922199e-01,-1.835618624858500025e+00,1.236858990352317500e+00
1.680277309585999966e+09,1.000000000000000000e+00,-1.343292658797435868e-01,2.171049963140786465e-01,-6.494195613745699924e-02,-4.339848451546500230e-01,-1.835316682897905283e+00,1.239276271366329674e+00
1.680277309589999914e+09,1.000000000000000000e+00,-1.343292658797435868e-01,2.171049963140786465e-01,-6.494195613745699924e-02,-4.339848451546500230e-01,-1.835316682897905283e+00,1.239276271366329674e+00
1.680277309594000101e+09,1.000000000000000000e+00,-1.357080759888190935e-01,2.166023414895042742e-01,-6.518281157423222449e-02,-4.334385570987757674e-01,-1.834995542315538186e+00,1.241695297709593859e+00
1.680277309598000050e+09,1.000000000000000000e+00,-1.357080759888190935e-01,2.166023414895042742e-01,-6.518281157423222449e-02,-4.334385570987757674e-01,-1.834995542315538186e+00,1.241695297709593859e+00
1.680277309601999998e+09,1.000000000000000000e+00,-1.370746687931306551e-01,2.161066679819378666e-01,-6.541319503549547498e-02,-4.328748157503816141e-01,-1.834676147062423324e+00,1.244112578723605811e+00
1.680277309605999947e+09,1.000000000000000000e+00,-1.370746687931306551e-01,2.161066679819378666e-01,-6.541319503549547498e-02,-4.328748157503816141e-01,-1.834676147062423324e+00,1.244112578723605811e+00
1.680277309609999895e+09,1.000000000000000000e+00,-1.384534789022061896e-01,2.156040131573634944e-01,-6.565405047227068636e-02,-4.323285276945074140e-01,-1.834372459772576125e+00,1.246531605066870219e+00
1.680277309614000082e+09,1.000000000000000000e+00,-1.384534789022061896e-01,2.156040131573634944e-01,-6.565405047227068636e-02,-4.323285276945074140e-01,-1.834372459772576125e+00,1.246531605066870219e+00
1.680277309618000031e+09,1.000000000000000000e+00,-1.398322890112816685e-01,2.151013583327891499e-01,-6.589490590904591161e-02,-4.317839849678851705e-01,-1.834053064519461262e+00,1.248948886080882170e+00
1.680277309621999979e+09,1.000000000000000000e+00,-1.398322890112816685e-01,2.151013583327891499e-01,-6.589490590904591161e-02,-4.317839849678851705e-01,-1.834053064519461262e+00,1.248948886080882170e+00
1.680277309625999928e+09,1.000000000000000000e+00,-1.411988818155932579e-01,2.146074301544747542e-01,-6.613576134582112298e-02,-4.312202436194910171e-01,-1.833749377229614286e+00,1.251366167094894344e+00
1.680277309630000114e+09,1.000000000000000000e+00,-1.411988818155932579e-01,2.146074301544747542e-01,-6.613576134582112298e-02,-4.312202436194910171e-01,-1.833749377229614286e+00,1.251366167094894344e+00
1.680277309634000063e+09,1.000000000000000000e+00,-1.425776919246687924e-01,2.141030300006483977e-01,-6.637661678259634823e-02,-4.306739555636167616e-01,-1.833429981976499201e+00,1.253785193438158529e+00
1.680277309638000011e+09,1.000000000000000000e+00,-1.425776919246687924e-01,2.141030300006483977e-01,-6.637661678259634823e-02,-4.306739555636167616e-01,-1.833429981976499201e+00,1.253785193438158529e+00
1.680277309644999981e+09,1.000000000000000000e+00,-1.439582473629963111e-01,2.136091018223339744e-01,-6.661747221937155961e-02,-4.301102142152226082e-01,-1.833126294686652225e+00,1.256202474452170703e+00
1.680277309650000095e+09,1.000000000000000000e+00,-1.453370574720717900e-01,2.131064469977596298e-01,-6.685832765614678486e-02,-4.295656714886003646e-01,-1.832806899433537362e+00,1.258619755466182877e+00
1.680277309657000065e+09,1.000000000000000000e+00,-1.467036502763833794e-01,2.126125188194452620e-01,-6.709918309292199623e-02,-4.290019301402061558e-01,-1.832503212143690163e+00,1.261038781809447062e+00
1.680277309661000013e+09,1.000000000000000000e+00,-1.467036502763833794e-01,2.126125188194452620e-01,-6.709918309292199623e-02,-4.290019301402061558e-01,-1.832503212143690163e+00,1.261038781809447062e+00
1.680277309664999962e+09,1.000000000000000000e+00,-1.480824603854589139e-01,2.121098639948708897e-01,-6.734003852969720760e-02,-4.284556420843319557e-01,-1.832183816890575301e+00,1.263456062823459014e+00
1.680277309668999910e+09,1.000000000000000000e+00,-1.480824603854589139e-01,2.121098639948708897e-01,-6.734003852969720760e-02,-4.284556420843319557e-01,-1.832183816890575301e+00,1.263456062823459014e+00
1.680277309673000097e+09,1.000000000000000000e+00,-1.494612704945343928e-01,2.116054638410445055e-01,-6.758263929572443096e-02,-4.278919007359378024e-01,-1.831880129600728324e+00,1.265873343837471410e+00
1.680277309677000046e+09,1.000000000000000000e+00,-1.494612704945343928e-01,2.116054638410445055e-01,-6.758263929572443096e-02,-4.278919007359378024e-01,-1.831880129600728324e+00,1.265873343837471410e+00
1.680277309680999994e+09,1.000000000000000000e+00,-1.508278632988459822e-01,2.111115356627301098e-01,-6.782349473249964233e-02,-4.273473580093155588e-01,-1.831558989018361450e+00,1.268292370180735373e+00
1.680277309684999943e+09,1.000000000000000000e+00,-1.508278632988459822e-01,2.111115356627301098e-01,-6.782349473249964233e-02,-4.273473580093155588e-01,-1.831558989018361450e+00,1.268292370180735373e+00
1.680277309688999891e+09,1.000000000000000000e+00,-1.522066734079214889e-01,2.106088808381557376e-01,-6.806435016927486759e-02,-4.268010699534413588e-01,-1.831257047057766263e+00,1.270709651194747325e+00
1.680277309693000078e+09,1.000000000000000000e+00,-1.522066734079214889e-01,2.106088808381557376e-01,-6.806435016927486759e-02,-4.268010699534413588e-01,-1.831257047057766263e+00,1.270709651194747325e+00
1.680277309697000027e+09,1.000000000000000000e+00,-1.535854835169969956e-01,2.101149526598413697e-01,-6.830520560605007896e-02,-4.262373286050472054e-01,-1.830935906475399388e+00,1.273128677538011733e+00
1.680277309700999975e+09,1.000000000000000000e+00,-1.535854835169969956e-01,2.101149526598413697e-01,-6.830520560605007896e-02,-4.262373286050472054e-01,-1.830935906475399388e+00,1.273128677538011733e+00
1.680277309706000090e+09,1.000000000000000000e+00,-1.549520763213085572e-01,2.096122978352669974e-01,-6.854606104282530421e-02,-4.256910405491729499e-01,-1.830616511222284526e+00,1.275545958552023906e+00
1.680277309710000038e+09,1.000000000000000000e+00,-1.549520763213085572e-01,2.096122978352669974e-01,-6.854606104282530421e-02,-4.256910405491729499e-01,-1.830616511222284526e+00,1.275545958552023906e+00
1.680277309716000080e+09,1.000000000000000000e+00,-1.563308864303840917e-01,2.091183696569526018e-01,-6.878691647960051558e-02,-4.251290445300308085e-01,-1.830312823932437549e+00,1.277963239566036080e+00
1.680277309720999956e+09,1.000000000000000000e+00,-1.577114418687115827e-01,2.086139695031262176e-01,-6.902777191637574083e-02,-4.245827564741565530e-01,-1.829993428679322465e+00,1.280382265909300266e+00
1.680277309724999905e+09,1.000000000000000000e+00,-1.577114418687115827e-01,2.086139695031262176e-01,-6.902777191637574083e-02,-4.245827564741565530e-01,-1.829993428679322465e+00,1.280382265909300266e+00
1.680277309729000092e+09,1.000000000000000000e+00,-1.590902519777871171e-01,2.081200413248118497e-01,-6.926862735315095221e-02,-4.240190151257623996e-01,-1.829689741389475488e+00,1.282799546923312217e+00
1.680277309733000040e+09,1.000000000000000000e+00,-1.590902519777871171e-01,2.081200413248118497e-01,-6.926862735315095221e-02,-4.240190151257623996e-01,-1.829689741389475488e+00,1.282799546923312217e+00
1.680277309737999916e+09,1.000000000000000000e+00,-1.604568447820986787e-01,2.076173865002374774e-01,-6.951122811917816169e-02,-4.234727270698881996e-01,-1.829370346136360626e+00,1.285216827937324391e+00
1.680277309742000103e+09,1.000000000000000000e+00,-1.604568447820986787e-01,2.076173865002374774e-01,-6.951122811917816169e-02,-4.234727270698881996e-01,-1.829370346136360626e+00,1.285216827937324391e+00
1.680277309746000051e+09,1.000000000000000000e+00,-1.618356548911742132e-01,2.071147316756630774e-01,-6.975208355595338694e-02,-4.229281843432659005e-01,-1.829066658846513427e+00,1.287635854280588577e+00
1.680277309750000000e+09,1.000000000000000000e+00,-1.618356548911742132e-01,2.071147316756630774e-01,-6.975208355595338694e-02,-4.229281843432659005e-01,-1.829066658846513427e+00,1.287635854280588577e+00
1.680277309756000042e+09,1.000000000000000000e+00,-1.632144650002497199e-01,2.066208034973487095e-01,-6.999293899272859831e-02,-4.223644429948717471e-01,-1.828747263593398564e+00,1.290053135294600528e+00
1.680277309760999918e+09,1.000000000000000000e+00,-1.645810578045612815e-01,2.061164033435223253e-01,-7.023379442950380969e-02,-4.218181549389974916e-01,-1.828443576303551588e+00,1.292470416308612924e+00
1.680277309765000105e+09,1.000000000000000000e+00,-1.645810578045612815e-01,2.061164033435223253e-01,-7.023379442950380969e-02,-4.218181549389974916e-01,-1.828443576303551588e+00,1.292470416308612924e+00
1.680277309769000053e+09,1.000000000000000000e+00,-1.659598679136368160e-01,2.056224751652079574e-01,-7.047464986627902106e-02,-4.212544135906033382e-01,-1.828124181050436503e+00,1.294889442651876887e+00
1.680277309773000002e+09,1.000000000000000000e+00,-1.659598679136368160e-01,2.056224751652079574e-01,-7.047464986627902106e-02,-4.212544135906033382e-01,-1.828124181050436503e+00,1.294889442651876887e+00
1.680277309776999950e+09,1.000000000000000000e+00,-1.673386780227123227e-01,2.051198203406335852e-01,-7.071550530305426019e-02,-4.207098708639811502e-01,-1.827820493760589526e+00,1.297306723665889283e+00
1.680277309780999899e+09,1.000000000000000000e+00,-1.673386780227123227e-01,2.051198203406335852e-01,-7.071550530305426019e-02,-4.207098708639811502e-01,-1.827820493760589526e+00,1.297306723665889283e+00
1.680277309785000086e+09,1.000000000000000000e+00,-1.687052708270238843e-01,2.046258921623191895e-01,-7.095636073982947156e-02,-4.201461295155869968e-01,-1.827501098507474664e+00,1.299725750009153247e+00
1.680277309789000034e+09,1.000000000000000000e+00,-1.687052708270238843e-01,2.046258921623191895e-01,-7.095636073982947156e-02,-4.201461295155869968e-01,-1.827501098507474664e+00,1.299725750009153247e+00
1.680277309792999983e+09,1.000000000000000000e+00,-1.700840809360994188e-01,2.041214920084928053e-01,-7.119721617660468294e-02,-4.195998414597127413e-01,-1.827179957925107567e+00,1.302143031023165420e+00
1.680277309796999931e+09,1.000000000000000000e+00,-1.700840809360994188e-01,2.041214920084928053e-01,-7.119721617660468294e-02,-4.195998414597127413e-01,-1.827179957925107567e+00,1.302143031023165420e+00
1.680277309802000046e+09,1.000000000000000000e+00,-1.714646363744269097e-01,2.036188371839184330e-01,-7.143807161337989431e-02,-4.190361001113185879e-01,-1.826876270635260813e+00,1.304560312037177594e+00
1.680277309808000088e+09,1.000000000000000000e+00,-1.728434464835024442e-01,2.031249090056040651e-01,-7.168067237940711767e-02,-4.184915573846963444e-01,-1.826556875382145506e+00,1.306979338380441780e+00
1.680277309812000036e+09,1.000000000000000000e+00,-1.728434464835024442e-01,2.031249090056040651e-01,-7.168067237940711767e-02,-4.184915573846963444e-01,-1.826556875382145506e+00,1.306979338380441780e+00
1.680277309815999985e+09,1.000000000000000000e+00,-1.742100392878140058e-01,2.026222541810297206e-01,-7.192152781618232904e-02,-4.179452693288221443e-01,-1.826253188092298751e+00,1.309396619394453953e+00
1.680277309819999933e+09,1.000000000000000000e+00,-1.742100392878140058e-01,2.026222541810297206e-01,-7.192152781618232904e-02,-4.179452693288221443e-01,-1.826253188092298751e+00,1.309396619394453953e+00
1.680277309823999882e+09,1.000000000000000000e+00,-1.755888493968895125e-01,2.021283260027152973e-01,-7.216238325295754041e-02,-4.173815279804279910e-01,-1.825933792839183667e+00,1.311813900408466127e+00
1.680277309828000069e+09,1.000000000000000000e+00,-1.755888493968895125e-01,2.021283260027152973e-01,-7.216238325295754041e-02,-4.173815279804279910e-01,-1.825933792839183667e+00,1.311813900408466127e+00
1.680277309834000111e+09,1.000000000000000000e+00,-1.769676595059650470e-01,2.016239258488889130e-01,-7.240323868973276566e-02,-4.168352399245537354e-01,-1.825630105549336690e+00,1.314232926751730091e+00
1.680277309838000059e+09,1.000000000000000000e+00,-1.769676595059650470e-01,2.016239258488889130e-01,-7.240323868973276566e-02,-4.168352399245537354e-01,-1.825630105549336690e+00,1.314232926751730091e+00
1.680277309844000101e+09,1.000000000000000000e+00,-1.783342523102766086e-01,2.011299976705745451e-01,-7.264409412650799092e-02,-4.162732439054115385e-01,-1.825310710296221606e+00,1.316650207765742486e+00
1.680277309848000050e+09,1.000000000000000000e+00,-1.797130624193521153e-01,2.006273428460002006e-01,-7.288494956328320229e-02,-4.157269558495373385e-01,-1.825007023006374851e+00,1.319067488779754438e+00
1.680277309851999998e+09,1.000000000000000000e+00,-1.797130624193521153e-01,2.006273428460002006e-01,-7.288494956328320229e-02,-4.157269558495373385e-01,-1.825007023006374851e+00,1.319067488779754438e+00
1.680277309855999947e+09,1.000000000000000000e+00,-1.810918725284276498e-01,2.001334146676857773e-01,-7.312580500005841366e-02,-4.151632145011431296e-01,-1.824687627753259545e+00,1.321486515123018401e+00
1.680277309859999895e+09,1.000000000000000000e+00,-1.810918725284276498e-01,2.001334146676857773e-01,-7.312580500005841366e-02,-4.151632145011431296e-01,-1.824687627753259545e+00,1.321486515123018401e+00
1.680277309865999937e+09,1.000000000000000000e+00,-1.824584653327392114e-01,1.996307598431114327e-01,-7.336666043683363891e-02,-4.146169264452689296e-01,-1.824383940463412790e+00,1.323903796137030797e+00
1.680277309871999979e+09,1.000000000000000000e+00,-1.838372754418147181e-01,1.991263596892850485e-01,-7.360751587360885029e-02,-4.140723837186466860e-01,-1.824064545210297705e+00,1.326322822480294761e+00
1.680277309875999928e+09,1.000000000000000000e+00,-1.838372754418147181e-01,1.991263596892850485e-01,-7.360751587360885029e-02,-4.140723837186466860e-01,-1.824064545210297705e+00,1.326322822480294761e+00
1.680277309880000114e+09,1.000000000000000000e+00,-1.852178308801422368e-01,1.986324315109706806e-01,-7.385011663963607365e-02,-4.135086423702525327e-01,-1.823743404627930831e+00,1.328740103494307156e+00
1.680277309884000063e+09,1.000000000000000000e+00,-1.852178308801422368e-01,1.986324315109706806e-01,-7.385011663963607365e-02,-4.135086423702525327e-01,-1.823743404627930831e+00,1.328740103494307156e+00
1.680277309888000011e+09,1.000000000000000000e+00,-1.865966409892177713e-01,1.981297766863963083e-01,-7.409097207641128502e-02,-4.129623543143783326e-01,-1.823441462667335644e+00,1.331157384508319108e+00
1.680277309891999960e+09,1.000000000000000000e+00,-1.865966409892177713e-01,1.981297766863963083e-01,-7.409097207641128502e-02,-4.129623543143783326e-01,-1.823441462667335644e+00,1.331157384508319108e+00
1.680277309898000002e+09,1.000000000000000000e+00,-1.879632337935293329e-01,1.976358485080819127e-01,-7.433182751318649639e-02,-4.123986129659841238e-01,-1.823120322084968770e+00,1.333576410851583294e+00
1.680277309904000044e+09,1.000000000000000000e+00,-1.893420439026048396e-01,1.971331936835075405e-01,-7.457268294996172164e-02,-4.118540702393619357e-01,-1.822818380124373805e+00,1.335993691865595467e+00
1.680277309907999992e+09,1.000000000000000000e+00,-1.893420439026048396e-01,1.971331936835075405e-01,-7.457268294996172164e-02,-4.118540702393619357e-01,-1.822818380124373805e+00,1.335993691865595467e+00
1.680277309911999941e+09,1.000000000000000000e+00,-1.907208540116803741e-01,1.966375201759411606e-01,-7.481353838673693302e-02,-4.112903288909677824e-01,-1.822497239542006930e+00,1.338410972879607641e+00
1.680277309915999889e+09,1.000000000000000000e+00,-1.907208540116803741e-01,1.966375201759411606e-01,-7.481353838673693302e-02,-4.112903288909677824e-01,-1.822497239542006930e+00,1.338410972879607641e+00
1.680277309920000076e+09,1.000000000000000000e+00,-1.920874468159919357e-01,1.961348653513667883e-01,-7.505439382351215827e-02,-4.107440408350935268e-01,-1.822193552252159732e+00,1.340829999222871605e+00
1.680277309924000025e+09,1.000000000000000000e+00,-1.920874468159919357e-01,1.961348653513667883e-01,-7.505439382351215827e-02,-4.107440408350935268e-01,-1.822193552252159732e+00,1.340829999222871605e+00
1.680277309930000067e+09,1.000000000000000000e+00,-1.934662569250674424e-01,1.956322105267924161e-01,-7.528477728477540876e-02,-4.101802994866993735e-01,-1.821874156999044869e+00,1.343247280236884000e+00
1.680277309936000109e+09,1.000000000000000000e+00,-1.948450670341429769e-01,1.951382823484780205e-01,-7.552563272155062013e-02,-4.096357567600771299e-01,-1.821570469709197893e+00,1.345664561250895952e+00
1.680277309940000057e+09,1.000000000000000000e+00,-1.948450670341429769e-01,1.951382823484780205e-01,-7.552563272155062013e-02,-4.096357567600771299e-01,-1.821570469709197893e+00,1.345664561250895952e+00
1.680277309944999933e+09,1.000000000000000000e+00,-1.962116598384545385e-01,1.946356275239036482e-01,-7.576648815832584538e-02,-4.090894687042028743e-01,-1.821251074456082808e+00,1.348083587594160360e+00
1.680277309950000048e+09,1.000000000000000000e+00,-1.962116598384545385e-01,1.946356275239036482e-01,-7.576648815832584538e-02,-4.090894687042028743e-01,-1.821251074456082808e+00,1.348083587594160360e+00
1.680277309954999924e+09,1.000000000000000000e+00,-1.975904699475300452e-01,1.941399540163372683e-01,-7.600734359510105675e-02,-4.085257273558087210e-01,-1.820947387166235831e+00,1.350500868608172311e+00
1.680277309960999966e+09,1.000000000000000000e+00,-1.989692800566055519e-01,1.936372991917628961e-01,-7.624819903187626813e-02,-4.079794392999344654e-01,-1.820627991913120969e+00,1.352919894951436497e+00
1.680277309964999914e+09,1.000000000000000000e+00,-1.989692800566055519e-01,1.936372991917628961e-01,-7.624819903187626813e-02,-4.079794392999344654e-01,-1.820627991913120969e+00,1.352919894951436497e+00
1.680277309969000101e+09,1.000000000000000000e+00,-2.003498354949330984e-01,1.931433710134485005e-01,-7.649079979790349149e-02,-4.074174432807923241e-01,-1.820306851330754094e+00,1.355337175965448671e+00
1.680277309973000050e+09,1.000000000000000000e+00,-2.003498354949330984e-01,1.931433710134485005e-01,-7.649079979790349149e-02,-4.074174432807923241e-01,-1.820306851330754094e+00,1.355337175965448671e+00
1.680277309976999998e+09,1.000000000000000000e+00,-2.017146829699926203e-01,1.926407161888741282e-01,-7.673165523467870286e-02,-4.068711552249181240e-01,-1.820004909370158908e+00,1.357754456979460622e+00
1.680277309980999947e+09,1.000000000000000000e+00,-2.017146829699926203e-01,1.926407161888741282e-01,-7.673165523467870286e-02,-4.068711552249181240e-01,-1.820004909370158908e+00,1.357754456979460622e+00
1.680277309986999989e+09,1.000000000000000000e+00,-2.030952384083201667e-01,1.921363160350477439e-01,-7.697251067145391423e-02,-4.063074138765239152e-01,-1.819683768787792033e+00,1.360173483322724808e+00
1.680277309993000031e+09,1.000000000000000000e+00,-2.044740485173956734e-01,1.916423878567333761e-01,-7.721336610822913948e-02,-4.057611258206497151e-01,-1.819381826827197068e+00,1.362590764336736981e+00
1.680277309996999979e+09,1.000000000000000000e+00,-2.044740485173956734e-01,1.916423878567333761e-01,-7.721336610822913948e-02,-4.057611258206497151e-01,-1.819381826827197068e+00,1.362590764336736981e+00
1.680277310000999928e+09,1.000000000000000000e+00,-2.058406413217072350e-01,1.911397330321589760e-01,-7.745422154500436474e-02,-4.052165830940274716e-01,-1.819060686244830194e+00,1.365008045350749155e+00
1.680277310005000114e+09,1.000000000000000000e+00,-2.058406413217072350e-01,1.911397330321589760e-01,-7.745422154500436474e-02,-4.052165830940274716e-01,-1.819060686244830194e+00,1.365008045350749155e+00
1.680277310009000063e+09,1.000000000000000000e+00,-2.072194514307827418e-01,1.906458048538446082e-01,-7.769507698177957611e-02,-4.046528417456333182e-01,-1.818758744284235007e+00,1.367427071694013341e+00
1.680277310015000105e+09,1.000000000000000000e+00,-2.085982615398582762e-01,1.901431500292702359e-01,-7.793593241855478748e-02,-4.041065536897591182e-01,-1.818437603701868133e+00,1.369844352708025514e+00
1.680277310019000053e+09,1.000000000000000000e+00,-2.085982615398582762e-01,1.901431500292702359e-01,-7.793593241855478748e-02,-4.041065536897591182e-01,-1.818437603701868133e+00,1.369844352708025514e+00
1.680277310025000095e+09,1.000000000000000000e+00,-2.099648543441698101e-01,1.896492218509558403e-01,-7.817678785532999886e-02,-4.035428123413649648e-01,-1.818135661741272946e+00,1.372261633722037466e+00
1.680277310029000044e+09,1.000000000000000000e+00,-2.099648543441698101e-01,1.896492218509558403e-01,-7.817678785532999886e-02,-4.035428123413649648e-01,-1.818135661741272946e+00,1.372261633722037466e+00
1.680277310032999992e+09,1.000000000000000000e+00,-2.113436644532453446e-01,1.891448216971294560e-01,-7.841764329210523798e-02,-4.029982696147426657e-01,-1.817814521158905849e+00,1.374680660065301874e+00
1.680277310036999941e+09,1.000000000000000000e+00,-2.113436644532453446e-01,1.891448216971294560e-01,-7.841764329210523798e-02,-4.029982696147426657e-01,-1.817814521158905849e+00,1.374680660065301874e+00
1.680277310040999889e+09,1.000000000000000000e+00,-2.127224745623208790e-01,1.886508935188150882e-01,-7.866024405813243359e-02,-4.024345282663485124e-01,-1.817510833869059095e+00,1.377097941079313825e+00
1.680277310045000076e+09,1.000000000000000000e+00,-2.127224745623208790e-01,1.886508935188150882e-01,-7.866024405813243359e-02,-4.024345282663485124e-01,-1.817510833869059095e+00,1.377097941079313825e+00
1.680277310051000118e+09,1.000000000000000000e+00,-2.141030300006483977e-01,1.881482386942407159e-01,-7.890109949490764496e-02,-4.018882402104742568e-01,-1.817191438615944232e+00,1.379516967422578011e+00
1.680277310056999922e+09,1.000000000000000000e+00,-2.154678774757079474e-01,1.876455838696663714e-01,-7.914195493168288409e-02,-4.013244988620801035e-01,-1.816870298033577136e+00,1.381934248436590185e+00
1.680277310061000109e+09,1.000000000000000000e+00,-2.154678774757079474e-01,1.876455838696663714e-01,-7.914195493168288409e-02,-4.013244988620801035e-01,-1.816870298033577136e+00,1.381934248436590185e+00
1.680277310065000057e+09,1.000000000000000000e+00,-2.168484329140354661e-01,1.871516556913519758e-01,-7.938281036845809546e-02,-4.007799561354579154e-01,-1.816568356072981949e+00,1.384351529450602358e+00
1.680277310069000006e+09,1.000000000000000000e+00,-2.168484329140354661e-01,1.871516556913519758e-01,-7.938281036845809546e-02,-4.007799561354579154e-01,-1.816568356072981949e+00,1.384351529450602358e+00
1.680277310075000048e+09,1.000000000000000000e+00,-2.182272430231110005e-01,1.866472555375256193e-01,-7.962366580523330684e-02,-4.002336680795836599e-01,-1.816247215490615075e+00,1.386770555793866544e+00
1.680277310079999924e+09,1.000000000000000000e+00,-2.195938358274225344e-01,1.861533273592112236e-01,-7.986452124200851821e-02,-3.996699267311895065e-01,-1.815945273530020332e+00,1.389187836807878718e+00
1.680277310084000111e+09,1.000000000000000000e+00,-2.195938358274225344e-01,1.861533273592112236e-01,-7.986452124200851821e-02,-3.996699267311895065e-01,-1.815945273530020332e+00,1.389187836807878718e+00
1.680277310088999987e+09,1.000000000000000000e+00,-2.209726459364980689e-01,1.856506725346368514e-01,-8.010537667878374346e-02,-3.991236386753152510e-01,-1.815624132947653235e+00,1.391605117821890669e+00
1.680277310095999956e+09,1.000000000000000000e+00,-2.223514560455736033e-01,1.851567443563224558e-01,-8.034623211555896871e-02,-3.985616426561730541e-01,-1.815322190987058271e+00,1.394024144165155077e+00
1.680277310099999905e+09,1.000000000000000000e+00,-2.223514560455736033e-01,1.851567443563224558e-01,-8.034623211555896871e-02,-3.985616426561730541e-01,-1.815322190987058271e+00,1.394024144165155077e+00
1.680277310104000092e+09,1.000000000000000000e+00,-2.237180488498851372e-01,1.846523442024960993e-01,-8.058708755233418009e-02,-3.980153546002989096e-01,-1.815001050404691174e+00,1.396441425179167029e+00
1.680277310108000040e+09,1.000000000000000000e+00,-2.237180488498851372e-01,1.846523442024960993e-01,-8.058708755233418009e-02,-3.980153546002989096e-01,-1.815001050404691174e+00,1.396441425179167029e+00
1.680277310111999989e+09,1.000000000000000000e+00,-2.250968589589606716e-01,1.841496893779217270e-01,-8.082968831836138957e-02,-3.974516132519047562e-01,-1.814699108444095987e+00,1.398858706193179202e+00
1.680277310115999937e+09,1.000000000000000000e+00,-2.250968589589606716e-01,1.841496893779217270e-01,-8.082968831836138957e-02,-3.974516132519047562e-01,-1.814699108444095987e+00,1.398858706193179202e+00
1.680277310121000051e+09,1.000000000000000000e+00,-2.264756690680362061e-01,1.836557611996073314e-01,-8.107054375513660094e-02,-3.969053251960305007e-01,-1.814377967861729113e+00,1.401277732536443388e+00
1.680277310125000000e+09,1.000000000000000000e+00,-2.264756690680362061e-01,1.836557611996073314e-01,-8.107054375513660094e-02,-3.969053251960305007e-01,-1.814377967861729113e+00,1.401277732536443388e+00
1.680277310128999949e+09,1.000000000000000000e+00,-2.278562245063636971e-01,1.831531063750329591e-01,-8.131139919191182619e-02,-3.963607824694082571e-01,-1.814076025901134370e+00,1.403695013550455339e+00
1.680277310135999918e+09,1.000000000000000000e+00,-2.292210719814232744e-01,1.826591781967185635e-01,-8.155225462868703756e-02,-3.957970411210140482e-01,-1.813754885318767274e+00,1.406114039893719747e+00
1.680277310140000105e+09,1.000000000000000000e+00,-2.292210719814232744e-01,1.826591781967185635e-01,-8.155225462868703756e-02,-3.957970411210140482e-01,-1.813754885318767274e+00,1.406114039893719747e+00
1.680277310144000053e+09,1.000000000000000000e+00,-2.306016274197507931e-01,1.821547780428922070e-01,-8.179311006546226281e-02,-3.952507530651398482e-01,-1.813433744736400399e+00,1.408531320907731699e+00
1.680277310148000002e+09,1.000000000000000000e+00,-2.306016274197507931e-01,1.821547780428922070e-01,-8.179311006546226281e-02,-3.952507530651398482e-01,-1.813433744736400399e+00,1.408531320907731699e+00
1.680277310151999950e+09,1.000000000000000000e+00,-2.319804375288262999e-01,1.816608498645778114e-01,-8.203396550223747419e-02,-3.946870117167456948e-01,-1.813131802775805212e+00,1.410948601921743872e+00
1.680277310155999899e+09,1.000000000000000000e+00,-2.319804375288262999e-01,1.816608498645778114e-01,-8.203396550223747419e-02,-3.946870117167456948e-01,-1.813131802775805212e+00,1.410948601921743872e+00
1.680277310160000086e+09,1.000000000000000000e+00,-2.333470303331378615e-01,1.811581950400034391e-01,-8.227482093901269944e-02,-3.941424689901234513e-01,-1.812810662193438338e+00,1.413367628265008058e+00
1.680277310164000034e+09,1.000000000000000000e+00,-2.333470303331378615e-01,1.811581950400034391e-01,-8.227482093901269944e-02,-3.941424689901234513e-01,-1.812810662193438338e+00,1.413367628265008058e+00
1.680277310167999983e+09,1.000000000000000000e+00,-2.347258404422133959e-01,1.806642668616890435e-01,-8.251567637578791081e-02,-3.935787276417292979e-01,-1.812508720232843373e+00,1.415784909279020232e+00
1.680277310171999931e+09,1.000000000000000000e+00,-2.347258404422133959e-01,1.806642668616890435e-01,-8.251567637578791081e-02,-3.935787276417292979e-01,-1.812508720232843373e+00,1.415784909279020232e+00
1.680277310176000118e+09,1.000000000000000000e+00,-2.361046505512889027e-01,1.801616120371146712e-01,-8.275653181256313606e-02,-3.930324395858550979e-01,-1.812187579650476277e+00,1.418202190293032405e+00
1.680277310180000067e+09,1.000000000000000000e+00,-2.361046505512889027e-01,1.801616120371146712e-01,-8.275653181256313606e-02,-3.930324395858550979e-01,-1.812187579650476277e+00,1.418202190293032405e+00
1.680277310184999943e+09,1.000000000000000000e+00,-2.374712433556004643e-01,1.796572118832882869e-01,-8.299913257859033167e-02,-3.924861515299808423e-01,-1.811885637689881312e+00,1.420621216636296591e+00
1.680277310191999912e+09,1.000000000000000000e+00,-2.388500534646759987e-01,1.791632837049739191e-01,-8.323998801536557079e-02,-3.919241555108387010e-01,-1.811564497107514438e+00,1.423038497650308543e+00
1.680277310196000099e+09,1.000000000000000000e+00,-2.388500534646759987e-01,1.791632837049739191e-01,-8.323998801536557079e-02,-3.919241555108387010e-01,-1.811564497107514438e+00,1.423038497650308543e+00
1.680277310200000048e+09,1.000000000000000000e+00,-2.402288635737515055e-01,1.786606288803995468e-01,-8.348084345214078217e-02,-3.913778674549644454e-01,-1.811262555146919251e+00,1.425455778664320938e+00
1.680277310203999996e+09,1.000000000000000000e+00,-2.402288635737515055e-01,1.786606288803995468e-01,-8.348084345214078217e-02,-3.913778674549644454e-01,-1.811262555146919251e+00,1.425455778664320938e+00
1.680277310207999945e+09,1.000000000000000000e+00,-2.416094190120790242e-01,1.781667007020851512e-01,-8.372169888891599354e-02,-3.908141261065702365e-01,-1.810941414564552376e+00,1.427874805007584902e+00
1.680277310211999893e+09,1.000000000000000000e+00,-2.416094190120790242e-01,1.781667007020851512e-01,-8.372169888891599354e-02,-3.908141261065702365e-01,-1.810941414564552376e+00,1.427874805007584902e+00
1.680277310216000080e+09,1.000000000000000000e+00,-2.429742664871386015e-01,1.776640458775107789e-01,-8.396255432569120492e-02,-3.902678380506960920e-01,-1.810639472603957412e+00,1.430292086021597298e+00
1.680277310220000029e+09,1.000000000000000000e+00,-2.429742664871386015e-01,1.776640458775107789e-01,-8.396255432569120492e-02,-3.902678380506960920e-01,-1.810639472603957412e+00,1.430292086021597298e+00
1.680277310223999977e+09,1.000000000000000000e+00,-2.443548219254661202e-01,1.771701176991963833e-01,-8.420340976246641629e-02,-3.897058420315538396e-01,-1.810318332021590537e+00,1.432711112364861261e+00
1.680277310227999926e+09,1.000000000000000000e+00,-2.443548219254661202e-01,1.771701176991963833e-01,-8.420340976246641629e-02,-3.897058420315538396e-01,-1.810318332021590537e+00,1.432711112364861261e+00
1.680277310232000113e+09,1.000000000000000000e+00,-2.457336320345416270e-01,1.766657175453700268e-01,-8.444426519924165542e-02,-3.891595539756796396e-01,-1.809997191439223441e+00,1.435128393378873213e+00
1.680277310236000061e+09,1.000000000000000000e+00,-2.457336320345416270e-01,1.766657175453700268e-01,-8.444426519924165542e-02,-3.891595539756796396e-01,-1.809997191439223441e+00,1.435128393378873213e+00
1.680277310240000010e+09,1.000000000000000000e+00,-2.471002248388531886e-01,1.761630627207956823e-01,-8.468512063601686679e-02,-3.885958126272854862e-01,-1.809695249478628476e+00,1.437545674392885608e+00
1.680277310243999958e+09,1.000000000000000000e+00,-2.471002248388531886e-01,1.761630627207956823e-01,-8.468512063601686679e-02,-3.885958126272854862e-01,-1.809695249478628476e+00,1.437545674392885608e+00
1.680277310247999907e+09,1.000000000000000000e+00,-2.484790349479287230e-01,1.756691345424812589e-01,-8.492772140204407627e-02,-3.880495245714112307e-01,-1.809374108896261379e+00,1.439964700736149572e+00
1.680277310252000093e+09,1.000000000000000000e+00,-2.484790349479287230e-01,1.756691345424812589e-01,-8.492772140204407627e-02,-3.880495245714112307e-01,-1.809374108896261379e+00,1.439964700736149572e+00
1.680277310256000042e+09,1.000000000000000000e+00,-2.498578450570042297e-01,1.751664797179069144e-01,-8.515635953405534253e-02,-3.875049818447890426e-01,-1.809072166935666415e+00,1.442381981750161746e+00
1.680277310259999990e+09,1.000000000000000000e+00,-2.498578450570042297e-01,1.751664797179069144e-01,-8.515635953405534253e-02,-3.875049818447890426e-01,-1.809072166935666415e+00,1.442381981750161746e+00
1.680277310263999939e+09,1.000000000000000000e+00,-2.512244378613157636e-01,1.746708062103405068e-01,-8.539721497083055390e-02,-3.869412404963948893e-01,-1.808751026353299318e+00,1.444799262764173919e+00
1.680277310267999887e+09,1.000000000000000000e+00,-2.512244378613157636e-01,1.746708062103405068e-01,-8.539721497083055390e-02,-3.869412404963948893e-01,-1.808751026353299318e+00,1.444799262764173919e+00
1.680277310272000074e+09,1.000000000000000000e+00,-2.526032479703912981e-01,1.741681513857661623e-01,-8.563981573685774951e-02,-3.863949524405206337e-01,-1.808449084392704576e+00,1.447218289107438105e+00
1.680277310276000023e+09,1.000000000000000000e+00,-2.526032479703912981e-01,1.741681513857661623e-01,-8.563981573685774951e-02,-3.863949524405206337e-01,-1.808449084392704576e+00,1.447218289107438105e+00
1.680277310279999971e+09,1.000000000000000000e+00,-2.539820580794668325e-01,1.736742232074517389e-01,-8.588067117363298864e-02,-3.858312110921264804e-01,-1.808127943810337479e+00,1.449635570121450279e+00
1.680277310283999920e+09,1.000000000000000000e+00,-2.539820580794668325e-01,1.736742232074517389e-01,-8.588067117363298864e-02,-3.858312110921264804e-01,-1.808127943810337479e+00,1.449635570121450279e+00
1.680277310288000107e+09,1.000000000000000000e+00,-2.553608681885423670e-01,1.731715683828773944e-01,-8.612152661040820001e-02,-3.852866683655041813e-01,-1.807826001849742514e+00,1.452052851135462452e+00
1.680277310292000055e+09,1.000000000000000000e+00,-2.553608681885423670e-01,1.731715683828773944e-01,-8.612152661040820001e-02,-3.852866683655041813e-01,-1.807826001849742514e+00,1.452052851135462452e+00
1.680277310296000004e+09,1.000000000000000000e+00,-2.567274609928539286e-01,1.726776402045629988e-01,-8.636238204718341138e-02,-3.847229270171100279e-01,-1.807504861267375418e+00,1.454471877478726416e+00
1.680277310299999952e+09,1.000000000000000000e+00,-2.567274609928539286e-01,1.726776402045629988e-01,-8.636238204718341138e-02,-3.847229270171100279e-01,-1.807504861267375418e+00,1.454471877478726416e+00
1.680277310303999901e+09,1.000000000000000000e+00,-2.581080164311814196e-01,1.721732400507366423e-01,-8.660323748395862276e-02,-3.841766389612358834e-01,-1.807202919306780675e+00,1.456889158492738812e+00
1.680277310308000088e+09,1.000000000000000000e+00,-2.581080164311814196e-01,1.721732400507366423e-01,-8.660323748395862276e-02,-3.841766389612358834e-01,-1.807202919306780675e+00,1.456889158492738812e+00
1.680277310312000036e+09,1.000000000000000000e+00,-2.594868265402569540e-01,1.716705852261622700e-01,-8.684409292073384801e-02,-3.836303509053616279e-01,-1.806881778724413579e+00,1.459308184836002775e+00
1.680277310315999985e+09,1.000000000000000000e+00,-2.594868265402569540e-01,1.716705852261622700e-01,-8.684409292073384801e-02,-3.836303509053616279e-01,-1.806881778724413579e+00,1.459308184836002775e+00
1.680277310319999933e+09,1.000000000000000000e+00,-2.608534193445685156e-01,1.711766570478478744e-01,-8.708494835750907326e-02,-3.830683548862194310e-01,-1.806560638142046704e+00,1.461725465850014949e+00
1.680277310323999882e+09,1.000000000000000000e+00,-2.608534193445685156e-01,1.711766570478478744e-01,-8.708494835750907326e-02,-3.830683548862194310e-01,-1.806560638142046704e+00,1.461725465850014949e+00
1.680277310328000069e+09,1.000000000000000000e+00,-2.622322294536440501e-01,1.706740022232735021e-01,-8.732580379428428463e-02,-3.825220668303451754e-01,-1.806258696181451517e+00,1.464142746864027123e+00
1.680277310334000111e+09,1.000000000000000000e+00,-2.636110395627195291e-01,1.701800740449591065e-01,-8.756665923105949600e-02,-3.819583254819510221e-01,-1.805937555599084643e+00,1.466561773207291308e+00
1.680277310338000059e+09,1.000000000000000000e+00,-2.636110395627195291e-01,1.701800740449591065e-01,-8.756665923105949600e-02,-3.819583254819510221e-01,-1.805937555599084643e+00,1.466561773207291308e+00
1.680277310344000101e+09,1.000000000000000000e+00,-2.649776323670310907e-01,1.696756738911327500e-01,-8.780925999708671936e-02,-3.814120374260768220e-01,-1.805635613638489456e+00,1.468979054221303482e+00
1.680277310348000050e+09,1.000000000000000000e+00,-2.649776323670310907e-01,1.696756738911327500e-01,-8.780925999708671936e-02,-3.814120374260768220e-01,-1.805635613638489456e+00,1.468979054221303482e+00
1.680277310351999998e+09,1.000000000000000000e+00,-2.663564424761066252e-01,1.691817457128183544e-01,-8.805011543386193074e-02,-3.808500414069346807e-01,-1.805314473056122582e+00,1.471396335235315433e+00
1.680277310355999947e+09,1.000000000000000000e+00,-2.663564424761066252e-01,1.691817457128183544e-01,-8.805011543386193074e-02,-3.808500414069346807e-01,-1.805314473056122582e+00,1.471396335235315433e+00
1.680277310359999895e+09,1.000000000000000000e+00,-2.677352525851821596e-01,1.686790908882439821e-01,-8.829097087063714211e-02,-3.803037533510604251e-01,-1.805012531095527617e+00,1.473815361578579619e+00
1.680277310364000082e+09,1.000000000000000000e+00,-2.677352525851821596e-01,1.686790908882439821e-01,-8.829097087063714211e-02,-3.803037533510604251e-01,-1.805012531095527617e+00,1.473815361578579619e+00
1.680277310371000051e+09,1.000000000000000000e+00,-2.691140626942576941e-01,1.681764360636696098e-01,-8.853182630741236736e-02,-3.797400120026662718e-01,-1.804691390513160743e+00,1.476232642592591793e+00
1.680277310375999928e+09,1.000000000000000000e+00,-2.704806554985692557e-01,1.676825078853552142e-01,-8.877268174418757873e-02,-3.791937239467920162e-01,-1.804389448552565556e+00,1.478651668935855978e+00
1.680277310382999897e+09,1.000000000000000000e+00,-2.718594656076447347e-01,1.671781077315288577e-01,-8.901353718096280399e-02,-3.786491812201697726e-01,-1.804068307970198681e+00,1.481068949949867930e+00
1.680277310387000084e+09,1.000000000000000000e+00,-2.718594656076447347e-01,1.671781077315288577e-01,-8.901353718096280399e-02,-3.786491812201697726e-01,-1.804068307970198681e+00,1.481068949949867930e+00
1.680277310391000032e+09,1.000000000000000000e+00,-2.732400210459722811e-01,1.666841795532144621e-01,-8.925439261773801536e-02,-3.780854398717756193e-01,-1.803766366009603717e+00,1.483486230963880326e+00
1.680277310394999981e+09,1.000000000000000000e+00,-2.732400210459722811e-01,1.666841795532144621e-01,-8.925439261773801536e-02,-3.780854398717756193e-01,-1.803766366009603717e+00,1.483486230963880326e+00
1.680277310400000095e+09,1.000000000000000000e+00,-2.746048685210318308e-01,1.661815247286400898e-01,-8.949524805451324061e-02,-3.775391518159013637e-01,-1.803445225427236842e+00,1.485905257307144289e+00
1.680277310404000044e+09,1.000000000000000000e+00,-2.746048685210318308e-01,1.661815247286400898e-01,-8.949524805451324061e-02,-3.775391518159013637e-01,-1.803445225427236842e+00,1.485905257307144289e+00
1.680277310407999992e+09,1.000000000000000000e+00,-2.759854239593593217e-01,1.656875965503256942e-01,-8.973784882054045009e-02,-3.769754104675072104e-01,-1.803143283466641655e+00,1.488322538321156685e+00
1.680277310411999941e+09,1.000000000000000000e+00,-2.759854239593593217e-01,1.656875965503256942e-01,-8.973784882054045009e-02,-3.769754104675072104e-01,-1.803143283466641655e+00,1.488322538321156685e+00
1.680277310415999889e+09,1.000000000000000000e+00,-2.773642340684348562e-01,1.651849417257513220e-01,-8.997870425731567534e-02,-3.764308677408850223e-01,-1.802822142884274781e+00,1.490739819335168637e+00
1.680277310423000097e+09,1.000000000000000000e+00,-2.787308268727464178e-01,1.646892682181849421e-01,-9.021955969409088671e-02,-3.758671263924908135e-01,-1.802502747631159918e+00,1.493158845678432822e+00
1.680277310427000046e+09,1.000000000000000000e+00,-2.787308268727464178e-01,1.646892682181849421e-01,-9.021955969409088671e-02,-3.758671263924908135e-01,-1.802502747631159918e+00,1.493158845678432822e+00
1.680277310431999922e+09,1.000000000000000000e+00,-2.801096369818219523e-01,1.641866133936105698e-01,-9.046041513086609809e-02,-3.753208383366166134e-01,-1.802199060341312720e+00,1.495576126692444996e+00
1.680277310436000109e+09,1.000000000000000000e+00,-2.801096369818219523e-01,1.641866133936105698e-01,-9.046041513086609809e-02,-3.753208383366166134e-01,-1.802199060341312720e+00,1.495576126692444996e+00
1.680277310441999912e+09,1.000000000000000000e+00,-2.814884470908974867e-01,1.636839585690361976e-01,-9.070127056764130946e-02,-3.747745502807423579e-01,-1.801877919758945845e+00,1.497993407706457170e+00
1.680277310447000027e+09,1.000000000000000000e+00,-2.828672571999729657e-01,1.631900303907218019e-01,-9.094212600441653471e-02,-3.742125542616002165e-01,-1.801575977798350880e+00,1.500412434049721133e+00
1.680277310450999975e+09,1.000000000000000000e+00,-2.828672571999729657e-01,1.631900303907218019e-01,-9.094212600441653471e-02,-3.742125542616002165e-01,-1.801575977798350880e+00,1.500412434049721133e+00
1.680277310454999924e+09,1.000000000000000000e+00,-2.842338500042845273e-01,1.626856302368954454e-01,-9.118298144119175996e-02,-3.736662662057260165e-01,-1.801254837215984006e+00,1.502829715063733529e+00
1.680277310459000111e+09,1.000000000000000000e+00,-2.842338500042845273e-01,1.626856302368954454e-01,-9.118298144119175996e-02,-3.736662662057260165e-01,-1.801254837215984006e+00,1.502829715063733529e+00
1.680277310463000059e+09,1.000000000000000000e+00,-2.856126601133600618e-01,1.621917020585810498e-01,-9.142383687796697134e-02,-3.731025248573318076e-01,-1.800952895255388819e+00,1.505248741406997492e+00
1.680277310467000008e+09,1.000000000000000000e+00,-2.856126601133600618e-01,1.621917020585810498e-01,-9.142383687796697134e-02,-3.731025248573318076e-01,-1.800952895255388819e+00,1.505248741406997492e+00
1.680277310470999956e+09,1.000000000000000000e+00,-2.869932155516876082e-01,1.616890472340066776e-01,-9.166469231474218271e-02,-3.725562368014576076e-01,-1.800631754673021945e+00,1.507666022421009888e+00
1.680277310474999905e+09,1.000000000000000000e+00,-2.869932155516876082e-01,1.616890472340066776e-01,-9.166469231474218271e-02,-3.725562368014576076e-01,-1.800631754673021945e+00,1.507666022421009888e+00
1.680277310479000092e+09,1.000000000000000000e+00,-2.883580630267471578e-01,1.611951190556922819e-01,-9.190729308076940607e-02,-3.719942407823154107e-01,-1.800329812712426980e+00,1.510083303435021840e+00
1.680277310483000040e+09,1.000000000000000000e+00,-2.883580630267471578e-01,1.611951190556922819e-01,-9.190729308076940607e-02,-3.719942407823154107e-01,-1.800329812712426980e+00,1.510083303435021840e+00
1.680277310486999989e+09,1.000000000000000000e+00,-2.897386184650746488e-01,1.606924642311179374e-01,-9.214814851754461744e-02,-3.714479527264411551e-01,-1.800008672130060106e+00,1.512502329778286025e+00
1.680277310490999937e+09,1.000000000000000000e+00,-2.897386184650746488e-01,1.606924642311179374e-01,-9.214814851754461744e-02,-3.714479527264411551e-01,-1.800008672130060106e+00,1.512502329778286025e+00
1.680277310494999886e+09,1.000000000000000000e+00,-2.911174285741501833e-01,1.601880640772915809e-01,-9.238900395431982882e-02,-3.708842113780470018e-01,-1.799706730169464919e+00,1.514919610792298199e+00
1.680277310499000072e+09,1.000000000000000000e+00,-2.911174285741501833e-01,1.601880640772915809e-01,-9.238900395431982882e-02,-3.708842113780470018e-01,-1.799706730169464919e+00,1.514919610792298199e+00
1.680277310503000021e+09,1.000000000000000000e+00,-2.924840213784617449e-01,1.596941358989771853e-01,-9.262985939109504019e-02,-3.703379233221728017e-01,-1.799385589587098044e+00,1.517336891806310151e+00
1.680277310506999969e+09,1.000000000000000000e+00,-2.924840213784617449e-01,1.596941358989771853e-01,-9.262985939109504019e-02,-3.703379233221728017e-01,-1.799385589587098044e+00,1.517336891806310151e+00
1.680277310510999918e+09,1.000000000000000000e+00,-2.938628314875372793e-01,1.591914810744028130e-01,-9.287071482787027932e-02,-3.697933805955505582e-01,-1.799066194333982960e+00,1.519755918149574336e+00
1.680277310515000105e+09,1.000000000000000000e+00,-2.938628314875372793e-01,1.591914810744028130e-01,-9.287071482787027932e-02,-3.697933805955505582e-01,-1.799066194333982960e+00,1.519755918149574336e+00
1.680277310519000053e+09,1.000000000000000000e+00,-2.952416415966127583e-01,1.586975528960884174e-01,-9.311157026464549069e-02,-3.692296392471564048e-01,-1.798762507044135761e+00,1.522173199163586510e+00
1.680277310523000002e+09,1.000000000000000000e+00,-2.952416415966127583e-01,1.586975528960884174e-01,-9.311157026464549069e-02,-3.692296392471564048e-01,-1.798762507044135761e+00,1.522173199163586510e+00
1.680277310526999950e+09,1.000000000000000000e+00,-2.966204517056882928e-01,1.581948980715140451e-01,-9.335242570142070206e-02,-3.686833511912821493e-01,-1.798443111791020899e+00,1.524590480177598684e+00
1.680277310530999899e+09,1.000000000000000000e+00,-2.966204517056882928e-01,1.581948980715140451e-01,-9.335242570142070206e-02,-3.686833511912821493e-01,-1.798443111791020899e+00,1.524590480177598684e+00
1.680277310535000086e+09,1.000000000000000000e+00,-2.979870445099998544e-01,1.577009698931996495e-01,-9.359328113819591344e-02,-3.681196098428879959e-01,-1.798139424501174144e+00,1.527009506520862869e+00
1.680277310539000034e+09,1.000000000000000000e+00,-2.979870445099998544e-01,1.577009698931996495e-01,-9.359328113819591344e-02,-3.681196098428879959e-01,-1.798139424501174144e+00,1.527009506520862869e+00
1.680277310542999983e+09,1.000000000000000000e+00,-2.993658546190753889e-01,1.571965697393732930e-01,-9.383413657497113869e-02,-3.675750671162658079e-01,-1.797818283918807047e+00,1.529426787534875043e+00
1.680277310546999931e+09,1.000000000000000000e+00,-2.993658546190753889e-01,1.571965697393732930e-01,-9.383413657497113869e-02,-3.675750671162658079e-01,-1.797818283918807047e+00,1.529426787534875043e+00
1.680277310551000118e+09,1.000000000000000000e+00,-3.007464100574028798e-01,1.567026415610588974e-01,-9.407673734099834817e-02,-3.670113257678715990e-01,-1.797516341958211861e+00,1.531845813878139007e+00
1.680277310555000067e+09,1.000000000000000000e+00,-3.007464100574028798e-01,1.567026415610588974e-01,-9.407673734099834817e-02,-3.670113257678715990e-01,-1.797516341958211861e+00,1.531845813878139007e+00
1.680277310559000015e+09,1.000000000000000000e+00,-3.021112575324624294e-01,1.561999867364845251e-01,-9.431759277777357342e-02,-3.664650377119973990e-01,-1.797195201375844986e+00,1.534263094892151402e+00
1.680277310562999964e+09,1.000000000000000000e+00,-3.021112575324624294e-01,1.561999867364845251e-01,-9.431759277777357342e-02,-3.664650377119973990e-01,-1.797195201375844986e+00,1.534263094892151402e+00
1.680277310566999912e+09,1.000000000000000000e+00,-3.034918129707899759e-01,1.556973319119101529e-01,-9.455844821454878479e-02,-3.659187496561231434e-01,-1.796893259415250244e+00,1.536680375906163354e+00
1.680277310571000099e+09,1.000000000000000000e+00,-3.034918129707899759e-01,1.556973319119101529e-01,-9.455844821454878479e-02,-3.659187496561231434e-01,-1.796893259415250244e+00,1.536680375906163354e+00
1.680277310575000048e+09,1.000000000000000000e+00,-3.048706230798655104e-01,1.552034037335957573e-01,-9.479930365132401004e-02,-3.653567536369809465e-01,-1.796572118832883147e+00,1.539099402249427540e+00
1.680277310578999996e+09,1.000000000000000000e+00,-3.048706230798655104e-01,1.552034037335957573e-01,-9.479930365132401004e-02,-3.653567536369809465e-01,-1.796572118832883147e+00,1.539099402249427540e+00
1.680277310582999945e+09,1.000000000000000000e+00,-3.062494331889410448e-01,1.546990035797694008e-01,-9.502968711258724666e-02,-3.648104655811067465e-01,-1.796270176872287960e+00,1.541516683263439713e+00
1.680277310586999893e+09,1.000000000000000000e+00,-3.062494331889410448e-01,1.546990035797694008e-01,-9.502968711258724666e-02,-3.648104655811067465e-01,-1.796270176872287960e+00,1.541516683263439713e+00
1.680277310591000080e+09,1.000000000000000000e+00,-3.076160259932525509e-01,1.542050754014550051e-01,-9.527054254936247191e-02,-3.642467242327125931e-01,-1.795949036289921086e+00,1.543933964277451887e+00
1.680277310595000029e+09,1.000000000000000000e+00,-3.076160259932525509e-01,1.542050754014550051e-01,-9.527054254936247191e-02,-3.642467242327125931e-01,-1.795949036289921086e+00,1.543933964277451887e+00
1.680277310598999977e+09,1.000000000000000000e+00,-3.089948361023280854e-01,1.537024205768806329e-01,-9.551139798613769716e-02,-3.637004361768383376e-01,-1.795629641036806223e+00,1.546352990620716072e+00
1.680277310602999926e+09,1.000000000000000000e+00,-3.089948361023280854e-01,1.537024205768806329e-01,-9.551139798613769716e-02,-3.637004361768383376e-01,-1.795629641036806223e+00,1.546352990620716072e+00
1.680277310607000113e+09,1.000000000000000000e+00,-3.103736462114036199e-01,1.532084923985662372e-01,-9.575225342291290853e-02,-3.631384401576961962e-01,-1.795325953746959025e+00,1.548770271634728246e+00
1.680277310611000061e+09,1.000000000000000000e+00,-3.103736462114036199e-01,1.532084923985662372e-01,-9.575225342291290853e-02,-3.631384401576961962e-01,-1.795325953746959025e+00,1.548770271634728246e+00
1.680277310615000010e+09,1.000000000000000000e+00,-3.117402390157151815e-01,1.527040922447398807e-01,-9.599310885968811990e-02,-3.625921521018219407e-01,-1.795006558493844162e+00,1.551187552648740198e+00
1.680277310618999958e+09,1.000000000000000000e+00,-3.117402390157151815e-01,1.527040922447398807e-01,-9.599310885968811990e-02,-3.625921521018219407e-01,-1.795006558493844162e+00,1.551187552648740198e+00
1.680277310622999907e+09,1.000000000000000000e+00,-3.131190491247907159e-01,1.522014374201655085e-01,-9.623396429646334516e-02,-3.620458640459477406e-01,-1.794702871203997185e+00,1.553606578992004605e+00
1.680277310627000093e+09,1.000000000000000000e+00,-3.131190491247907159e-01,1.522014374201655085e-01,-9.623396429646334516e-02,-3.620458640459477406e-01,-1.794702871203997185e+00,1.553606578992004605e+00
1.680277310631000042e+09,1.000000000000000000e+00,-3.144996045631182069e-01,1.517075092418511129e-01,-9.647481973323855653e-02,-3.614821226975535873e-01,-1.794383475950882101e+00,1.556023860006016557e+00
1.680277310634999990e+09,1.000000000000000000e+00,-3.144996045631182069e-01,1.517075092418511129e-01,-9.647481973323855653e-02,-3.614821226975535873e-01,-1.794383475950882101e+00,1.556023860006016557e+00
1.680277310638999939e+09,1.000000000000000000e+00,-3.158644520381777565e-01,1.512048544172767406e-01,-9.671742049926577989e-02,-3.609375799709313437e-01,-1.794079788661035124e+00,1.558442886349280521e+00
1.680277310642999887e+09,1.000000000000000000e+00,-3.158644520381777565e-01,1.512048544172767406e-01,-9.671742049926577989e-02,-3.609375799709313437e-01,-1.794079788661035124e+00,1.558442886349280521e+00
1.680277310647000074e+09,1.000000000000000000e+00,-3.172450074765053030e-01,1.507109262389623450e-01,-9.695827593604099126e-02,-3.603738386225371904e-01,-1.793760393407920262e+00,1.560860167363292916e+00
1.680277310651000023e+09,1.000000000000000000e+00,-3.172450074765053030e-01,1.507109262389623450e-01,-9.695827593604099126e-02,-3.603738386225371904e-01,-1.793760393407920262e+00,1.560860167363292916e+00
1.680277310654999971e+09,1.000000000000000000e+00,-3.186238175855808374e-01,1.502065260851359885e-01,-9.719913137281620263e-02,-3.598275505666629348e-01,-1.793456706118073063e+00,1.563277448377304868e+00
1.680277310658999920e+09,1.000000000000000000e+00,-3.186238175855808374e-01,1.502065260851359885e-01,-9.719913137281620263e-02,-3.598275505666629348e-01,-1.793456706118073063e+00,1.563277448377304868e+00
1.680277310663000107e+09,1.000000000000000000e+00,-3.200026276946563719e-01,1.497125979068215929e-01,-9.743998680959142789e-02,-3.592638092182687815e-01,-1.793135565535706188e+00,1.565696474720569276e+00
1.680277310667000055e+09,1.000000000000000000e+00,-3.200026276946563719e-01,1.497125979068215929e-01,-9.743998680959142789e-02,-3.592638092182687815e-01,-1.793135565535706188e+00,1.565696474720569276e+00
1.680277310674000025e+09,1.000000000000000000e+00,-3.213692204989678780e-01,1.492099430822472206e-01,-9.768084224636663926e-02,-3.587192664916465379e-01,-1.792833623575111224e+00,1.568113755734581227e+00
1.680277310678999901e+09,1.000000000000000000e+00,-3.227480306080434125e-01,1.487072882576728761e-01,-9.792169768314186451e-02,-3.581555251432523845e-01,-1.792512482992744349e+00,1.570531036748593623e+00
1.680277310683000088e+09,1.000000000000000000e+00,-3.227480306080434125e-01,1.487072882576728761e-01,-9.792169768314186451e-02,-3.581555251432523845e-01,-1.792512482992744349e+00,1.570531036748593623e+00
1.680277310687000036e+09,1.000000000000000000e+00,-3.241268407171189470e-01,1.482133600793584804e-01,-9.816255311991707588e-02,-3.576092370873781290e-01,-1.792193087739629487e+00,1.572950063091857587e+00
1.680277310690999985e+09,1.000000000000000000e+00,-3.241268407171189470e-01,1.482133600793584804e-01,-9.816255311991707588e-02,-3.576092370873781290e-01,-1.792193087739629487e+00,1.572950063091857587e+00
1.680277310694999933e+09,1.000000000000000000e+00,-3.254934335214305086e-01,1.477089599255321239e-01,-9.840340855669228726e-02,-3.570629490315039289e-01,-1.791889400449782288e+00,1.575367344105869760e+00
1.680277310698999882e+09,1.000000000000000000e+00,-3.254934335214305086e-01,1.477089599255321239e-01,-9.840340855669228726e-02,-3.570629490315039289e-01,-1.791889400449782288e+00,1.575367344105869760e+00
1.680277310704999924e+09,1.000000000000000000e+00,-3.268722436305060430e-01,1.472150317472177006e-01,-9.864426399346751251e-02,-3.565009530123617321e-01,-1.791570005196667204e+00,1.577784625119881934e+00
1.680277310710999966e+09,1.000000000000000000e+00,-3.282510537395815775e-01,1.467123769226433561e-01,-9.888686475949472199e-02,-3.559546649564875320e-01,-1.791266317906820449e+00,1.580203651463146119e+00
1.680277310714999914e+09,1.000000000000000000e+00,-3.282510537395815775e-01,1.467123769226433561e-01,-9.888686475949472199e-02,-3.559546649564875320e-01,-1.791266317906820449e+00,1.580203651463146119e+00
1.680277310719000101e+09,1.000000000000000000e+00,-3.296176465438930836e-01,1.462184487443289604e-01,-9.912772019626993336e-02,-3.553909236080933787e-01,-1.790946922653705142e+00,1.582620932477158071e+00
1.680277310723000050e+09,1.000000000000000000e+00,-3.296176465438930836e-01,1.462184487443289604e-01,-9.912772019626993336e-02,-3.553909236080933787e-01,-1.790946922653705142e+00,1.582620932477158071e+00
1.680277310729000092e+09,1.000000000000000000e+00,-3.309964566529686181e-01,1.457157939197545882e-01,-9.936857563304514473e-02,-3.548446355522191231e-01,-1.790643235363858388e+00,1.585039958820422479e+00
1.680277310734999895e+09,1.000000000000000000e+00,-3.323770120912961645e-01,1.452218657414401926e-01,-9.960943106982038386e-02,-3.542826395330769818e-01,-1.790323840110743525e+00,1.587457239834434430e+00
1.680277310739000082e+09,1.000000000000000000e+00,-3.323770120912961645e-01,1.452218657414401926e-01,-9.960943106982038386e-02,-3.542826395330769818e-01,-1.790323840110743525e+00,1.587457239834434430e+00
1.680277310743000031e+09,1.000000000000000000e+00,-3.337558222003716990e-01,1.447174655876138361e-01,-9.985028650659559524e-02,-3.537363514772027817e-01,-1.790020152820896326e+00,1.589874520848446826e+00
1.680277310746999979e+09,1.000000000000000000e+00,-3.337558222003716990e-01,1.447174655876138361e-01,-9.985028650659559524e-02,-3.537363514772027817e-01,-1.790020152820896326e+00,1.589874520848446826e+00
1.680277310750999928e+09,1.000000000000000000e+00,-3.351224150046832051e-01,1.442148107630394638e-01,-1.000911419433708066e-01,-3.531900634213285262e-01,-1.789700757567781242e+00,1.592293547191710790e+00
1.680277310757999897e+09,1.000000000000000000e+00,-3.365012251137587396e-01,1.437208825847250682e-01,-1.003319973801460180e-01,-3.526263220729343728e-01,-1.789397070277934487e+00,1.594710828205722741e+00
1.680277310762000084e+09,1.000000000000000000e+00,-3.365012251137587396e-01,1.437208825847250682e-01,-1.003319973801460180e-01,-3.526263220729343728e-01,-1.789397070277934487e+00,1.594710828205722741e+00
1.680277310766000032e+09,1.000000000000000000e+00,-3.378800352228342740e-01,1.432182277601506959e-01,-1.005728528169212571e-01,-3.520817793463120737e-01,-1.789077675024819625e+00,1.597128109219735137e+00
1.680277310769999981e+09,1.000000000000000000e+00,-3.378800352228342740e-01,1.432182277601506959e-01,-1.005728528169212571e-01,-3.520817793463120737e-01,-1.789077675024819625e+00,1.597128109219735137e+00
1.680277310773999929e+09,1.000000000000000000e+00,-3.392466280271458356e-01,1.427225542525843160e-01,-1.008137082536964685e-01,-3.515180379979179204e-01,-1.788756534442452528e+00,1.599547135562999101e+00
1.680277310778000116e+09,1.000000000000000000e+00,-3.392466280271458356e-01,1.427225542525843160e-01,-1.008137082536964685e-01,-3.515180379979179204e-01,-1.788756534442452528e+00,1.599547135562999101e+00
1.680277310782999992e+09,1.000000000000000000e+00,-3.406254381362213701e-01,1.422198994280099438e-01,-1.010563090197236780e-01,-3.509717499420437203e-01,-1.788452847152605329e+00,1.601964416577011274e+00
1.680277310786999941e+09,1.000000000000000000e+00,-3.406254381362213701e-01,1.422198994280099438e-01,-1.010563090197236780e-01,-3.509717499420437203e-01,-1.788452847152605329e+00,1.601964416577011274e+00
1.680277310792000055e+09,1.000000000000000000e+00,-3.420042482452969046e-01,1.417259712496955482e-01,-1.012971644564988893e-01,-3.504080085936495115e-01,-1.788133451899490467e+00,1.604381697591023448e+00
1.680277310798000097e+09,1.000000000000000000e+00,-3.433708410496084107e-01,1.412233164251211759e-01,-1.015380198932741146e-01,-3.498634658670273234e-01,-1.787829764609643490e+00,1.606800723934287634e+00
1.680277310802000046e+09,1.000000000000000000e+00,-3.433708410496084107e-01,1.412233164251211759e-01,-1.015380198932741146e-01,-3.498634658670273234e-01,-1.787829764609643490e+00,1.606800723934287634e+00
1.680277310805999994e+09,1.000000000000000000e+00,-3.447496511586839452e-01,1.407189162712948194e-01,-1.017788753300493260e-01,-3.492997245186331701e-01,-1.787510369356528406e+00,1.609218004948299807e+00
1.680277310809999943e+09,1.000000000000000000e+00,-3.447496511586839452e-01,1.407189162712948194e-01,-1.017788753300493260e-01,-3.492997245186331701e-01,-1.787510369356528406e+00,1.609218004948299807e+00
1.680277310815000057e+09,1.000000000000000000e+00,-3.461302065970114916e-01,1.402249880929804238e-01,-1.020197307668245373e-01,-3.487534364627589145e-01,-1.787206682066681429e+00,1.611637031291563993e+00
1.680277310821000099e+09,1.000000000000000000e+00,-3.475090167060869151e-01,1.397223332684060515e-01,-1.022605862035997626e-01,-3.482071484068847145e-01,-1.786887286813566567e+00,1.614054312305575944e+00
1.680277310825000048e+09,1.000000000000000000e+00,-3.475090167060869151e-01,1.397223332684060515e-01,-1.022605862035997626e-01,-3.482071484068847145e-01,-1.786887286813566567e+00,1.614054312305575944e+00
1.680277310829999924e+09,1.000000000000000000e+00,-3.488756095103985322e-01,1.392284050900916559e-01,-1.025014416403749740e-01,-3.476451523877425731e-01,-1.786583599523719368e+00,1.616471593319588340e+00
1.680277310834000111e+09,1.000000000000000000e+00,-3.488756095103985322e-01,1.392284050900916559e-01,-1.025014416403749740e-01,-3.476451523877425731e-01,-1.786583599523719368e+00,1.616471593319588340e+00
1.680277310838000059e+09,1.000000000000000000e+00,-3.502544196194740667e-01,1.387257502655172836e-01,-1.027422970771501992e-01,-3.470988643318683176e-01,-1.786264204270604505e+00,1.618890619662852304e+00
1.680277310842000008e+09,1.000000000000000000e+00,-3.502544196194740667e-01,1.387257502655172836e-01,-1.027422970771501992e-01,-3.470988643318683176e-01,-1.786264204270604505e+00,1.618890619662852304e+00
1.680277310846999884e+09,1.000000000000000000e+00,-3.516332297285495456e-01,1.382318220872028880e-01,-1.029831525139254106e-01,-3.465351229834741642e-01,-1.785960516980757529e+00,1.621307900676864477e+00
1.680277310854000092e+09,1.000000000000000000e+00,-3.529998225328611627e-01,1.377274219333765315e-01,-1.032257532799526201e-01,-3.459888349275999087e-01,-1.785641121727642666e+00,1.623725181690876651e+00
1.680277310858000040e+09,1.000000000000000000e+00,-3.529998225328611627e-01,1.377274219333765315e-01,-1.032257532799526201e-01,-3.459888349275999087e-01,-1.785641121727642666e+00,1.623725181690876651e+00
1.680277310861999989e+09,1.000000000000000000e+00,-3.543786326419366417e-01,1.372334937550621359e-01,-1.034666087167278453e-01,-3.454268389084577118e-01,-1.785319981145275792e+00,1.626144208034140837e+00
1.680277310865999937e+09,1.000000000000000000e+00,-3.543786326419366417e-01,1.372334937550621359e-01,-1.034666087167278453e-01,-3.454268389084577118e-01,-1.785319981145275792e+00,1.626144208034140837e+00
1.680277310871000051e+09,1.000000000000000000e+00,-3.557574427510121762e-01,1.367308389304877636e-01,-1.037074641535030706e-01,-3.448805508525835117e-01,-1.785018039184680605e+00,1.628561489048153010e+00
1.680277310878000021e+09,1.000000000000000000e+00,-3.571240355553237378e-01,1.362281841059133913e-01,-1.039483195902782819e-01,-3.443342627967092562e-01,-1.784696898602313730e+00,1.630978770062164962e+00
1.680277310881999969e+09,1.000000000000000000e+00,-3.571240355553237378e-01,1.362281841059133913e-01,-1.039483195902782819e-01,-3.443342627967092562e-01,-1.784696898602313730e+00,1.630978770062164962e+00
1.680277310885999918e+09,1.000000000000000000e+00,-3.585028456643992723e-01,1.357342559275990235e-01,-1.041891750270534933e-01,-3.437705214483151028e-01,-1.784393211312466754e+00,1.633397796405429148e+00
1.680277310890000105e+09,1.000000000000000000e+00,-3.585028456643992723e-01,1.357342559275990235e-01,-1.041891750270534933e-01,-3.437705214483151028e-01,-1.784393211312466754e+00,1.633397796405429148e+00
1.680277310894000053e+09,1.000000000000000000e+00,-3.598834011027267632e-01,1.352298557737726392e-01,-1.044300304638287047e-01,-3.432259787216929148e-01,-1.784073816059351669e+00,1.635815077419441321e+00
1.680277310898000002e+09,1.000000000000000000e+00,-3.598834011027267632e-01,1.352298557737726392e-01,-1.044300304638287047e-01,-3.432259787216929148e-01,-1.784073816059351669e+00,1.635815077419441321e+00
1.680277310901999950e+09,1.000000000000000000e+00,-3.612622112118022422e-01,1.347359275954582436e-01,-1.046708859006039438e-01,-3.426622373732987059e-01,-1.783770128769504693e+00,1.638234103762705507e+00
1.680277310905999899e+09,1.000000000000000000e+00,-3.612622112118022422e-01,1.347359275954582436e-01,-1.046708859006039438e-01,-3.426622373732987059e-01,-1.783770128769504693e+00,1.638234103762705507e+00
1.680277310910000086e+09,1.000000000000000000e+00,-3.626288040161138593e-01,1.342332727708838713e-01,-1.049012693618671804e-01,-3.421159493174245059e-01,-1.783450733516389830e+00,1.640651384776717459e+00
1.680277310914000034e+09,1.000000000000000000e+00,-3.626288040161138593e-01,1.342332727708838713e-01,-1.049012693618671804e-01,-3.421159493174245059e-01,-1.783450733516389830e+00,1.640651384776717459e+00
1.680277310917999983e+09,1.000000000000000000e+00,-3.640076141251893938e-01,1.337393445925695035e-01,-1.051421247986424057e-01,-3.415522079690303525e-01,-1.783147046226542631e+00,1.643068665790729854e+00
1.680277310921999931e+09,1.000000000000000000e+00,-3.640076141251893938e-01,1.337393445925695035e-01,-1.051421247986424057e-01,-3.415522079690303525e-01,-1.783147046226542631e+00,1.643068665790729854e+00
1.680277310926000118e+09,1.000000000000000000e+00,-3.653864242342648727e-01,1.332366897679951312e-01,-1.053829802354176171e-01,-3.410076652424081090e-01,-1.782827650973427769e+00,1.645487692133993818e+00
1.680277310930000067e+09,1.000000000000000000e+00,-3.653864242342648727e-01,1.332366897679951312e-01,-1.053829802354176171e-01,-3.410076652424081090e-01,-1.782827650973427769e+00,1.645487692133993818e+00
1.680277310934000015e+09,1.000000000000000000e+00,-3.667530170385764343e-01,1.327322896141687747e-01,-1.056238356721928423e-01,-3.404439238940139001e-01,-1.782523963683580792e+00,1.647904973148006214e+00
1.680277310937999964e+09,1.000000000000000000e+00,-3.667530170385764343e-01,1.327322896141687747e-01,-1.056238356721928423e-01,-3.404439238940139001e-01,-1.782523963683580792e+00,1.647904973148006214e+00
1.680277310941999912e+09,1.000000000000000000e+00,-3.681318271476519688e-01,1.322383614358543513e-01,-1.058664364382200379e-01,-3.398976358381396445e-01,-1.782204568430465708e+00,1.650322254162018165e+00
1.680277310946000099e+09,1.000000000000000000e+00,-3.681318271476519688e-01,1.322383614358543513e-01,-1.058664364382200379e-01,-3.398976358381396445e-01,-1.782204568430465708e+00,1.650322254162018165e+00
1.680277310950000048e+09,1.000000000000000000e+00,-3.695106372567274478e-01,1.317357066112800068e-01,-1.061072918749952770e-01,-3.393513477822655000e-01,-1.781883427848098611e+00,1.652741280505282351e+00
1.680277310953999996e+09,1.000000000000000000e+00,-3.695106372567274478e-01,1.317357066112800068e-01,-1.061072918749952770e-01,-3.393513477822655000e-01,-1.781883427848098611e+00,1.652741280505282351e+00
1.680277310957999945e+09,1.000000000000000000e+00,-3.708772300610390649e-01,1.312417784329656112e-01,-1.063481473117704884e-01,-3.387893517631233031e-01,-1.781581485887503868e+00,1.655158561519294524e+00
1.680277310961999893e+09,1.000000000000000000e+00,-3.708772300610390649e-01,1.312417784329656112e-01,-1.063481473117704884e-01,-3.387893517631233031e-01,-1.781581485887503868e+00,1.655158561519294524e+00
1.680277310966000080e+09,1.000000000000000000e+00,-3.722560401701145993e-01,1.307373782791392547e-01,-1.065890027485456998e-01,-3.382430637072490476e-01,-1.781260345305136772e+00,1.657575842533306698e+00
1.680277310970000029e+09,1.000000000000000000e+00,-3.722560401701145993e-01,1.307373782791392547e-01,-1.065890027485456998e-01,-3.382430637072490476e-01,-1.781260345305136772e+00,1.657575842533306698e+00
1.680277310973999977e+09,1.000000000000000000e+00,-3.736365956084420903e-01,1.302434501008248313e-01,-1.068298581853209112e-01,-3.376793223588548942e-01,-1.780958403344541807e+00,1.659994868876570662e+00
1.680277310977999926e+09,1.000000000000000000e+00,-3.736365956084420903e-01,1.302434501008248313e-01,-1.068298581853209112e-01,-3.376793223588548942e-01,-1.780958403344541807e+00,1.659994868876570662e+00
1.680277310982000113e+09,1.000000000000000000e+00,-3.750154057175175693e-01,1.297407952762504868e-01,-1.070707136220961225e-01,-3.371330343029806387e-01,-1.780637262762174711e+00,1.662412149890583057e+00
1.680277310986000061e+09,1.000000000000000000e+00,-3.750154057175175693e-01,1.297407952762504868e-01,-1.070707136220961225e-01,-3.371330343029806387e-01,-1.780637262762174711e+00,1.662412149890583057e+00
1.680277310990000010e+09,1.000000000000000000e+00,-3.763819985218291864e-01,1.292468670979360912e-01,-1.073115690588713617e-01,-3.365710382838384973e-01,-1.780335320801579968e+00,1.664831176233847021e+00
1.680277310993999958e+09,1.000000000000000000e+00,-3.763819985218291864e-01,1.292468670979360912e-01,-1.073115690588713617e-01,-3.365710382838384973e-01,-1.780335320801579968e+00,1.664831176233847021e+00
1.680277310997999907e+09,1.000000000000000000e+00,-3.777608086309047208e-01,1.287442122733617189e-01,-1.075524244956465730e-01,-3.360247502279642973e-01,-1.780014180219212871e+00,1.667248457247859417e+00
1.680277311002000093e+09,1.000000000000000000e+00,-3.777608086309047208e-01,1.287442122733617189e-01,-1.075524244956465730e-01,-3.360247502279642973e-01,-1.780014180219212871e+00,1.667248457247859417e+00
1.680277311006000042e+09,1.000000000000000000e+00,-3.791396187399801998e-01,1.282398121195353624e-01,-1.077932799324217844e-01,-3.354784621720900417e-01,-1.779710492929365673e+00,1.669665738261871368e+00
1.680277311009999990e+09,1.000000000000000000e+00,-3.791396187399801998e-01,1.282398121195353624e-01,-1.077932799324217844e-01,-3.354784621720900417e-01,-1.779710492929365673e+00,1.669665738261871368e+00
1.680277311013999939e+09,1.000000000000000000e+00,-3.805062115442917614e-01,1.277458839412209668e-01,-1.080358806984490078e-01,-3.349147208236958884e-01,-1.779391097676250810e+00,1.672084764605135554e+00
1.680277311017999887e+09,1.000000000000000000e+00,-3.805062115442917614e-01,1.277458839412209668e-01,-1.080358806984490078e-01,-3.349147208236958884e-01,-1.779391097676250810e+00,1.672084764605135554e+00
1.680277311022000074e+09,1.000000000000000000e+00,-3.818850216533672959e-01,1.272432291166465945e-01,-1.082767361352242191e-01,-3.343701780970737003e-01,-1.779087410386403834e+00,1.674502045619147728e+00
1.680277311026000023e+09,1.000000000000000000e+00,-3.818850216533672959e-01,1.272432291166465945e-01,-1.082767361352242191e-01,-3.343701780970737003e-01,-1.779087410386403834e+00,1.674502045619147728e+00
1.680277311032000065e+09,1.000000000000000000e+00,-3.832638317624427748e-01,1.267493009383321989e-01,-1.085175915719994305e-01,-3.338064367486794359e-01,-1.778768015133288749e+00,1.676919326633159679e+00
1.680277311036999941e+09,1.000000000000000000e+00,-3.846304245667543920e-01,1.262466461137578266e-01,-1.087584470087746419e-01,-3.332601486928052914e-01,-1.778446874550921875e+00,1.679338352976423865e+00
1.680277311040999889e+09,1.000000000000000000e+00,-3.846304245667543920e-01,1.262466461137578266e-01,-1.087584470087746419e-01,-3.332601486928052914e-01,-1.778446874550921875e+00,1.679338352976423865e+00
1.680277311045000076e+09,1.000000000000000000e+00,-3.860092346758299264e-01,1.257527179354434310e-01,-1.089993024455498671e-01,-3.326964073444110825e-01,-1.778144932590326910e+00,1.681755633990436039e+00
1.680277311049000025e+09,1.000000000000000000e+00,-3.860092346758299264e-01,1.257527179354434310e-01,-1.089993024455498671e-01,-3.326964073444110825e-01,-1.778144932590326910e+00,1.681755633990436039e+00
1.680277311052999973e+09,1.000000000000000000e+00,-3.873880447849054054e-01,1.252483177816170745e-01,-1.092401578823250924e-01,-3.321518646177888390e-01,-1.777823792007960035e+00,1.684172915004448212e+00
1.680277311056999922e+09,1.000000000000000000e+00,-3.873880447849054054e-01,1.252483177816170745e-01,-1.092401578823250924e-01,-3.321518646177888390e-01,-1.777823792007960035e+00,1.684172915004448212e+00
1.680277311061000109e+09,1.000000000000000000e+00,-3.887686002232328963e-01,1.247456629570427161e-01,-1.094810133191003038e-01,-3.315881232693946856e-01,-1.777521850047364849e+00,1.686591941347712398e+00
1.680277311065000057e+09,1.000000000000000000e+00,-3.887686002232328963e-01,1.247456629570427161e-01,-1.094810133191003038e-01,-3.315881232693946856e-01,-1.777521850047364849e+00,1.686591941347712398e+00
1.680277311069999933e+09,1.000000000000000000e+00,-3.901334476982925015e-01,1.242517347787283205e-01,-1.097218687558755151e-01,-3.310418352135204856e-01,-1.777200709464997974e+00,1.689009222361724571e+00
1.680277311076999903e+09,1.000000000000000000e+00,-3.915140031366199924e-01,1.237490799541539482e-01,-1.099644695219027385e-01,-3.304955471576462300e-01,-1.776898767504403009e+00,1.691428248704988535e+00
1.680277311081000090e+09,1.000000000000000000e+00,-3.915140031366199924e-01,1.237490799541539482e-01,-1.099644695219027385e-01,-3.304955471576462300e-01,-1.776898767504403009e+00,1.691428248704988535e+00
1.680277311085000038e+09,1.000000000000000000e+00,-3.928928132456955269e-01,1.232551517758395526e-01,-1.102053249586779499e-01,-3.299335511385040887e-01,-1.776577626922036135e+00,1.693845529719000931e+00
1.680277311088999987e+09,1.000000000000000000e+00,-3.928928132456955269e-01,1.232551517758395526e-01,-1.102053249586779499e-01,-3.299335511385040887e-01,-1.776577626922036135e+00,1.693845529719000931e+00
1.680277311092999935e+09,1.000000000000000000e+00,-3.942594060500070885e-01,1.227507516220131961e-01,-1.104461803954531751e-01,-3.293872630826298331e-01,-1.776275684961440948e+00,1.696262810733012882e+00
1.680277311096999884e+09,1.000000000000000000e+00,-3.942594060500070885e-01,1.227507516220131961e-01,-1.104461803954531751e-01,-3.293872630826298331e-01,-1.776275684961440948e+00,1.696262810733012882e+00
1.680277311101999998e+09,1.000000000000000000e+00,-3.956382161590825675e-01,1.222568234436988005e-01,-1.106870358322283865e-01,-3.288235217342356798e-01,-1.775954544379074074e+00,1.698681837076277068e+00
1.680277311105999947e+09,1.000000000000000000e+00,-3.956382161590825675e-01,1.222568234436988005e-01,-1.106870358322283865e-01,-3.288235217342356798e-01,-1.775954544379074074e+00,1.698681837076277068e+00
1.680277311109999895e+09,1.000000000000000000e+00,-3.970170262681581019e-01,1.217541686191244282e-01,-1.109278912690035979e-01,-3.282772336783614797e-01,-1.775652602418478887e+00,1.701099118090289242e+00
1.680277311115999937e+09,1.000000000000000000e+00,-3.983836190724697190e-01,1.212602404408100326e-01,-1.111687467057788231e-01,-3.277152376592192828e-01,-1.775331461836112013e+00,1.703516399104301415e+00
1.680277311119999886e+09,1.000000000000000000e+00,-3.983836190724697190e-01,1.212602404408100326e-01,-1.111687467057788231e-01,-3.277152376592192828e-01,-1.775331461836112013e+00,1.703516399104301415e+00
1.680277311125000000e+09,1.000000000000000000e+00,-3.997624291815451425e-01,1.207558402869836761e-01,-1.114096021425540345e-01,-3.271689496033450273e-01,-1.775027774546265036e+00,1.705935425447565601e+00
1.680277311128999949e+09,1.000000000000000000e+00,-3.997624291815451425e-01,1.207558402869836761e-01,-1.114096021425540345e-01,-3.271689496033450273e-01,-1.775027774546265036e+00,1.705935425447565601e+00
1.680277311134000063e+09,1.000000000000000000e+00,-4.011412392906206770e-01,1.202531854624093038e-01,-1.116504575793292597e-01,-3.266226615474707717e-01,-1.774708379293150173e+00,1.708352706461577775e+00
1.680277311138000011e+09,1.000000000000000000e+00,-4.011412392906206770e-01,1.202531854624093038e-01,-1.116504575793292597e-01,-3.266226615474707717e-01,-1.774708379293150173e+00,1.708352706461577775e+00
1.680277311141999960e+09,1.000000000000000000e+00,-4.025217947289482234e-01,1.197592572840949082e-01,-1.118913130161044711e-01,-3.260589201990766184e-01,-1.774387238710783299e+00,1.710769987475589948e+00
1.680277311145999908e+09,1.000000000000000000e+00,-4.025217947289482234e-01,1.197592572840949082e-01,-1.118913130161044711e-01,-3.260589201990766184e-01,-1.774387238710783299e+00,1.710769987475589948e+00
1.680277311150000095e+09,1.000000000000000000e+00,-4.038866422040077730e-01,1.192566024595205498e-01,-1.121339137821316945e-01,-3.255143774724544303e-01,-1.774085296750188112e+00,1.713189013818854134e+00
1.680277311155999899e+09,1.000000000000000000e+00,-4.052671976423352640e-01,1.187626742812061403e-01,-1.123747692189069058e-01,-3.249506361240602770e-01,-1.773764156167821016e+00,1.715606294832866086e+00
1.680277311160000086e+09,1.000000000000000000e+00,-4.052671976423352640e-01,1.187626742812061403e-01,-1.123747692189069058e-01,-3.249506361240602770e-01,-1.773764156167821016e+00,1.715606294832866086e+00
1.680277311164999962e+09,1.000000000000000000e+00,-4.066460077514107985e-01,1.182582741273797838e-01,-1.126156246556821172e-01,-3.244043480681860214e-01,-1.773462214207226273e+00,1.718025321176130049e+00
1.680277311168999910e+09,1.000000000000000000e+00,-4.066460077514107985e-01,1.182582741273797838e-01,-1.126156246556821172e-01,-3.244043480681860214e-01,-1.773462214207226273e+00,1.718025321176130049e+00
1.680277311173000097e+09,1.000000000000000000e+00,-4.080126005557224156e-01,1.177643459490653882e-01,-1.128564800924573286e-01,-3.238406067197918681e-01,-1.773141073624859398e+00,1.720442602190142445e+00
1.680277311177000046e+09,1.000000000000000000e+00,-4.080126005557224156e-01,1.177643459490653882e-01,-1.128564800924573286e-01,-3.238406067197918681e-01,-1.773141073624859398e+00,1.720442602190142445e+00
1.680277311180999994e+09,1.000000000000000000e+00,-4.093914106647978945e-01,1.172616911244910298e-01,-1.130973355292325677e-01,-3.232960639931696245e-01,-1.772839131664264212e+00,1.722859883204154396e+00
1.680277311184999943e+09,1.000000000000000000e+00,-4.093914106647978945e-01,1.172616911244910298e-01,-1.130973355292325677e-01,-3.232960639931696245e-01,-1.772839131664264212e+00,1.722859883204154396e+00
1.680277311188999891e+09,1.000000000000000000e+00,-4.107702207738734290e-01,1.167590362999166576e-01,-1.133381909660077791e-01,-3.227497759372954245e-01,-1.772517991081897115e+00,1.725278909547418804e+00
1.680277311193000078e+09,1.000000000000000000e+00,-4.107702207738734290e-01,1.167590362999166576e-01,-1.133381909660077791e-01,-3.227497759372954245e-01,-1.772517991081897115e+00,1.725278909547418804e+00
1.680277311197000027e+09,1.000000000000000000e+00,-4.121368135781850461e-01,1.162651081216022619e-01,-1.135790464027829905e-01,-3.221860345889012711e-01,-1.772216049121302150e+00,1.727696190561430756e+00
1.680277311200999975e+09,1.000000000000000000e+00,-4.121368135781850461e-01,1.162651081216022619e-01,-1.135790464027829905e-01,-3.221860345889012711e-01,-1.772216049121302150e+00,1.727696190561430756e+00
1.680277311204999924e+09,1.000000000000000000e+00,-4.135156236872604696e-01,1.157607079677759054e-01,-1.138199018395582018e-01,-3.216397465330270156e-01,-1.771894908538935054e+00,1.730113471575443151e+00
1.680277311209000111e+09,1.000000000000000000e+00,-4.135156236872604696e-01,1.157607079677759054e-01,-1.138199018395582018e-01,-3.216397465330270156e-01,-1.771894908538935054e+00,1.730113471575443151e+00
1.680277311213000059e+09,1.000000000000000000e+00,-4.148944337963360041e-01,1.152667797894615098e-01,-1.140607572763334132e-01,-3.210777505138848187e-01,-1.771592966578340311e+00,1.732532497918707115e+00
1.680277311217000008e+09,1.000000000000000000e+00,-4.148944337963360041e-01,1.152667797894615098e-01,-1.140607572763334132e-01,-3.210777505138848187e-01,-1.771592966578340311e+00,1.732532497918707115e+00
1.680277311220999956e+09,1.000000000000000000e+00,-4.162749892346635505e-01,1.147641249648871375e-01,-1.143033580423606366e-01,-3.205314624580106186e-01,-1.771271825995973215e+00,1.734949778932719289e+00
1.680277311224999905e+09,1.000000000000000000e+00,-4.162749892346635505e-01,1.147641249648871375e-01,-1.143033580423606366e-01,-3.205314624580106186e-01,-1.771271825995973215e+00,1.734949778932719289e+00
1.680277311229000092e+09,1.000000000000000000e+00,-4.176398367097231001e-01,1.142701967865727419e-01,-1.145442134791358479e-01,-3.199677211096164098e-01,-1.770950685413606340e+00,1.737367059946731462e+00
1.680277311233000040e+09,1.000000000000000000e+00,-4.176398367097231001e-01,1.142701967865727419e-01,-1.145442134791358479e-01,-3.199677211096164098e-01,-1.770950685413606340e+00,1.737367059946731462e+00
1.680277311236999989e+09,1.000000000000000000e+00,-4.190203921480505911e-01,1.137675419619983697e-01,-1.147745969403991123e-01,-3.194214330537422097e-01,-1.770648743453011154e+00,1.739786086289995648e+00
1.680277311240999937e+09,1.000000000000000000e+00,-4.190203921480505911e-01,1.137675419619983697e-01,-1.147745969403991123e-01,-3.194214330537422097e-01,-1.770648743453011154e+00,1.739786086289995648e+00
1.680277311244999886e+09,1.000000000000000000e+00,-4.203992022571261256e-01,1.132631418081720132e-01,-1.150154523771743237e-01,-3.188594370346000684e-01,-1.770327602870644279e+00,1.742203367304007600e+00
1.680277311249000072e+09,1.000000000000000000e+00,-4.203992022571261256e-01,1.132631418081720132e-01,-1.150154523771743237e-01,-3.188594370346000684e-01,-1.770327602870644279e+00,1.742203367304007600e+00
1.680277311253000021e+09,1.000000000000000000e+00,-4.217657950614377427e-01,1.127692136298576175e-01,-1.152563078139495351e-01,-3.183131489787258128e-01,-1.770025660910049314e+00,1.744622393647272007e+00
1.680277311256999969e+09,1.000000000000000000e+00,-4.217657950614377427e-01,1.127692136298576175e-01,-1.152563078139495351e-01,-3.183131489787258128e-01,-1.770025660910049314e+00,1.744622393647272007e+00
1.680277311260999918e+09,1.000000000000000000e+00,-4.231446051705132216e-01,1.122665588052832591e-01,-1.154971632507247464e-01,-3.177668609228516128e-01,-1.769704520327682440e+00,1.747039674661283959e+00
1.680277311265000105e+09,1.000000000000000000e+00,-4.231446051705132216e-01,1.122665588052832591e-01,-1.154971632507247464e-01,-3.177668609228516128e-01,-1.769704520327682440e+00,1.747039674661283959e+00
1.680277311270999908e+09,1.000000000000000000e+00,-4.245234152795887561e-01,1.117726306269688497e-01,-1.157380186874999856e-01,-3.172031195744574039e-01,-1.769402578367087253e+00,1.749456955675296355e+00
1.680277311276999950e+09,1.000000000000000000e+00,-4.258900080839003177e-01,1.112699758023944913e-01,-1.159788741242751969e-01,-3.166585768478352159e-01,-1.769081437784720379e+00,1.751875982018560318e+00
1.680277311280999899e+09,1.000000000000000000e+00,-4.258900080839003177e-01,1.112699758023944913e-01,-1.159788741242751969e-01,-3.166585768478352159e-01,-1.769081437784720379e+00,1.751875982018560318e+00
1.680277311285000086e+09,1.000000000000000000e+00,-4.272688181929757967e-01,1.107743022948280975e-01,-1.162197295610504083e-01,-3.160948354994410625e-01,-1.768779495824125192e+00,1.754293263032572270e+00
1.680277311289000034e+09,1.000000000000000000e+00,-4.272688181929757967e-01,1.107743022948280975e-01,-1.162197295610504083e-01,-3.160948354994410625e-01,-1.768779495824125192e+00,1.754293263032572270e+00
1.680277311292999983e+09,1.000000000000000000e+00,-4.286476283020513312e-01,1.102716474702537391e-01,-1.164605849978256197e-01,-3.155485474435668070e-01,-1.768458355241758317e+00,1.756710544046584666e+00
1.680277311296999931e+09,1.000000000000000000e+00,-4.286476283020513312e-01,1.102716474702537391e-01,-1.164605849978256197e-01,-3.155485474435668070e-01,-1.768458355241758317e+00,1.756710544046584666e+00
1.680277311301000118e+09,1.000000000000000000e+00,-4.300281837403788776e-01,1.097777192919393296e-01,-1.167014404346008449e-01,-3.149848060951726536e-01,-1.768156413281163353e+00,1.759129570389848629e+00
1.680277311305000067e+09,1.000000000000000000e+00,-4.300281837403788776e-01,1.097777192919393296e-01,-1.167014404346008449e-01,-3.149848060951726536e-01,-1.768156413281163353e+00,1.759129570389848629e+00
1.680277311309000015e+09,1.000000000000000000e+00,-4.313930312154384272e-01,1.092750644673649713e-01,-1.169440412006280544e-01,-3.144402633685504100e-01,-1.767835272698796478e+00,1.761546851403860803e+00
1.680277311312999964e+09,1.000000000000000000e+00,-4.313930312154384272e-01,1.092750644673649713e-01,-1.169440412006280544e-01,-3.144402633685504100e-01,-1.767835272698796478e+00,1.761546851403860803e+00
1.680277311316999912e+09,1.000000000000000000e+00,-4.327735866537659182e-01,1.087706643135386148e-01,-1.171848966374032797e-01,-3.138939753126761545e-01,-1.767514132116429604e+00,1.763964132417872976e+00
1.680277311321000099e+09,1.000000000000000000e+00,-4.327735866537659182e-01,1.087706643135386148e-01,-1.171848966374032797e-01,-3.138939753126761545e-01,-1.767514132116429604e+00,1.763964132417872976e+00
1.680277311325000048e+09,1.000000000000000000e+00,-4.341523967628414526e-01,1.082767361352242191e-01,-1.174257520741784910e-01,-3.133302339642820011e-01,-1.767212190155834417e+00,1.766383158761137162e+00
1.680277311328999996e+09,1.000000000000000000e+00,-4.341523967628414526e-01,1.082767361352242191e-01,-1.174257520741784910e-01,-3.133302339642820011e-01,-1.767212190155834417e+00,1.766383158761137162e+00
1.680277311332999945e+09,1.000000000000000000e+00,-4.355189895671530143e-01,1.077740813106498469e-01,-1.176666075109537024e-01,-3.127839459084077456e-01,-1.766891049573467543e+00,1.768800439775149336e+00
1.680277311336999893e+09,1.000000000000000000e+00,-4.355189895671530143e-01,1.077740813106498469e-01,-1.176666075109537024e-01,-3.127839459084077456e-01,-1.766891049573467543e+00,1.768800439775149336e+00
1.680277311341000080e+09,1.000000000000000000e+00,-4.368977996762285487e-01,1.072801531323354512e-01,-1.179074629477289277e-01,-3.122219498892656042e-01,-1.766589107612872578e+00,1.771219466118413521e+00
1.680277311345000029e+09,1.000000000000000000e+00,-4.368977996762285487e-01,1.072801531323354512e-01,-1.179074629477289277e-01,-3.122219498892656042e-01,-1.766589107612872578e+00,1.771219466118413521e+00
1.680277311348999977e+09,1.000000000000000000e+00,-4.382766097853040832e-01,1.067774983077610790e-01,-1.181483183845041390e-01,-3.116756618333914042e-01,-1.766267967030505703e+00,1.773636747132425473e+00
1.680277311352999926e+09,1.000000000000000000e+00,-4.382766097853040832e-01,1.067774983077610790e-01,-1.181483183845041390e-01,-3.116756618333914042e-01,-1.766267967030505703e+00,1.773636747132425473e+00
1.680277311357000113e+09,1.000000000000000000e+00,-4.396432025896155893e-01,1.062835701294466972e-01,-1.183891738212793643e-01,-3.111119204849971953e-01,-1.765966025069910517e+00,1.776054028146437869e+00
1.680277311361000061e+09,1.000000000000000000e+00,-4.396432025896155893e-01,1.062835701294466972e-01,-1.183891738212793643e-01,-3.111119204849971953e-01,-1.765966025069910517e+00,1.776054028146437869e+00
1.680277311365000010e+09,1.000000000000000000e+00,-4.410220126986911238e-01,1.057791699756203269e-01,-1.186300292580545757e-01,-3.105656324291229953e-01,-1.765644884487543642e+00,1.778473054489701832e+00
1.680277311368999958e+09,1.000000000000000000e+00,-4.410220126986911238e-01,1.057791699756203269e-01,-1.186300292580545757e-01,-3.105656324291229953e-01,-1.765644884487543642e+00,1.778473054489701832e+00
1.680277311375000000e+09,1.000000000000000000e+00,-4.424008228077666582e-01,1.052765151510459685e-01,-1.188708846948298009e-01,-3.100036364099808539e-01,-1.765342942526948455e+00,1.780890335503714006e+00
1.680277311380000114e+09,1.000000000000000000e+00,-4.437796329168421927e-01,1.047825869727315590e-01,-1.191134854608570104e-01,-3.094573483541065984e-01,-1.765021801944581581e+00,1.783307616517726180e+00
1.680277311384000063e+09,1.000000000000000000e+00,-4.437796329168421927e-01,1.047825869727315590e-01,-1.191134854608570104e-01,-3.094573483541065984e-01,-1.765021801944581581e+00,1.783307616517726180e+00
1.680277311388999939e+09,1.000000000000000000e+00,-4.451462257211537543e-01,1.042799321481572006e-01,-1.193543408976322218e-01,-3.089110602982323983e-01,-1.764719859983986616e+00,1.785726642860990365e+00
1.680277311395999908e+09,1.000000000000000000e+00,-4.465250358302292888e-01,1.037860039698428188e-01,-1.195951963344074331e-01,-3.083473189498382450e-01,-1.764398719401619742e+00,1.788143923875002539e+00
1.680277311400000095e+09,1.000000000000000000e+00,-4.465250358302292888e-01,1.037860039698428188e-01,-1.195951963344074331e-01,-3.083473189498382450e-01,-1.764398719401619742e+00,1.788143923875002539e+00
1.680277311404000044e+09,1.000000000000000000e+00,-4.479055912685567797e-01,1.032816038160164485e-01,-1.198360517711826723e-01,-3.078027762232159459e-01,-1.764077578819252645e+00,1.790561204889014491e+00
1.680277311407999992e+09,1.000000000000000000e+00,-4.479055912685567797e-01,1.032816038160164485e-01,-1.198360517711826723e-01,-3.078027762232159459e-01,-1.764077578819252645e+00,1.790561204889014491e+00
1.680277311411999941e+09,1.000000000000000000e+00,-4.492704387436163294e-01,1.027876756377020528e-01,-1.200769072079578836e-01,-3.072390348748217925e-01,-1.763775636858657681e+00,1.792980231232278676e+00
1.680277311415999889e+09,1.000000000000000000e+00,-4.492704387436163294e-01,1.027876756377020528e-01,-1.200769072079578836e-01,-3.072390348748217925e-01,-1.763775636858657681e+00,1.792980231232278676e+00
1.680277311420000076e+09,1.000000000000000000e+00,-4.506509941819438758e-01,1.022850208131276806e-01,-1.203177626447330950e-01,-3.066927468189475370e-01,-1.763454496276290584e+00,1.795397512246290850e+00
1.680277311424000025e+09,1.000000000000000000e+00,-4.506509941819438758e-01,1.022850208131276806e-01,-1.203177626447330950e-01,-3.066927468189475370e-01,-1.763454496276290584e+00,1.795397512246290850e+00
1.680277311427999973e+09,1.000000000000000000e+00,-4.520298042910194103e-01,1.017910926348132988e-01,-1.205586180815083064e-01,-3.061290054705533836e-01,-1.763152554315695619e+00,1.797816538589555035e+00
1.680277311431999922e+09,1.000000000000000000e+00,-4.520298042910194103e-01,1.017910926348132988e-01,-1.205586180815083064e-01,-3.061290054705533836e-01,-1.763152554315695619e+00,1.797816538589555035e+00
1.680277311436000109e+09,1.000000000000000000e+00,-4.533963970953309164e-01,1.012884378102389127e-01,-1.207994735182835178e-01,-3.055844627439311956e-01,-1.762831413733328523e+00,1.800233819603566987e+00
1.680277311440000057e+09,1.000000000000000000e+00,-4.533963970953309164e-01,1.012884378102389127e-01,-1.207994735182835178e-01,-3.055844627439311956e-01,-1.762831413733328523e+00,1.800233819603566987e+00
1.680277311444000006e+09,1.000000000000000000e+00,-4.547752072044064509e-01,1.007840376564125562e-01,-1.210403289550587569e-01,-3.050381746880569400e-01,-1.762529471772733780e+00,1.802651100617579383e+00
1.680277311447999954e+09,1.000000000000000000e+00,-4.547752072044064509e-01,1.007840376564125562e-01,-1.210403289550587569e-01,-3.050381746880569400e-01,-1.762529471772733780e+00,1.802651100617579383e+00
1.680277311451999903e+09,1.000000000000000000e+00,-4.561540173134819853e-01,1.002901094780981606e-01,-1.212829297210859525e-01,-3.044744333396627867e-01,-1.762208331190366684e+00,1.805070126960843346e+00
1.680277311456000090e+09,1.000000000000000000e+00,-4.561540173134819853e-01,1.002901094780981606e-01,-1.212829297210859525e-01,-3.044744333396627867e-01,-1.762208331190366684e+00,1.805070126960843346e+00
1.680277311460000038e+09,1.000000000000000000e+00,-4.575328274225575198e-01,9.978745465352378829e-02,-1.215237851578611777e-01,-3.039281452837885311e-01,-1.761906389229771719e+00,1.807487407974855742e+00
1.680277311463999987e+09,1.000000000000000000e+00,-4.575328274225575198e-01,9.978745465352378829e-02,-1.215237851578611777e-01,-3.039281452837885311e-01,-1.761906389229771719e+00,1.807487407974855742e+00
1.680277311467999935e+09,1.000000000000000000e+00,-4.588994202268690814e-01,9.929352647520939268e-02,-1.217646405946364030e-01,-3.033661492646463897e-01,-1.761585248647404622e+00,1.809904688988867694e+00
1.680277311471999884e+09,1.000000000000000000e+00,-4.588994202268690814e-01,9.929352647520939268e-02,-1.217646405946364030e-01,-3.033661492646463897e-01,-1.761585248647404622e+00,1.809904688988867694e+00
1.680277311476999998e+09,1.000000000000000000e+00,-4.602782303359445604e-01,9.878912632138303618e-02,-1.220054960314116144e-01,-3.028198612087721897e-01,-1.761283306686809880e+00,1.812323715332131879e+00
1.680277311480999947e+09,1.000000000000000000e+00,-4.602782303359445604e-01,9.878912632138303618e-02,-1.220054960314116144e-01,-3.028198612087721897e-01,-1.761283306686809880e+00,1.812323715332131879e+00
1.680277311486000061e+09,1.000000000000000000e+00,-4.616587857742721068e-01,9.829519814306864056e-02,-1.222463514681868257e-01,-3.022561198603780364e-01,-1.760962166104442783e+00,1.814740996346144053e+00
1.680277311490999937e+09,1.000000000000000000e+00,-4.630236332493316564e-01,9.779254331849428217e-02,-1.224872069049620371e-01,-3.017098318045037808e-01,-1.760642770851327699e+00,1.817158277360156227e+00
1.680277311494999886e+09,1.000000000000000000e+00,-4.630236332493316564e-01,9.779254331849428217e-02,-1.224872069049620371e-01,-3.017098318045037808e-01,-1.760642770851327699e+00,1.817158277360156227e+00
1.680277311499000072e+09,1.000000000000000000e+00,-4.644041886876592029e-01,9.728988849391990990e-02,-1.227280623417372624e-01,-3.011478357853615839e-01,-1.760339083561480722e+00,1.819577303703420190e+00
1.680277311505000114e+09,1.000000000000000000e+00,-4.644041886876592029e-01,9.728988849391990990e-02,-1.227280623417372624e-01,-3.011478357853615839e-01,-1.760339083561480722e+00,1.819577303703420190e+00
1.680277311509999990e+09,1.000000000000000000e+00,-4.657829987967346819e-01,9.679596031560552816e-02,-1.229689177785124876e-01,-3.006015477294873284e-01,-1.760019688308365859e+00,1.821994584717432586e+00
1.680277311515000105e+09,1.000000000000000000e+00,-4.671618089058102163e-01,9.629156016177915778e-02,-1.232115185445396971e-01,-3.000552596736131283e-01,-1.759716001018518661e+00,1.824413611060696550e+00
1.680277311519000053e+09,1.000000000000000000e+00,-4.671618089058102163e-01,9.629156016177915778e-02,-1.232115185445396971e-01,-3.000552596736131283e-01,-1.759716001018518661e+00,1.824413611060696550e+00
1.680277311523999929e+09,1.000000000000000000e+00,-4.685284017101217779e-01,9.579763198346476216e-02,-1.234523739813149085e-01,-2.994915183252189750e-01,-1.759394860436151786e+00,1.826830892074708945e+00
1.680277311528000116e+09,1.000000000000000000e+00,-4.685284017101217779e-01,9.579763198346476216e-02,-1.234523739813149085e-01,-2.994915183252189750e-01,-1.759394860436151786e+00,1.826830892074708945e+00
1.680277311532000065e+09,1.000000000000000000e+00,-4.699072118191973124e-01,9.529497715889038989e-02,-1.236932294180901337e-01,-2.989469755985967314e-01,-1.759092918475556822e+00,1.829286570332264716e+00
1.680277311536000013e+09,1.000000000000000000e+00,-4.699072118191973124e-01,9.529497715889038989e-02,-1.236932294180901337e-01,-2.989469755985967314e-01,-1.759092918475556822e+00,1.829286570332264716e+00
1.680277311539999962e+09,1.000000000000000000e+00,-4.712860219282728469e-01,9.480104898057600815e-02,-1.239340848548653451e-01,-2.983832342502025781e-01,-1.758771777893189947e+00,1.831705596675528902e+00
1.680277311543999910e+09,1.000000000000000000e+00,-4.712860219282728469e-01,9.480104898057600815e-02,-1.239340848548653451e-01,-2.983832342502025781e-01,-1.758771777893189947e+00,1.831705596675528902e+00
1.680277311548000097e+09,1.000000000000000000e+00,-4.726526147325843530e-01,9.429839415600162200e-02,-1.241749402916405703e-01,-2.978369461943283780e-01,-1.758469835932594760e+00,1.834122877689541076e+00
1.680277311552000046e+09,1.000000000000000000e+00,-4.726526147325843530e-01,9.429839415600162200e-02,-1.241749402916405703e-01,-2.978369461943283780e-01,-1.758469835932594760e+00,1.834122877689541076e+00
1.680277311555999994e+09,1.000000000000000000e+00,-4.740314248416598875e-01,9.380446597768724026e-02,-1.244157957284157817e-01,-2.972732048459341692e-01,-1.758148695350227886e+00,1.836540158703553249e+00
1.680277311559999943e+09,1.000000000000000000e+00,-4.740314248416598875e-01,9.380446597768724026e-02,-1.244157957284157817e-01,-2.972732048459341692e-01,-1.758148695350227886e+00,1.836540158703553249e+00
1.680277311565000057e+09,1.000000000000000000e+00,-4.754119802799874339e-01,9.330006582386086988e-02,-1.246461791896790322e-01,-2.967286621193119811e-01,-1.757846753389632921e+00,1.838959185046817213e+00
1.680277311572999954e+09,1.000000000000000000e+00,-4.767768277550469835e-01,9.279741099928651149e-02,-1.248870346264542436e-01,-2.961823740634377256e-01,-1.757525612807266047e+00,1.841376466060829609e+00
1.680277311578999996e+09,1.000000000000000000e+00,-4.781573831933744745e-01,9.230348282097210200e-02,-1.251278900632294688e-01,-2.956186327150435722e-01,-1.757206217554150962e+00,1.843793747074841560e+00
1.680277311584000111e+09,1.000000000000000000e+00,-4.781573831933744745e-01,9.230348282097210200e-02,-1.251278900632294688e-01,-2.956186327150435722e-01,-1.757206217554150962e+00,1.843793747074841560e+00
1.680277311588000059e+09,1.000000000000000000e+00,-4.795361933024500090e-01,9.180082799639774360e-02,-1.253687455000046802e-01,-2.950723446591693722e-01,-1.756902530264303985e+00,1.846212773418105746e+00
1.680277311592000008e+09,1.000000000000000000e+00,-4.795361933024500090e-01,9.180082799639774360e-02,-1.253687455000046802e-01,-2.950723446591693722e-01,-1.756902530264303985e+00,1.846212773418105746e+00
1.680277311596999884e+09,1.000000000000000000e+00,-4.809150034115255434e-01,9.130689981808334799e-02,-1.256096009367799193e-01,-2.945103486400271198e-01,-1.756583135011189123e+00,1.848630054432117920e+00
1.680277311604000092e+09,1.000000000000000000e+00,-4.822815962158371050e-01,9.080249966425699149e-02,-1.258504563735551307e-01,-2.939640605841529197e-01,-1.756279447721341924e+00,1.851049080775382105e+00
1.680277311608000040e+09,1.000000000000000000e+00,-4.822815962158371050e-01,9.080249966425699149e-02,-1.258504563735551307e-01,-2.939640605841529197e-01,-1.756279447721341924e+00,1.851049080775382105e+00
1.680277311611999989e+09,1.000000000000000000e+00,-4.836604063249126395e-01,9.030857148594258199e-02,-1.260930571395823263e-01,-2.934003192357587664e-01,-1.755960052468227062e+00,1.853466361789394279e+00
1.680277311615999937e+09,1.000000000000000000e+00,-4.836604063249126395e-01,9.030857148594258199e-02,-1.260930571395823263e-01,-2.934003192357587664e-01,-1.755960052468227062e+00,1.853466361789394279e+00
1.680277311619999886e+09,1.000000000000000000e+00,-4.850392164339881740e-01,8.980591666136822360e-02,-1.263339125763575654e-01,-2.928540311798845108e-01,-1.755656365178380085e+00,1.855883642803406453e+00
1.680277311624000072e+09,1.000000000000000000e+00,-4.850392164339881740e-01,8.980591666136822360e-02,-1.263339125763575654e-01,-2.928540311798845108e-01,-1.755656365178380085e+00,1.855883642803406453e+00
1.680277311628000021e+09,1.000000000000000000e+00,-4.864058092382996801e-01,8.930326183679385132e-02,-1.265747680131327768e-01,-2.923094884532623228e-01,-1.755335224596012988e+00,1.858302669146670416e+00
1.680277311631999969e+09,1.000000000000000000e+00,-4.864058092382996801e-01,8.930326183679385132e-02,-1.265747680131327768e-01,-2.923094884532623228e-01,-1.755335224596012988e+00,1.858302669146670416e+00
1.680277311635999918e+09,1.000000000000000000e+00,-4.877846193473752145e-01,8.880758832922747148e-02,-1.268156234499079882e-01,-2.917457471048681694e-01,-1.755033282635418024e+00,1.860719950160682812e+00
1.680277311640000105e+09,1.000000000000000000e+00,-4.877846193473752145e-01,8.880758832922747148e-02,-1.268156234499079882e-01,-2.917457471048681694e-01,-1.755033282635418024e+00,1.860719950160682812e+00
1.680277311644000053e+09,1.000000000000000000e+00,-4.891651747857027610e-01,8.830493350465309921e-02,-1.270564788866831996e-01,-2.911994590489939139e-01,-1.754712142053050927e+00,1.863137231174694763e+00
1.680277311648000002e+09,1.000000000000000000e+00,-4.891651747857027610e-01,8.830493350465309921e-02,-1.270564788866831996e-01,-2.911994590489939139e-01,-1.754712142053050927e+00,1.863137231174694763e+00
1.680277311651999950e+09,1.000000000000000000e+00,-4.905300222607623106e-01,8.781100532633870359e-02,-1.272973343234584109e-01,-2.906357177005997605e-01,-1.754410200092456185e+00,1.865556257517958727e+00
1.680277311655999899e+09,1.000000000000000000e+00,-4.905300222607623106e-01,8.781100532633870359e-02,-1.272973343234584109e-01,-2.906357177005997605e-01,-1.754410200092456185e+00,1.865556257517958727e+00
1.680277311660000086e+09,1.000000000000000000e+00,-4.919105776990898016e-01,8.730835050176433132e-02,-1.275381897602336501e-01,-2.900911749739775169e-01,-1.754089059510089088e+00,1.867973538531971123e+00
1.680277311664000034e+09,1.000000000000000000e+00,-4.919105776990898016e-01,8.730835050176433132e-02,-1.275381897602336501e-01,-2.900911749739775169e-01,-1.754089059510089088e+00,1.867973538531971123e+00
1.680277311667999983e+09,1.000000000000000000e+00,-4.932893878081653360e-01,8.681442232344994958e-02,-1.277790451970088614e-01,-2.895274336255833081e-01,-1.753769664256974004e+00,1.870390819545983074e+00
1.680277311671999931e+09,1.000000000000000000e+00,-4.932893878081653360e-01,8.681442232344994958e-02,-1.277790451970088614e-01,-2.895274336255833081e-01,-1.753769664256974004e+00,1.870390819545983074e+00
1.680277311676000118e+09,1.000000000000000000e+00,-4.946681979172408705e-01,8.631002216962357920e-02,-1.280216459630360570e-01,-2.889811455697091636e-01,-1.753465976967127027e+00,1.872809845889247482e+00
1.680277311680000067e+09,1.000000000000000000e+00,-4.946681979172408705e-01,8.631002216962357920e-02,-1.280216459630360570e-01,-2.889811455697091636e-01,-1.753465976967127027e+00,1.872809845889247482e+00
1.680277311684000015e+09,1.000000000000000000e+00,-4.960347907215524321e-01,8.581609399130918359e-02,-1.282625013998112962e-01,-2.884174042213148992e-01,-1.753146581714012164e+00,1.875227126903259434e+00
1.680277311687999964e+09,1.000000000000000000e+00,-4.960347907215524321e-01,8.581609399130918359e-02,-1.282625013998112962e-01,-2.884174042213148992e-01,-1.753146581714012164e+00,1.875227126903259434e+00
1.680277311691999912e+09,1.000000000000000000e+00,-4.974136008306279666e-01,8.531343916673481131e-02,-1.285033568365865075e-01,-2.878728614946927111e-01,-1.752842894424164966e+00,1.877646153246523619e+00
1.680277311696000099e+09,1.000000000000000000e+00,-4.974136008306279666e-01,8.531343916673481131e-02,-1.285033568365865075e-01,-2.878728614946927111e-01,-1.752842894424164966e+00,1.877646153246523619e+00
1.680277311700000048e+09,1.000000000000000000e+00,-4.987924109397035011e-01,8.481078434216045292e-02,-1.287442122733617189e-01,-2.873265734388184556e-01,-1.752523499171050103e+00,1.880063434260535793e+00
1.680277311703999996e+09,1.000000000000000000e+00,-4.987924109397035011e-01,8.481078434216045292e-02,-1.287442122733617189e-01,-2.873265734388184556e-01,-1.752523499171050103e+00,1.880063434260535793e+00
1.680277311707999945e+09,1.000000000000000000e+00,-5.001590037440150072e-01,8.431685616384607118e-02,-1.289850677101369303e-01,-2.867628320904243022e-01,-1.752219811881203126e+00,1.882480715274547967e+00
1.680277311711999893e+09,1.000000000000000000e+00,-5.001590037440150072e-01,8.431685616384607118e-02,-1.289850677101369303e-01,-2.867628320904243022e-01,-1.752219811881203126e+00,1.882480715274547967e+00
1.680277311719000101e+09,1.000000000000000000e+00,-5.015378138530905971e-01,8.381245601001970080e-02,-1.292259231469121417e-01,-2.862165440345501022e-01,-1.751900416628088042e+00,1.884899741617811930e+00
1.680277311723999977e+09,1.000000000000000000e+00,-5.029166239621660761e-01,8.331852783170529131e-02,-1.294667785836873808e-01,-2.856545480154079608e-01,-1.751596729338241065e+00,1.887317022631824326e+00
1.680277311727999926e+09,1.000000000000000000e+00,-5.029166239621660761e-01,8.331852783170529131e-02,-1.294667785836873808e-01,-2.856545480154079608e-01,-1.751596729338241065e+00,1.887317022631824326e+00
1.680277311732000113e+09,1.000000000000000000e+00,-5.042832167664775822e-01,8.281587300713093291e-02,-1.297076340204625922e-01,-2.851082599595337053e-01,-1.751277334085126203e+00,1.889734303645836277e+00
1.680277311736000061e+09,1.000000000000000000e+00,-5.042832167664775822e-01,8.281587300713093291e-02,-1.297076340204625922e-01,-2.851082599595337053e-01,-1.751277334085126203e+00,1.889734303645836277e+00
1.680277311740000010e+09,1.000000000000000000e+00,-5.056620268755531722e-01,8.232194482881655118e-02,-1.299484894572378035e-01,-2.845445186111395519e-01,-1.750973646795279226e+00,1.892153329989100685e+00
1.680277311743999958e+09,1.000000000000000000e+00,-5.056620268755531722e-01,8.232194482881655118e-02,-1.299484894572378035e-01,-2.845445186111395519e-01,-1.750973646795279226e+00,1.892153329989100685e+00
1.680277311747999907e+09,1.000000000000000000e+00,-5.070425823138806631e-01,8.181929000424217890e-02,-1.301910902232649991e-01,-2.839982305552652964e-01,-1.750652506212912352e+00,1.894570611003112637e+00
1.680277311752000093e+09,1.000000000000000000e+00,-5.070425823138806631e-01,8.181929000424217890e-02,-1.301910902232649991e-01,-2.839982305552652964e-01,-1.750652506212912352e+00,1.894570611003112637e+00
1.680277311756000042e+09,1.000000000000000000e+00,-5.084213924229562531e-01,8.131488985041580853e-02,-1.304319456600402383e-01,-2.834536878286431083e-01,-1.750350564252317165e+00,1.896987892017125032e+00
1.680277311763000011e+09,1.000000000000000000e+00,-5.097879852272677592e-01,8.082096167210141291e-02,-1.306728010968154496e-01,-2.828899464802489550e-01,-1.750029423669950290e+00,1.899406918360388996e+00
1.680277311766999960e+09,1.000000000000000000e+00,-5.097879852272677592e-01,8.082096167210141291e-02,-1.306728010968154496e-01,-2.828899464802489550e-01,-1.750029423669950290e+00,1.899406918360388996e+00
1.680277311770999908e+09,1.000000000000000000e+00,-5.111667953363432382e-01,8.031830684752704064e-02,-1.309136565335906610e-01,-2.823436584243746994e-01,-1.749710028416835428e+00,1.901824199374400948e+00
1.680277311775000095e+09,1.000000000000000000e+00,-5.111667953363432382e-01,8.031830684752704064e-02,-1.309136565335906610e-01,-2.823436584243746994e-01,-1.749710028416835428e+00,1.901824199374400948e+00
1.680277311779999971e+09,1.000000000000000000e+00,-5.125456054454188282e-01,7.982437866921265890e-02,-1.311545119703658724e-01,-2.817799170759804905e-01,-1.749406341126988229e+00,1.904243225717665133e+00
1.680277311783999920e+09,1.000000000000000000e+00,-5.125456054454188282e-01,7.982437866921265890e-02,-1.311545119703658724e-01,-2.817799170759804905e-01,-1.749406341126988229e+00,1.904243225717665133e+00
1.680277311788000107e+09,1.000000000000000000e+00,-5.139121982497303343e-01,7.932172384463830050e-02,-1.313953674071411115e-01,-2.812353743493583025e-01,-1.749086945873873367e+00,1.906660506731677307e+00
1.680277311792000055e+09,1.000000000000000000e+00,-5.139121982497303343e-01,7.932172384463830050e-02,-1.313953674071411115e-01,-2.812353743493583025e-01,-1.749086945873873367e+00,1.906660506731677307e+00
1.680277311796000004e+09,1.000000000000000000e+00,-5.152910083588059242e-01,7.882605033707189290e-02,-1.316362228439163229e-01,-2.806716330009640936e-01,-1.748783258584026390e+00,1.909077787745689481e+00
1.680277311802999973e+09,1.000000000000000000e+00,-5.166698184678814032e-01,7.832339551249752063e-02,-1.318770782806915343e-01,-2.801253449450898936e-01,-1.748463863330911305e+00,1.911496814088953666e+00
1.680277311806999922e+09,1.000000000000000000e+00,-5.166698184678814032e-01,7.832339551249752063e-02,-1.318770782806915343e-01,-2.801253449450898936e-01,-1.748463863330911305e+00,1.911496814088953666e+00
1.680277311812000036e+09,1.000000000000000000e+00,-5.180364112721929093e-01,7.782074068792316224e-02,-1.321179337174667456e-01,-2.795616035966957402e-01,-1.748160176041064329e+00,1.913914095102965840e+00
1.680277311815999985e+09,1.000000000000000000e+00,-5.180364112721929093e-01,7.782074068792316224e-02,-1.321179337174667456e-01,-2.795616035966957402e-01,-1.748160176041064329e+00,1.913914095102965840e+00
1.680277311822000027e+09,1.000000000000000000e+00,-5.194152213812684993e-01,7.732681250960878050e-02,-1.323605344834939690e-01,-2.790170608700734967e-01,-1.747840780787949466e+00,1.916331376116978014e+00
1.680277311826999903e+09,1.000000000000000000e+00,-5.207957768195959902e-01,7.682241235578241012e-02,-1.326013899202691804e-01,-2.784707728141992411e-01,-1.747537093498102267e+00,1.918750402460242199e+00
1.680277311831000090e+09,1.000000000000000000e+00,-5.207957768195959902e-01,7.682241235578241012e-02,-1.326013899202691804e-01,-2.784707728141992411e-01,-1.747537093498102267e+00,1.918750402460242199e+00
1.680277311835000038e+09,1.000000000000000000e+00,-5.221745869286714692e-01,7.632848417746801450e-02,-1.328422453570443917e-01,-2.779070314658050878e-01,-1.747217698244987405e+00,1.921167683474254151e+00
1.680277311838999987e+09,1.000000000000000000e+00,-5.221745869286714692e-01,7.632848417746801450e-02,-1.328422453570443917e-01,-2.779070314658050878e-01,-1.747217698244987405e+00,1.921167683474254151e+00
1.680277311844000101e+09,1.000000000000000000e+00,-5.235411797329830863e-01,7.582582935289364223e-02,-1.330831007938196309e-01,-2.773607434099308877e-01,-1.746914010955140428e+00,1.923584964488266547e+00
1.680277311848000050e+09,1.000000000000000000e+00,-5.235411797329830863e-01,7.582582935289364223e-02,-1.330831007938196309e-01,-2.773607434099308877e-01,-1.746914010955140428e+00,1.923584964488266547e+00
1.680277311851999998e+09,1.000000000000000000e+00,-5.249199898420585653e-01,7.533190117457926049e-02,-1.333239562305948422e-01,-2.767987473907886908e-01,-1.746594615702025566e+00,1.926003990831530510e+00
1.680277311858999968e+09,1.000000000000000000e+00,-5.262987999511340442e-01,7.482924635000488822e-02,-1.335648116673700536e-01,-2.762524593349144353e-01,-1.746273475119658469e+00,1.928421271845542684e+00
1.680277311862999916e+09,1.000000000000000000e+00,-5.262987999511340442e-01,7.482924635000488822e-02,-1.335648116673700536e-01,-2.762524593349144353e-01,-1.746273475119658469e+00,1.928421271845542684e+00
1.680277311867000103e+09,1.000000000000000000e+00,-5.276653927554456613e-01,7.433531817169049261e-02,-1.338056671041452650e-01,-2.756887179865202819e-01,-1.745969787829811493e+00,1.930840298188806869e+00
1.680277311871000051e+09,1.000000000000000000e+00,-5.276653927554456613e-01,7.433531817169049261e-02,-1.338056671041452650e-01,-2.756887179865202819e-01,-1.745969787829811493e+00,1.930840298188806869e+00
1.680277311875000000e+09,1.000000000000000000e+00,-5.290442028645211403e-01,7.383091801786412223e-02,-1.340465225409205041e-01,-2.751424299306460819e-01,-1.745650392576696408e+00,1.933257579202819043e+00
1.680277311878999949e+09,1.000000000000000000e+00,-5.290442028645211403e-01,7.383091801786412223e-02,-1.340465225409205041e-01,-2.751424299306460819e-01,-1.745650392576696408e+00,1.933257579202819043e+00
1.680277311882999897e+09,1.000000000000000000e+00,-5.304230129735966193e-01,7.332826319328974995e-02,-1.342873779776957155e-01,-2.745978872040238383e-01,-1.745346705286849653e+00,1.935674860216831217e+00
1.680277311887000084e+09,1.000000000000000000e+00,-5.304230129735966193e-01,7.332826319328974995e-02,-1.342873779776957155e-01,-2.745978872040238383e-01,-1.745346705286849653e+00,1.935674860216831217e+00
1.680277311891000032e+09,1.000000000000000000e+00,-5.317896057779082364e-01,7.283433501497536822e-02,-1.345177614389589660e-01,-2.740341458556296850e-01,-1.745027310033734347e+00,1.938093886560095402e+00
1.680277311894999981e+09,1.000000000000000000e+00,-5.317896057779082364e-01,7.283433501497536822e-02,-1.345177614389589660e-01,-2.740341458556296850e-01,-1.745027310033734347e+00,1.938093886560095402e+00
1.680277311898999929e+09,1.000000000000000000e+00,-5.331684158869838264e-01,7.233168019040100982e-02,-1.347586168757341774e-01,-2.734878577997554849e-01,-1.744723622743887592e+00,1.940511167574107354e+00
1.680277311903000116e+09,1.000000000000000000e+00,-5.331684158869838264e-01,7.233168019040100982e-02,-1.347586168757341774e-01,-2.734878577997554849e-01,-1.744723622743887592e+00,1.940511167574107354e+00
1.680277311907000065e+09,1.000000000000000000e+00,-5.345489713253113173e-01,7.183775201208660033e-02,-1.350012176417614007e-01,-2.729241164513612761e-01,-1.744404227490772508e+00,1.942928448588119528e+00
1.680277311911000013e+09,1.000000000000000000e+00,-5.345489713253113173e-01,7.183775201208660033e-02,-1.350012176417614007e-01,-2.729241164513612761e-01,-1.744404227490772508e+00,1.942928448588119528e+00
1.680277311914999962e+09,1.000000000000000000e+00,-5.359277814343867963e-01,7.133335185826024383e-02,-1.352420730785366121e-01,-2.723795737247390325e-01,-1.744100540200925531e+00,1.945347474931383713e+00
1.680277311918999910e+09,1.000000000000000000e+00,-5.359277814343867963e-01,7.133335185826024383e-02,-1.352420730785366121e-01,-2.723795737247390325e-01,-1.744100540200925531e+00,1.945347474931383713e+00
1.680277311923000097e+09,1.000000000000000000e+00,-5.372943742386984134e-01,7.083942367994584821e-02,-1.354829285153118235e-01,-2.718158323763448792e-01,-1.743781144947810446e+00,1.947764755945395665e+00
1.680277311927000046e+09,1.000000000000000000e+00,-5.372943742386984134e-01,7.083942367994584821e-02,-1.354829285153118235e-01,-2.718158323763448792e-01,-1.743781144947810446e+00,1.947764755945395665e+00
1.680277311930999994e+09,1.000000000000000000e+00,-5.386731843477738924e-01,7.033676885537148982e-02,-1.357237839520870348e-01,-2.712695443204706791e-01,-1.743477457657963692e+00,1.950182036959408061e+00
1.680277311934999943e+09,1.000000000000000000e+00,-5.386731843477738924e-01,7.033676885537148982e-02,-1.357237839520870348e-01,-2.712695443204706791e-01,-1.743477457657963692e+00,1.950182036959408061e+00
1.680277311940999985e+09,1.000000000000000000e+00,-5.400519944568493713e-01,6.983411403079711754e-02,-1.359646393888622462e-01,-2.707058029720765258e-01,-1.743158062404848607e+00,1.952601063302672024e+00
1.680277311946000099e+09,1.000000000000000000e+00,-5.414185872611609884e-01,6.934018585248272193e-02,-1.362054948256374853e-01,-2.701612602454542822e-01,-1.742836921822481733e+00,1.955018344316684420e+00
1.680277311950000048e+09,1.000000000000000000e+00,-5.414185872611609884e-01,6.934018585248272193e-02,-1.362054948256374853e-01,-2.701612602454542822e-01,-1.742836921822481733e+00,1.955018344316684420e+00
1.680277311953999996e+09,1.000000000000000000e+00,-5.427973973702364674e-01,6.883578569865635155e-02,-1.364463502624126967e-01,-2.696149721895800822e-01,-1.742534979861886546e+00,1.957437370659948384e+00
1.680277311957999945e+09,1.000000000000000000e+00,-5.427973973702364674e-01,6.883578569865635155e-02,-1.364463502624126967e-01,-2.696149721895800822e-01,-1.742534979861886546e+00,1.957437370659948384e+00
1.680277311963000059e+09,1.000000000000000000e+00,-5.441762074793119464e-01,6.834185752034196981e-02,-1.366872056991879081e-01,-2.690512308411858733e-01,-1.742213839279519672e+00,1.959854651673960557e+00
1.680277311967000008e+09,1.000000000000000000e+00,-5.441762074793119464e-01,6.834185752034196981e-02,-1.366872056991879081e-01,-2.690512308411858733e-01,-1.742213839279519672e+00,1.959854651673960557e+00
1.680277311970999956e+09,1.000000000000000000e+00,-5.455428002836235635e-01,6.783920269576759754e-02,-1.369280611359631195e-01,-2.685049427853116177e-01,-1.741910151989672695e+00,1.962271932687972731e+00
1.680277311974999905e+09,1.000000000000000000e+00,-5.455428002836235635e-01,6.783920269576759754e-02,-1.369280611359631195e-01,-2.685049427853116177e-01,-1.741910151989672695e+00,1.962271932687972731e+00
1.680277311979000092e+09,1.000000000000000000e+00,-5.469216103926991535e-01,6.734527451745320192e-02,-1.371706619019903428e-01,-2.679429467661694764e-01,-1.741590756736557610e+00,1.964690959031236916e+00
1.680277311983000040e+09,1.000000000000000000e+00,-5.469216103926991535e-01,6.734527451745320192e-02,-1.371706619019903428e-01,-2.679429467661694764e-01,-1.741590756736557610e+00,1.964690959031236916e+00
1.680277311986999989e+09,1.000000000000000000e+00,-5.483021658310266444e-01,6.684087436362683154e-02,-1.374115173387655542e-01,-2.673966587102952763e-01,-1.741287069446710634e+00,1.967108240045248868e+00
1.680277311990999937e+09,1.000000000000000000e+00,-5.483021658310266444e-01,6.684087436362683154e-02,-1.374115173387655542e-01,-2.673966587102952763e-01,-1.741287069446710634e+00,1.967108240045248868e+00
1.680277311994999886e+09,1.000000000000000000e+00,-5.496809759401021234e-01,6.634694618531244981e-02,-1.376523727755407656e-01,-2.668329173619010675e-01,-1.740967674193595771e+00,1.969525521059261264e+00
1.680277311999000072e+09,1.000000000000000000e+00,-5.496809759401021234e-01,6.634694618531244981e-02,-1.376523727755407656e-01,-2.668329173619010675e-01,-1.740967674193595771e+00,1.969525521059261264e+00
1.680277312003000021e+09,1.000000000000000000e+00,-5.510475687444137405e-01,6.584429136073807753e-02,-1.378932282123159769e-01,-2.662866293060268674e-01,-1.740663986903748572e+00,1.971944547402525227e+00
1.680277312006999969e+09,1.000000000000000000e+00,-5.510475687444137405e-01,6.584429136073807753e-02,-1.378932282123159769e-01,-2.662866293060268674e-01,-1.740663986903748572e+00,1.971944547402525227e+00
1.680277312010999918e+09,1.000000000000000000e+00,-5.524263788534892194e-01,6.534163653616370526e-02,-1.381340836490912161e-01,-2.657420865794046239e-01,-1.740344591650633710e+00,1.974361828416537623e+00
1.680277312015000105e+09,1.000000000000000000e+00,-5.524263788534892194e-01,6.534163653616370526e-02,-1.381340836490912161e-01,-2.657420865794046239e-01,-1.740344591650633710e+00,1.974361828416537623e+00
1.680277312019000053e+09,1.000000000000000000e+00,-5.538051889625646984e-01,6.484770835784930965e-02,-1.383749390858664274e-01,-2.651783452310104705e-01,-1.740040904360786733e+00,1.976779109430549575e+00
1.680277312023999929e+09,1.000000000000000000e+00,-5.551717817668763155e-01,6.434330820402295315e-02,-1.386157945226416388e-01,-2.646320571751362150e-01,-1.739721509107671871e+00,1.979198135773813538e+00
1.680277312029000044e+09,1.000000000000000000e+00,-5.551717817668763155e-01,6.434330820402295315e-02,-1.386157945226416388e-01,-2.646320571751362150e-01,-1.739721509107671871e+00,1.979198135773813538e+00
1.680277312035000086e+09,1.000000000000000000e+00,-5.565505918759517945e-01,6.384938002570855753e-02,-1.388566499594168502e-01,-2.640683158267420616e-01,-1.739400368525304996e+00,1.981615416787825934e+00
1.680277312039000034e+09,1.000000000000000000e+00,-5.565505918759517945e-01,6.384938002570855753e-02,-1.388566499594168502e-01,-2.640683158267420616e-01,-1.739400368525304996e+00,1.981615416787825934e+00
1.680277312042999983e+09,1.000000000000000000e+00,-5.579294019850272734e-01,6.334672520113419913e-02,-1.390975053961920616e-01,-2.635237731001198180e-01,-1.739098426564709809e+00,1.984034443131090120e+00
1.680277312046999931e+09,1.000000000000000000e+00,-5.579294019850272734e-01,6.334672520113419913e-02,-1.390975053961920616e-01,-2.635237731001198180e-01,-1.739098426564709809e+00,1.984034443131090120e+00
1.680277312051000118e+09,1.000000000000000000e+00,-5.592959947893388906e-01,6.285279702281978964e-02,-1.393401061622192849e-01,-2.629600317517256647e-01,-1.738777285982342935e+00,1.986451724145102071e+00
1.680277312055000067e+09,1.000000000000000000e+00,-5.592959947893388906e-01,6.285279702281978964e-02,-1.393401061622192849e-01,-2.629600317517256647e-01,-1.738777285982342935e+00,1.986451724145102071e+00
1.680277312059000015e+09,1.000000000000000000e+00,-5.606748048984143695e-01,6.235014219824543125e-02,-1.395809615989944963e-01,-2.624137436958514091e-01,-1.738475344021747748e+00,1.988869005159114245e+00
1.680277312062999964e+09,1.000000000000000000e+00,-5.606748048984143695e-01,6.235014219824543125e-02,-1.395809615989944963e-01,-2.624137436958514091e-01,-1.738475344021747748e+00,1.988869005159114245e+00
1.680277312068000078e+09,1.000000000000000000e+00,-5.620536150074899595e-01,6.184574204441906781e-02,-1.398218170357697354e-01,-2.618674556399772091e-01,-1.738154203439380874e+00,1.991288031502378431e+00
1.680277312073999882e+09,1.000000000000000000e+00,-5.634341704458174505e-01,6.135181386610467219e-02,-1.400626724725449468e-01,-2.613054596208350677e-01,-1.737852261478785909e+00,1.993705312516390604e+00
1.680277312078000069e+09,1.000000000000000000e+00,-5.634341704458174505e-01,6.135181386610467219e-02,-1.400626724725449468e-01,-2.613054596208350677e-01,-1.737852261478785909e+00,1.993705312516390604e+00
1.680277312082000017e+09,1.000000000000000000e+00,-5.648007632501290676e-01,6.084915904153030686e-02,-1.403035279093201582e-01,-2.607591715649608122e-01,-1.737531120896419035e+00,1.996122593530402778e+00
1.680277312085999966e+09,1.000000000000000000e+00,-5.648007632501290676e-01,6.084915904153030686e-02,-1.403035279093201582e-01,-2.607591715649608122e-01,-1.737531120896419035e+00,1.996122593530402778e+00
1.680277312091000080e+09,1.000000000000000000e+00,-5.661795733592045465e-01,6.035523086321591124e-02,-1.405443833460953695e-01,-2.601954302165666033e-01,-1.737227433606571836e+00,1.998541619873666741e+00
1.680277312095000029e+09,1.000000000000000000e+00,-5.661795733592045465e-01,6.035523086321591124e-02,-1.405443833460953695e-01,-2.601954302165666033e-01,-1.737227433606571836e+00,1.998541619873666741e+00
1.680277312101999998e+09,1.000000000000000000e+00,-5.675583834682801365e-01,5.985257603864154591e-02,-1.407852387828706087e-01,-2.596491421606924033e-01,-1.736908038353456973e+00,2.000958900887678915e+00
1.680277312105999947e+09,1.000000000000000000e+00,-5.689249762725916426e-01,5.935864786032714335e-02,-1.410260942196458200e-01,-2.590871461415502619e-01,-1.736604351063609997e+00,2.003376181901691311e+00
1.680277312109999895e+09,1.000000000000000000e+00,-5.689249762725916426e-01,5.935864786032714335e-02,-1.410260942196458200e-01,-2.590871461415502619e-01,-1.736604351063609997e+00,2.003376181901691311e+00
1.680277312114000082e+09,1.000000000000000000e+00,-5.703037863816671216e-01,5.885424770650078685e-02,-1.412669496564210314e-01,-2.585408580856760064e-01,-1.736284955810495134e+00,2.005795208244955052e+00
1.680277312118000031e+09,1.000000000000000000e+00,-5.703037863816671216e-01,5.885424770650078685e-02,-1.412669496564210314e-01,-2.585408580856760064e-01,-1.736284955810495134e+00,2.005795208244955052e+00
1.680277312122999907e+09,1.000000000000000000e+00,-5.716825964907427116e-01,5.836031952818639124e-02,-1.415095504224482548e-01,-2.579771167372818530e-01,-1.735963815228127816e+00,2.008212489258967448e+00
1.680277312127000093e+09,1.000000000000000000e+00,-5.716825964907427116e-01,5.836031952818639124e-02,-1.415095504224482548e-01,-2.579771167372818530e-01,-1.735963815228127816e+00,2.008212489258967448e+00
1.680277312131000042e+09,1.000000000000000000e+00,-5.730491892950542177e-01,5.785766470361202590e-02,-1.417504058592234661e-01,-2.574308286814076530e-01,-1.735661873267533073e+00,2.010631515602231634e+00
1.680277312134999990e+09,1.000000000000000000e+00,-5.730491892950542177e-01,5.785766470361202590e-02,-1.417504058592234661e-01,-2.574308286814076530e-01,-1.735661873267533073e+00,2.010631515602231634e+00
1.680277312141000032e+09,1.000000000000000000e+00,-5.744279994041298076e-01,5.735500987903766057e-02,-1.419912612959986775e-01,-2.568862859547854094e-01,-1.735340732685165976e+00,2.013048796616244029e+00
1.680277312145999908e+09,1.000000000000000000e+00,-5.758068095132052866e-01,5.685933637147126685e-02,-1.422321167327738889e-01,-2.563225446063912005e-01,-1.735038790724571012e+00,2.015466077630255981e+00
1.680277312150000095e+09,1.000000000000000000e+00,-5.758068095132052866e-01,5.685933637147126685e-02,-1.422321167327738889e-01,-2.563225446063912005e-01,-1.735038790724571012e+00,2.015466077630255981e+00
1.680277312154000044e+09,1.000000000000000000e+00,-5.771873649515327775e-01,5.635668154689690151e-02,-1.424729721695491280e-01,-2.557762565505170005e-01,-1.734717650142203915e+00,2.017885103973520167e+00
1.680277312157999992e+09,1.000000000000000000e+00,-5.771873649515327775e-01,5.635668154689690151e-02,-1.424729721695491280e-01,-2.557762565505170005e-01,-1.734717650142203915e+00,2.017885103973520167e+00
1.680277312161999941e+09,1.000000000000000000e+00,-5.785522124265923827e-01,5.586275336858250590e-02,-1.427138276063243394e-01,-2.552125152021228471e-01,-1.734415708181609173e+00,2.020302384987532118e+00
1.680277312165999889e+09,1.000000000000000000e+00,-5.785522124265923827e-01,5.586275336858250590e-02,-1.427138276063243394e-01,-2.552125152021228471e-01,-1.734415708181609173e+00,2.020302384987532118e+00
1.680277312170000076e+09,1.000000000000000000e+00,-5.799327678649197626e-01,5.536009854400814056e-02,-1.429546830430995508e-01,-2.546679724755006036e-01,-1.734094567599242076e+00,2.022719666001544070e+00
1.680277312174000025e+09,1.000000000000000000e+00,-5.799327678649197626e-01,5.536009854400814056e-02,-1.429546830430995508e-01,-2.546679724755006036e-01,-1.734094567599242076e+00,2.022719666001544070e+00
1.680277312178999901e+09,1.000000000000000000e+00,-5.813115779739953526e-01,5.486617036569374495e-02,-1.431955384798747621e-01,-2.541042311271064502e-01,-1.733792625638647111e+00,2.025138692344808256e+00
1.680277312183000088e+09,1.000000000000000000e+00,-5.813115779739953526e-01,5.486617036569374495e-02,-1.431955384798747621e-01,-2.541042311271064502e-01,-1.733792625638647111e+00,2.025138692344808256e+00
1.680277312187999964e+09,1.000000000000000000e+00,-5.826781707783068587e-01,5.436177021186738151e-02,-1.434381392459019855e-01,-2.535579430712321947e-01,-1.733471485056280015e+00,2.027555973358820651e+00
1.680277312194000006e+09,1.000000000000000000e+00,-5.840569808873824487e-01,5.385911538729301618e-02,-1.436789946826771969e-01,-2.530116550153579946e-01,-1.733169543095684828e+00,2.029973254372832603e+00
1.680277312197999954e+09,1.000000000000000000e+00,-5.840569808873824487e-01,5.385911538729301618e-02,-1.436789946826771969e-01,-2.530116550153579946e-01,-1.733169543095684828e+00,2.029973254372832603e+00
1.680277312201999903e+09,1.000000000000000000e+00,-5.854357909964579276e-01,5.336518720897862056e-02,-1.439198501194524360e-01,-2.524496589962157977e-01,-1.732848402513317954e+00,2.032392280716096788e+00
1.680277312206000090e+09,1.000000000000000000e+00,-5.854357909964579276e-01,5.336518720897862056e-02,-1.439198501194524360e-01,-2.524496589962157977e-01,-1.732848402513317954e+00,2.032392280716096788e+00
1.680277312210000038e+09,1.000000000000000000e+00,-5.868023838007694337e-01,5.286253238440425523e-02,-1.441607055562276474e-01,-2.519033709403415977e-01,-1.732527261930951079e+00,2.034809561730109184e+00
1.680277312213999987e+09,1.000000000000000000e+00,-5.868023838007694337e-01,5.286253238440425523e-02,-1.441607055562276474e-01,-2.519033709403415977e-01,-1.732527261930951079e+00,2.034809561730109184e+00
1.680277312217999935e+09,1.000000000000000000e+00,-5.881811939098450237e-01,5.236860420608985961e-02,-1.443910890174908701e-01,-2.513396295919474444e-01,-1.732225319970356114e+00,2.037228588073372926e+00
1.680277312221999884e+09,1.000000000000000000e+00,-5.881811939098450237e-01,5.236860420608985961e-02,-1.443910890174908701e-01,-2.513396295919474444e-01,-1.732225319970356114e+00,2.037228588073372926e+00
1.680277312226000071e+09,1.000000000000000000e+00,-5.895600040189205027e-01,5.186420405226349617e-02,-1.446319444542660815e-01,-2.507933415360731888e-01,-1.731904179387989240e+00,2.039645869087385321e+00
1.680277312230000019e+09,1.000000000000000000e+00,-5.895600040189205027e-01,5.186420405226349617e-02,-1.446319444542660815e-01,-2.507933415360731888e-01,-1.731904179387989240e+00,2.039645869087385321e+00
1.680277312233999968e+09,1.000000000000000000e+00,-5.909405594572481046e-01,5.137027587394910055e-02,-1.448727998910412929e-01,-2.502313455169309919e-01,-1.731602237427394053e+00,2.042063150101397273e+00
1.680277312237999916e+09,1.000000000000000000e+00,-5.909405594572481046e-01,5.137027587394910055e-02,-1.448727998910412929e-01,-2.502313455169309919e-01,-1.731602237427394053e+00,2.042063150101397273e+00
1.680277312242000103e+09,1.000000000000000000e+00,-5.923054069323075987e-01,5.086762104937473522e-02,-1.451136553278165320e-01,-2.496850574610567919e-01,-1.731281096845027179e+00,2.044482176444661459e+00
1.680277312246000051e+09,1.000000000000000000e+00,-5.923054069323075987e-01,5.086762104937473522e-02,-1.451136553278165320e-01,-2.496850574610567919e-01,-1.731281096845027179e+00,2.044482176444661459e+00
1.680277312250000000e+09,1.000000000000000000e+00,-5.936859623706352007e-01,5.037369287106033960e-02,-1.453545107645917711e-01,-2.491213161126626108e-01,-1.730979154884432214e+00,2.046899457458673854e+00
1.680277312253999949e+09,1.000000000000000000e+00,-5.936859623706352007e-01,5.037369287106033960e-02,-1.453545107645917711e-01,-2.491213161126626108e-01,-1.730979154884432214e+00,2.046899457458673854e+00
1.680277312257999897e+09,1.000000000000000000e+00,-5.950647724797106797e-01,4.987103804648597427e-02,-1.455953662013669825e-01,-2.485750280567884107e-01,-1.730658014302065340e+00,2.049316738472685806e+00
1.680277312262000084e+09,1.000000000000000000e+00,-5.950647724797106797e-01,4.987103804648597427e-02,-1.455953662013669825e-01,-2.485750280567884107e-01,-1.730658014302065340e+00,2.049316738472685806e+00
1.680277312266000032e+09,1.000000000000000000e+00,-5.964313652840222968e-01,4.936663789265961083e-02,-1.458362216381421939e-01,-2.480304853301661672e-01,-1.730356072341470153e+00,2.051735764815949992e+00
1.680277312269999981e+09,1.000000000000000000e+00,-5.964313652840222968e-01,4.936663789265961083e-02,-1.458362216381421939e-01,-2.480304853301661672e-01,-1.730356072341470153e+00,2.051735764815949992e+00
1.680277312275000095e+09,1.000000000000000000e+00,-5.978101753930977758e-01,4.887270971434521522e-02,-1.460770770749174052e-01,-2.474667439817720138e-01,-1.730034931759103278e+00,2.054153045829962387e+00
1.680277312280999899e+09,1.000000000000000000e+00,-5.991889855021733657e-01,4.837005488977084988e-02,-1.463196778409446008e-01,-2.469204559258977860e-01,-1.729732989798508092e+00,2.056570326843974339e+00
1.680277312285000086e+09,1.000000000000000000e+00,-5.991889855021733657e-01,4.837005488977084988e-02,-1.463196778409446008e-01,-2.469204559258977860e-01,-1.729732989798508092e+00,2.056570326843974339e+00
1.680277312289999962e+09,1.000000000000000000e+00,-6.005555783064848718e-01,4.787612671145645427e-02,-1.465605332777198400e-01,-2.463567145775036049e-01,-1.729411849216141217e+00,2.058989353187238525e+00
1.680277312293999910e+09,1.000000000000000000e+00,-6.005555783064848718e-01,4.787612671145645427e-02,-1.465605332777198400e-01,-2.463567145775036049e-01,-1.729411849216141217e+00,2.058989353187238525e+00
1.680277312298000097e+09,1.000000000000000000e+00,-6.019343884155603508e-01,4.737347188688208893e-02,-1.468013887144950513e-01,-2.458121718508813613e-01,-1.729090708633774121e+00,2.061406634201250476e+00
1.680277312302000046e+09,1.000000000000000000e+00,-6.019343884155603508e-01,4.737347188688208893e-02,-1.468013887144950513e-01,-2.458121718508813613e-01,-1.729090708633774121e+00,2.061406634201250476e+00
1.680277312305999994e+09,1.000000000000000000e+00,-6.033131985246359408e-01,4.687779837931570215e-02,-1.470422441512702627e-01,-2.452484305024872080e-01,-1.728788766673179378e+00,2.063825660544515106e+00
1.680277312309999943e+09,1.000000000000000000e+00,-6.033131985246359408e-01,4.687779837931570215e-02,-1.470422441512702627e-01,-2.452484305024872080e-01,-1.728788766673179378e+00,2.063825660544515106e+00
1.680277312313999891e+09,1.000000000000000000e+00,-6.046937539629634317e-01,4.637514355474132988e-02,-1.472830995880455018e-01,-2.447021424466129802e-01,-1.728467626090812281e+00,2.066242941558527058e+00
1.680277312318000078e+09,1.000000000000000000e+00,-6.046937539629634317e-01,4.637514355474132988e-02,-1.472830995880455018e-01,-2.447021424466129802e-01,-1.728467626090812281e+00,2.066242941558527058e+00
1.680277312322000027e+09,1.000000000000000000e+00,-6.060586014380230369e-01,4.587248873016695760e-02,-1.475239550248207132e-01,-2.441558543907387524e-01,-1.728165684130217317e+00,2.068660222572539009e+00
1.680277312325999975e+09,1.000000000000000000e+00,-6.060586014380230369e-01,4.587248873016695760e-02,-1.475239550248207132e-01,-2.441558543907387524e-01,-1.728165684130217317e+00,2.068660222572539009e+00
1.680277312329999924e+09,1.000000000000000000e+00,-6.074391568763504168e-01,4.537856055185256893e-02,-1.477648104615959246e-01,-2.435938583715965555e-01,-1.727844543547850220e+00,2.071079248915803195e+00
1.680277312334000111e+09,1.000000000000000000e+00,-6.074391568763504168e-01,4.537856055185256893e-02,-1.477648104615959246e-01,-2.435938583715965555e-01,-1.727844543547850220e+00,2.071079248915803195e+00
1.680277312338000059e+09,1.000000000000000000e+00,-6.088179669854260068e-01,4.487416039802620549e-02,-1.480056658983711360e-01,-2.430475703157223555e-01,-1.727542601587255477e+00,2.073496529929815146e+00
1.680277312342000008e+09,1.000000000000000000e+00,-6.088179669854260068e-01,4.487416039802620549e-02,-1.480056658983711360e-01,-2.430475703157223555e-01,-1.727542601587255477e+00,2.073496529929815146e+00
1.680277312345999956e+09,1.000000000000000000e+00,-6.101845597897375129e-01,4.438023221971181681e-02,-1.482482666643983593e-01,-2.424838289673281744e-01,-1.727221461004888381e+00,2.075913810943827542e+00
1.680277312349999905e+09,1.000000000000000000e+00,-6.101845597897375129e-01,4.438023221971181681e-02,-1.482482666643983593e-01,-2.424838289673281744e-01,-1.727221461004888381e+00,2.075913810943827542e+00
1.680277312354000092e+09,1.000000000000000000e+00,-6.115633698988131028e-01,4.387757739513744454e-02,-1.484891221011735707e-01,-2.419375409114539743e-01,-1.726919519044293416e+00,2.078332837287091728e+00
1.680277312358000040e+09,1.000000000000000000e+00,-6.115633698988131028e-01,4.387757739513744454e-02,-1.484891221011735707e-01,-2.419375409114539743e-01,-1.726919519044293416e+00,2.078332837287091728e+00
1.680277312361999989e+09,1.000000000000000000e+00,-6.129421800078885818e-01,4.338364921682304892e-02,-1.487299775379487821e-01,-2.413755448923118052e-01,-1.726598378461926320e+00,2.080750118301103679e+00
1.680277312365999937e+09,1.000000000000000000e+00,-6.129421800078885818e-01,4.338364921682304892e-02,-1.487299775379487821e-01,-2.413755448923118052e-01,-1.726598378461926320e+00,2.080750118301103679e+00
1.680277312369999886e+09,1.000000000000000000e+00,-6.143087728122000879e-01,4.288099439224868359e-02,-1.489708329747239934e-01,-2.408292568364375774e-01,-1.726296436501331355e+00,2.083167399315116075e+00
1.680277312374000072e+09,1.000000000000000000e+00,-6.143087728122000879e-01,4.288099439224868359e-02,-1.489708329747239934e-01,-2.408292568364375774e-01,-1.726296436501331355e+00,2.083167399315116075e+00
1.680277312378000021e+09,1.000000000000000000e+00,-6.156875829212756779e-01,4.238706621393428797e-02,-1.492116884114992326e-01,-2.402655154880433963e-01,-1.725975295918964258e+00,2.085586425658380261e+00
1.680277312381999969e+09,1.000000000000000000e+00,-6.156875829212756779e-01,4.238706621393428797e-02,-1.492116884114992326e-01,-2.402655154880433963e-01,-1.725975295918964258e+00,2.085586425658380261e+00
1.680277312385999918e+09,1.000000000000000000e+00,-6.170663930303511568e-01,4.188266606010793147e-02,-1.494525438482744439e-01,-2.397192274321691685e-01,-1.725654155336597384e+00,2.088003706672392212e+00
1.680277312391999960e+09,1.000000000000000000e+00,-6.184469484686786478e-01,4.138001123553355226e-02,-1.496933992850496553e-01,-2.391746847055469249e-01,-1.725352213376002419e+00,2.090422733015656398e+00
1.680277312398000002e+09,1.000000000000000000e+00,-6.184469484686786478e-01,4.138001123553355226e-02,-1.496933992850496553e-01,-2.391746847055469249e-01,-1.725352213376002419e+00,2.090422733015656398e+00
1.680277312401999950e+09,1.000000000000000000e+00,-6.198117959437382529e-01,4.088608305721916358e-02,-1.499342547218248667e-01,-2.386109433571527716e-01,-1.725031072793635545e+00,2.092840014029668350e+00
1.680277312407999992e+09,1.000000000000000000e+00,-6.211923513820658549e-01,4.038342823264479825e-02,-1.501751101586001058e-01,-2.380646553012785438e-01,-1.724729130833040358e+00,2.095257295043680745e+00
1.680277312411999941e+09,1.000000000000000000e+00,-6.211923513820658549e-01,4.038342823264479825e-02,-1.501751101586001058e-01,-2.380646553012785438e-01,-1.724729130833040358e+00,2.095257295043680745e+00
1.680277312417999983e+09,1.000000000000000000e+00,-6.225711614911412228e-01,3.988950005433040263e-02,-1.504177109246273014e-01,-2.375009139528843627e-01,-1.724407990250673484e+00,2.097676321386944931e+00
1.680277312424000025e+09,1.000000000000000000e+00,-6.239377542954529510e-01,3.938509990050404613e-02,-1.506585663614025128e-01,-2.369563712262621191e-01,-1.724106048290078519e+00,2.100093602400956883e+00
1.680277312427999973e+09,1.000000000000000000e+00,-6.239377542954529510e-01,3.938509990050404613e-02,-1.506585663614025128e-01,-2.369563712262621191e-01,-1.724106048290078519e+00,2.100093602400956883e+00
1.680277312433000088e+09,1.000000000000000000e+00,-6.253165644045284299e-01,3.889117172218964358e-02,-1.508994217981777242e-01,-2.363926298778679658e-01,-1.723784907707711644e+00,2.102510883414969278e+00
1.680277312437000036e+09,1.000000000000000000e+00,-6.253165644045284299e-01,3.889117172218964358e-02,-1.508994217981777242e-01,-2.363926298778679658e-01,-1.723784907707711644e+00,2.102510883414969278e+00
1.680277312440999985e+09,1.000000000000000000e+00,-6.266953745136037979e-01,3.838851689761527824e-02,-1.511402772349529633e-01,-2.358463418219937380e-01,-1.723482965747116458e+00,2.104929909758233020e+00
1.680277312444999933e+09,1.000000000000000000e+00,-6.266953745136037979e-01,3.838851689761527824e-02,-1.511402772349529633e-01,-2.358463418219937380e-01,-1.723482965747116458e+00,2.104929909758233020e+00
1.680277312448999882e+09,1.000000000000000000e+00,-6.280619673179155260e-01,3.788586207304091291e-02,-1.513811326717281747e-01,-2.353000537661195379e-01,-1.723161825164749583e+00,2.107347190772245416e+00
1.680277312453000069e+09,1.000000000000000000e+00,-6.280619673179155260e-01,3.788586207304091291e-02,-1.513811326717281747e-01,-2.353000537661195379e-01,-1.723161825164749583e+00,2.107347190772245416e+00
1.680277312457000017e+09,1.000000000000000000e+00,-6.294407774269910050e-01,3.739018856547452613e-02,-1.516219881085033860e-01,-2.347380577469773688e-01,-1.722859883204154396e+00,2.109764471786257367e+00
1.680277312460999966e+09,1.000000000000000000e+00,-6.294407774269910050e-01,3.739018856547452613e-02,-1.516219881085033860e-01,-2.347380577469773688e-01,-1.722859883204154396e+00,2.109764471786257367e+00
1.680277312464999914e+09,1.000000000000000000e+00,-6.308195875360665950e-01,3.688753374090016079e-02,-1.518628435452786252e-01,-2.341917696911031410e-01,-1.722538742621787522e+00,2.112183498129521553e+00
1.680277312469000101e+09,1.000000000000000000e+00,-6.308195875360665950e-01,3.688753374090016079e-02,-1.518628435452786252e-01,-2.341917696911031410e-01,-1.722538742621787522e+00,2.112183498129521553e+00
1.680277312473000050e+09,1.000000000000000000e+00,-6.321983976451419629e-01,3.639360556258575824e-02,-1.521036989820538365e-01,-2.336280283427089599e-01,-1.722236800661192557e+00,2.114600779143533948e+00
1.680277312476999998e+09,1.000000000000000000e+00,-6.321983976451419629e-01,3.639360556258575824e-02,-1.521036989820538365e-01,-2.336280283427089599e-01,-1.722236800661192557e+00,2.114600779143533948e+00
1.680277312480999947e+09,1.000000000000000000e+00,-6.335649904494536910e-01,3.589095073801139291e-02,-1.523445544188290479e-01,-2.330817402868347321e-01,-1.721915660078825683e+00,2.117019805486798134e+00
1.680277312484999895e+09,1.000000000000000000e+00,-6.335649904494536910e-01,3.589095073801139291e-02,-1.523445544188290479e-01,-2.330817402868347321e-01,-1.721915660078825683e+00,2.117019805486798134e+00
1.680277312489000082e+09,1.000000000000000000e+00,-6.349438005585291700e-01,3.539702255969699729e-02,-1.525871551848562435e-01,-2.325197442676925630e-01,-1.721594519496458808e+00,2.119437086500810086e+00
1.680277312493000031e+09,1.000000000000000000e+00,-6.349438005585291700e-01,3.539702255969699729e-02,-1.525871551848562435e-01,-2.325197442676925630e-01,-1.721594519496458808e+00,2.119437086500810086e+00
1.680277312497999907e+09,1.000000000000000000e+00,-6.363243559968566609e-01,3.489262240587064079e-02,-1.528280106216314549e-01,-2.319734562118183352e-01,-1.721292577535863622e+00,2.121854367514822481e+00
1.680277312502000093e+09,1.000000000000000000e+00,-6.363243559968566609e-01,3.489262240587064079e-02,-1.528280106216314549e-01,-2.319734562118183352e-01,-1.721292577535863622e+00,2.121854367514822481e+00
1.680277312506999969e+09,1.000000000000000000e+00,-6.376892034719162661e-01,3.438996758129626852e-02,-1.530688660584066940e-01,-2.314097148634241818e-01,-1.720971436953496747e+00,2.124273393858086223e+00
1.680277312512000084e+09,1.000000000000000000e+00,-6.390697589102436460e-01,3.389603940298187290e-02,-1.533097214951819331e-01,-2.308634268075499263e-01,-1.720669494992901782e+00,2.126690674872098619e+00
1.680277312516000032e+09,1.000000000000000000e+00,-6.390697589102436460e-01,3.389603940298187290e-02,-1.533097214951819331e-01,-2.308634268075499263e-01,-1.720669494992901782e+00,2.126690674872098619e+00
1.680277312519999981e+09,1.000000000000000000e+00,-6.404485690193192360e-01,3.339338457840750757e-02,-1.535505769319571445e-01,-2.303188840809277105e-01,-1.720348354410534908e+00,2.129107955886110570e+00
1.680277312526000023e+09,1.000000000000000000e+00,-6.404485690193192360e-01,3.339338457840750757e-02,-1.535505769319571445e-01,-2.303188840809277105e-01,-1.720348354410534908e+00,2.129107955886110570e+00
1.680277312530999899e+09,1.000000000000000000e+00,-6.418273791283947149e-01,3.289945640009311195e-02,-1.537914323687323559e-01,-2.297551427325335294e-01,-1.720046412449939721e+00,2.131526982229374756e+00
1.680277312536999941e+09,1.000000000000000000e+00,-6.431939719327063321e-01,3.239505624626675545e-02,-1.540322878055075673e-01,-2.292088546766593016e-01,-1.719725271867572847e+00,2.133944263243387152e+00
1.680277312540999889e+09,1.000000000000000000e+00,-6.431939719327063321e-01,3.239505624626675545e-02,-1.540322878055075673e-01,-2.292088546766593016e-01,-1.719725271867572847e+00,2.133944263243387152e+00
1.680277312545000076e+09,1.000000000000000000e+00,-6.445727820417818110e-01,3.190112806795235983e-02,-1.542626712667707900e-01,-2.286451133282651482e-01,-1.719423329906977660e+00,2.136361544257399103e+00
1.680277312549000025e+09,1.000000000000000000e+00,-6.445727820417818110e-01,3.190112806795235983e-02,-1.542626712667707900e-01,-2.286451133282651482e-01,-1.719423329906977660e+00,2.136361544257399103e+00
1.680277312552999973e+09,1.000000000000000000e+00,-6.459515921508574010e-01,3.139847324337798756e-02,-1.545035267035460291e-01,-2.281005706016429324e-01,-1.719102189324610785e+00,2.138780570600663289e+00
1.680277312556999922e+09,1.000000000000000000e+00,-6.459515921508574010e-01,3.139847324337798756e-02,-1.545035267035460291e-01,-2.281005706016429324e-01,-1.719102189324610785e+00,2.138780570600663289e+00
1.680277312561000109e+09,1.000000000000000000e+00,-6.473181849551689071e-01,3.090454506506359195e-02,-1.547443821403212405e-01,-2.275368292532487235e-01,-1.718800247364015821e+00,2.141197851614675240e+00
1.680277312565000057e+09,1.000000000000000000e+00,-6.473181849551689071e-01,3.090454506506359195e-02,-1.547443821403212405e-01,-2.275368292532487235e-01,-1.718800247364015821e+00,2.141197851614675240e+00
1.680277312569000006e+09,1.000000000000000000e+00,-6.486969950642443861e-01,3.040189024048922661e-02,-1.549852375770964796e-01,-2.269905411973745235e-01,-1.718479106781648946e+00,2.143616877957939426e+00
1.680277312572999954e+09,1.000000000000000000e+00,-6.486969950642443861e-01,3.040189024048922661e-02,-1.549852375770964796e-01,-2.269905411973745235e-01,-1.718479106781648946e+00,2.143616877957939426e+00
1.680277312576999903e+09,1.000000000000000000e+00,-6.500775505025718770e-01,2.989749008666286664e-02,-1.552278383431236752e-01,-2.264442531415002957e-01,-1.718159711528533640e+00,2.146034158971951378e+00
1.680277312581000090e+09,1.000000000000000000e+00,-6.500775505025718770e-01,2.989749008666286664e-02,-1.552278383431236752e-01,-2.264442531415002957e-01,-1.718159711528533640e+00,2.146034158971951378e+00
1.680277312588000059e+09,1.000000000000000000e+00,-6.512347037966442764e-01,2.947686573693223192e-02,-1.554355325241109920e-01,-2.259677782557058257e-01,-1.717910129445498590e+00,2.148067467550525134e+00
1.680277312594000101e+09,1.000000000000000000e+00,-6.519764687287417093e-01,2.921157569062909215e-02,-1.555664322180105585e-01,-2.256763082706227941e-01,-1.717732105861795366e+00,2.149372973831016775e+00
1.680277312599999905e+09,1.000000000000000000e+00,-6.522888826648487459e-01,2.909289330149348110e-02,-1.556222827540743869e-01,-2.255401725889672193e-01,-1.717660547362463319e+00,2.149910535240631138e+00
1.680277312604000092e+09,1.000000000000000000e+00,-6.522888826648487459e-01,2.909289330149348110e-02,-1.556222827540743869e-01,-2.255401725889672193e-01,-1.717660547362463319e+00,2.149910535240631138e+00
1.680277312609999895e+09,2.000000000000000000e+00,-6.523010999696127188e-01,2.909289330149348110e-02,-1.556222827540743869e-01,-2.255401725889672193e-01,-1.717660547362463319e+00,2.149948932484174957e+00
1.680277312615999937e+09,2.000000000000000000e+00,-6.523010999696127188e-01,2.909289330149348110e-02,-1.556222827540743869e-01,-2.255401725889672193e-01,-1.717660547362463319e+00,2.149948932484174957e+00
1.680277312619999886e+09,2.000000000000000000e+00,-6.523010999696127188e-01,2.909289330149348110e-02,-1.556222827540743869e-01,-2.255401725889672193e-01,-1.717660547362463319e+00,2.149948932484174957e+00
1.680277312625000000e+09,2.000000000000000000e+00,-6.523010999696127188e-01,2.909289330149348110e-02,-1.556222827540743869e-01,-2.255401725889672193e-01,-1.717660547362463319e+00,2.149948932484174957e+00
1.680277312628999949e+09,2.000000000000000000e+00,-6.523010999696127188e-01,2.909289330149348110e-02,-1.556222827540743869e-01,-2.255401725889672193e-01,-1.717660547362463319e+00,2.149948932484174957e+00
1.680277312632999897e+09,2.000000000000000000e+00,-6.523010999696127188e-01,2.909289330149348110e-02,-1.556222827540743869e-01,-2.255401725889672193e-01,-1.717660547362463319e+00,2.149948932484174957e+00
1.680277312637000084e+09,2.000000000000000000e+00,-6.523010999696127188e-01,2.909289330149348110e-02,-1.556222827540743869e-01,-2.255401725889672193e-01,-1.717660547362463319e+00,2.149948932484174957e+00
1.680277312641000032e+09,2.000000000000000000e+00,-6.523010999696127188e-01,2.909289330149348110e-02,-1.556222827540743869e-01,-2.255401725889672193e-01,-1.717660547362463319e+00,2.149948932484174957e+00
1.680277312644999981e+09,2.000000000000000000e+00,-6.523010999696127188e-01,2.909289330149348110e-02,-1.556222827540743869e-01,-2.255401725889672193e-01,-1.717660547362463319e+00,2.149948932484174957e+00
1.680277312648999929e+09,2.000000000000000000e+00,-6.523010999696127188e-01,2.909289330149348110e-02,-1.556222827540743869e-01,-2.255401725889672193e-01,-1.717660547362463319e+00,2.149948932484174957e+00
1.680277312653000116e+09,2.000000000000000000e+00,-6.523010999696127188e-01,2.909289330149348110e-02,-1.556222827540743869e-01,-2.255401725889672193e-01,-1.717660547362463319e+00,2.149948932484174957e+00
1.680277312657000065e+09,2.000000000000000000e+00,-6.523010999696127188e-01,2.909289330149348110e-02,-1.556222827540743869e-01,-2.255401725889672193e-01,-1.717660547362463319e+00,2.149948932484174957e+00
1.680277312661000013e+09,2.000000000000000000e+00,-6.523010999696127188e-01,2.909289330149348110e-02,-1.556222827540743869e-01,-2.255401725889672193e-01,-1.717660547362463319e+00,2.149948932484174957e+00
1.680277312664999962e+09,2.000000000000000000e+00,-6.523010999696127188e-01,2.909289330149348110e-02,-1.556222827540743869e-01,-2.255401725889672193e-01,-1.717660547362463319e+00,2.149948932484174957e+00
1.680277312668999910e+09,2.000000000000000000e+00,-6.523010999696127188e-01,2.909289330149348110e-02,-1.556222827540743869e-01,-2.255401725889672193e-01,-1.717660547362463319e+00,2.149948932484174957e+00
1.680277312673000097e+09,2.000000000000000000e+00,-6.523010999696127188e-01,2.909289330149348110e-02,-1.556222827540743869e-01,-2.255401725889672193e-01,-1.717660547362463319e+00,2.149948932484174957e+00
1.680277312677000046e+09,2.000000000000000000e+00,-6.523010999696127188e-01,2.909289330149348110e-02,-1.556222827540743869e-01,-2.255401725889672193e-01,-1.717660547362463319e+00,2.149948932484174957e+00
1.680277312680999994e+09,2.000000000000000000e+00,-6.523010999696127188e-01,2.909289330149348110e-02,-1.556222827540743869e-01,-2.255401725889672193e-01,-1.717660547362463319e+00,2.149948932484174957e+00
1.680277312684999943e+09,2.000000000000000000e+00,-6.523010999696127188e-01,2.909289330149348110e-02,-1.556222827540743869e-01,-2.255401725889672193e-01,-1.717660547362463319e+00,2.149948932484174957e+00
1.680277312688999891e+09,2.000000000000000000e+00,-6.523010999696127188e-01,2.909289330149348110e-02,-1.556222827540743869e-01,-2.255401725889672193e-01,-1.717660547362463319e+00,2.149948932484174957e+00
1.680277312693000078e+09,2.000000000000000000e+00,-6.523010999696127188e-01,2.909289330149348110e-02,-1.556222827540743869e-01,-2.255401725889672193e-01,-1.717660547362463319e+00,2.149948932484174957e+00
1.680277312697000027e+09,2.000000000000000000e+00,-6.523010999696127188e-01,2.909289330149348110e-02,-1.556222827540743869e-01,-2.255401725889672193e-01,-1.717660547362463319e+00,2.149948932484174957e+00
1.680277312700999975e+09,2.000000000000000000e+00,-6.523010999696127188e-01,2.909289330149348110e-02,-1.556222827540743869e-01,-2.255401725889672193e-01,-1.717660547362463319e+00,2.149948932484174957e+00
1.680277312704999924e+09,2.000000000000000000e+00,-6.523010999696127188e-01,2.909289330149348110e-02,-1.556222827540743869e-01,-2.255401725889672193e-01,-1.717660547362463319e+00,2.149948932484174957e+00
1.680277312709000111e+09,2.000000000000000000e+00,-6.523010999696127188e-01,2.909289330149348110e-02,-1.556222827540743869e-01,-2.255401725889672193e-01,-1.717660547362463319e+00,2.149948932484174957e+00
1.680277312713000059e+09,2.000000000000000000e+00,-6.523010999696127188e-01,2.909289330149348110e-02,-1.556222827540743869e-01,-2.255401725889672193e-01,-1.717660547362463319e+00,2.149948932484174957e+00
1.680277312717000008e+09,2.000000000000000000e+00,-6.523010999696127188e-01,2.909289330149348110e-02,-1.556222827540743869e-01,-2.255401725889672193e-01,-1.717660547362463319e+00,2.149948932484174957e+00
1.680277312720999956e+09,2.000000000000000000e+00,-6.523010999696127188e-01,2.909289330149348110e-02,-1.556222827540743869e-01,-2.255401725889672193e-01,-1.717660547362463319e+00,2.149948932484174957e+00
1.680277312724999905e+09,2.000000000000000000e+00,-6.523010999696127188e-01,2.909289330149348110e-02,-1.556222827540743869e-01,-2.255401725889672193e-01,-1.717660547362463319e+00,2.149948932484174957e+00
1.680277312729000092e+09,2.000000000000000000e+00,-6.523010999696127188e-01,2.909289330149348110e-02,-1.556222827540743869e-01,-2.255401725889672193e-01,-1.717660547362463319e+00,2.149948932484174957e+00
1.680277312733000040e+09,2.000000000000000000e+00,-6.523010999696127188e-01,2.909289330149348110e-02,-1.556222827540743869e-01,-2.255401725889672193e-01,-1.717660547362463319e+00,2.149948932484174957e+00
1.680277312736999989e+09,2.000000000000000000e+00,-6.523010999696127188e-01,2.909289330149348110e-02,-1.556222827540743869e-01,-2.255401725889672193e-01,-1.717660547362463319e+00,2.149948932484174957e+00
1.680277312742000103e+09,2.000000000000000000e+00,-6.523010999696127188e-01,2.909289330149348110e-02,-1.556222827540743869e-01,-2.255401725889672193e-01,-1.717660547362463319e+00,2.149948932484174957e+00
1.680277312746999979e+09,2.000000000000000000e+00,-6.523010999696127188e-01,2.909289330149348110e-02,-1.556222827540743869e-01,-2.255401725889672193e-01,-1.717660547362463319e+00,2.149948932484174957e+00
1.680277312753000021e+09,2.000000000000000000e+00,-6.523010999696127188e-01,2.909289330149348110e-02,-1.556222827540743869e-01,-2.255401725889672193e-01,-1.717660547362463319e+00,2.149948932484174957e+00
1.680277312756999969e+09,2.000000000000000000e+00,-6.523010999696127188e-01,2.909289330149348110e-02,-1.556222827540743869e-01,-2.255401725889672193e-01,-1.717660547362463319e+00,2.149948932484174957e+00
1.680277312763000011e+09,2.000000000000000000e+00,-6.523010999696127188e-01,2.909289330149348110e-02,-1.556222827540743869e-01,-2.255401725889672193e-01,-1.717660547362463319e+00,2.149948932484174957e+00
1.680277312766999960e+09,2.000000000000000000e+00,-6.523010999696127188e-01,2.909289330149348110e-02,-1.556222827540743869e-01,-2.255401725889672193e-01,-1.717660547362463319e+00,2.149948932484174957e+00
1.680277312772000074e+09,2.000000000000000000e+00,-6.523010999696127188e-01,2.909289330149348110e-02,-1.556222827540743869e-01,-2.255401725889672193e-01,-1.717660547362463319e+00,2.149948932484174957e+00
1.680277312776000023e+09,2.000000000000000000e+00,-6.523010999696127188e-01,2.909289330149348110e-02,-1.556222827540743869e-01,-2.255401725889672193e-01,-1.717660547362463319e+00,2.149948932484174957e+00
1.680277312779999971e+09,2.000000000000000000e+00,-6.523010999696127188e-01,2.909289330149348110e-02,-1.556222827540743869e-01,-2.255401725889672193e-01,-1.717660547362463319e+00,2.149948932484174957e+00
1.680277312783999920e+09,2.000000000000000000e+00,-6.523010999696127188e-01,2.909289330149348110e-02,-1.556222827540743869e-01,-2.255401725889672193e-01,-1.717660547362463319e+00,2.149948932484174957e+00
1.680277312788000107e+09,2.000000000000000000e+00,-6.523010999696127188e-01,2.909289330149348110e-02,-1.556222827540743869e-01,-2.255401725889672193e-01,-1.717660547362463319e+00,2.149948932484174957e+00
1.680277312792000055e+09,2.000000000000000000e+00,-6.523010999696127188e-01,2.909289330149348110e-02,-1.556222827540743869e-01,-2.255401725889672193e-01,-1.717660547362463319e+00,2.149948932484174957e+00
1.680277312796000004e+09,2.000000000000000000e+00,-6.523010999696127188e-01,2.909289330149348110e-02,-1.556222827540743869e-01,-2.255401725889672193e-01,-1.717660547362463319e+00,2.149948932484174957e+00
1.680277312799999952e+09,2.000000000000000000e+00,-6.523010999696127188e-01,2.909289330149348110e-02,-1.556222827540743869e-01,-2.255401725889672193e-01,-1.717660547362463319e+00,2.149948932484174957e+00
1.680277312803999901e+09,2.000000000000000000e+00,-6.523010999696127188e-01,2.909289330149348110e-02,-1.556222827540743869e-01,-2.255401725889672193e-01,-1.717660547362463319e+00,2.149948932484174957e+00
1.680277312808000088e+09,2.000000000000000000e+00,-6.523010999696127188e-01,2.909289330149348110e-02,-1.556222827540743869e-01,-2.255401725889672193e-01,-1.717660547362463319e+00,2.149948932484174957e+00
1.680277312812000036e+09,2.000000000000000000e+00,-6.523010999696127188e-01,2.909289330149348110e-02,-1.556222827540743869e-01,-2.255401725889672193e-01,-1.717660547362463319e+00,2.149948932484174957e+00
1.680277312815999985e+09,2.000000000000000000e+00,-6.523010999696127188e-01,2.909289330149348110e-02,-1.556222827540743869e-01,-2.255401725889672193e-01,-1.717660547362463319e+00,2.149948932484174957e+00
1.680277312819999933e+09,2.000000000000000000e+00,-6.523010999696127188e-01,2.909289330149348110e-02,-1.556222827540743869e-01,-2.255401725889672193e-01,-1.717660547362463319e+00,2.149948932484174957e+00
1.680277312823999882e+09,2.000000000000000000e+00,-6.523010999696127188e-01,2.909289330149348110e-02,-1.556222827540743869e-01,-2.255401725889672193e-01,-1.717660547362463319e+00,2.149948932484174957e+00
1.680277312828000069e+09,2.000000000000000000e+00,-6.523010999696127188e-01,2.909289330149348110e-02,-1.556222827540743869e-01,-2.255401725889672193e-01,-1.717660547362463319e+00,2.149948932484174957e+00
1.680277312832000017e+09,2.000000000000000000e+00,-6.523010999696127188e-01,2.909289330149348110e-02,-1.556222827540743869e-01,-2.255401725889672193e-01,-1.717660547362463319e+00,2.149948932484174957e+00
1.680277312835999966e+09,2.000000000000000000e+00,-6.523010999696127188e-01,2.909289330149348110e-02,-1.556222827540743869e-01,-2.255401725889672193e-01,-1.717660547362463319e+00,2.149948932484174957e+00
1.680277312839999914e+09,2.000000000000000000e+00,-6.523010999696127188e-01,2.909289330149348110e-02,-1.556222827540743869e-01,-2.255401725889672193e-01,-1.717660547362463319e+00,2.149948932484174957e+00
1.680277312844000101e+09,2.000000000000000000e+00,-6.523010999696127188e-01,2.909289330149348110e-02,-1.556222827540743869e-01,-2.255401725889672193e-01,-1.717660547362463319e+00,2.149948932484174957e+00
1.680277312848000050e+09,2.000000000000000000e+00,-6.523010999696127188e-01,2.909289330149348110e-02,-1.556222827540743869e-01,-2.255401725889672193e-01,-1.717660547362463319e+00,2.149948932484174957e+00
1.680277312851999998e+09,2.000000000000000000e+00,-6.523010999696127188e-01,2.909289330149348110e-02,-1.556222827540743869e-01,-2.255401725889672193e-01,-1.717660547362463319e+00,2.149948932484174957e+00
1.680277312855999947e+09,2.000000000000000000e+00,-6.523010999696127188e-01,2.909289330149348110e-02,-1.556222827540743869e-01,-2.255401725889672193e-01,-1.717660547362463319e+00,2.149948932484174957e+00
1.680277312859999895e+09,2.000000000000000000e+00,-6.523010999696127188e-01,2.909289330149348110e-02,-1.556222827540743869e-01,-2.255401725889672193e-01,-1.717660547362463319e+00,2.149948932484174957e+00
1.680277312864000082e+09,2.000000000000000000e+00,-6.523010999696127188e-01,2.909289330149348110e-02,-1.556222827540743869e-01,-2.255401725889672193e-01,-1.717660547362463319e+00,2.149948932484174957e+00
1.680277312868000031e+09,2.000000000000000000e+00,-6.523010999696127188e-01,2.909289330149348110e-02,-1.556222827540743869e-01,-2.255401725889672193e-01,-1.717660547362463319e+00,2.149948932484174957e+00
1.680277312871999979e+09,2.000000000000000000e+00,-6.523010999696127188e-01,2.909289330149348110e-02,-1.556222827540743869e-01,-2.255401725889672193e-01,-1.717660547362463319e+00,2.149948932484174957e+00
1.680277312875999928e+09,2.000000000000000000e+00,-6.523010999696127188e-01,2.909289330149348110e-02,-1.556222827540743869e-01,-2.255401725889672193e-01,-1.717660547362463319e+00,2.149948932484174957e+00
1.680277312880000114e+09,2.000000000000000000e+00,-6.523010999696127188e-01,2.909289330149348110e-02,-1.556222827540743869e-01,-2.255401725889672193e-01,-1.717660547362463319e+00,2.149948932484174957e+00
1.680277312884000063e+09,2.000000000000000000e+00,-6.523010999696127188e-01,2.909289330149348110e-02,-1.556222827540743869e-01,-2.255401725889672193e-01,-1.717660547362463319e+00,2.149948932484174957e+00
1.680277312888000011e+09,2.000000000000000000e+00,-6.523010999696127188e-01,2.909289330149348110e-02,-1.556222827540743869e-01,-2.255401725889672193e-01,-1.717660547362463319e+00,2.149948932484174957e+00
1.680277312891999960e+09,2.000000000000000000e+00,-6.523010999696127188e-01,2.909289330149348110e-02,-1.556222827540743869e-01,-2.255401725889672193e-01,-1.717660547362463319e+00,2.149948932484174957e+00
1.680277312895999908e+09,2.000000000000000000e+00,-6.523010999696127188e-01,2.909289330149348110e-02,-1.556222827540743869e-01,-2.255401725889672193e-01,-1.717660547362463319e+00,2.149948932484174957e+00
1.680277312900000095e+09,2.000000000000000000e+00,-6.523010999696127188e-01,2.909289330149348110e-02,-1.556222827540743869e-01,-2.255401725889672193e-01,-1.717660547362463319e+00,2.149948932484174957e+00
1.680277312904000044e+09,2.000000000000000000e+00,-6.523010999696127188e-01,2.909289330149348110e-02,-1.556222827540743869e-01,-2.255401725889672193e-01,-1.717660547362463319e+00,2.149948932484174957e+00
1.680277312907999992e+09,2.000000000000000000e+00,-6.523010999696127188e-01,2.909289330149348110e-02,-1.556222827540743869e-01,-2.255401725889672193e-01,-1.717660547362463319e+00,2.149948932484174957e+00
1.680277312911999941e+09,2.000000000000000000e+00,-6.523010999696127188e-01,2.909289330149348110e-02,-1.556222827540743869e-01,-2.255401725889672193e-01,-1.717660547362463319e+00,2.149948932484174957e+00
1.680277312915999889e+09,2.000000000000000000e+00,-6.523010999696127188e-01,2.909289330149348110e-02,-1.556222827540743869e-01,-2.255401725889672193e-01,-1.717660547362463319e+00,2.149948932484174957e+00
1.680277312920000076e+09,2.000000000000000000e+00,-6.523010999696127188e-01,2.909289330149348110e-02,-1.556222827540743869e-01,-2.255401725889672193e-01,-1.717660547362463319e+00,2.149948932484174957e+00
1.680277312924000025e+09,2.000000000000000000e+00,-6.523010999696127188e-01,2.909289330149348110e-02,-1.556222827540743869e-01,-2.255401725889672193e-01,-1.717660547362463319e+00,2.149948932484174957e+00
1.680277312927999973e+09,2.000000000000000000e+00,-6.523010999696127188e-01,2.909289330149348110e-02,-1.556222827540743869e-01,-2.255401725889672193e-01,-1.717660547362463319e+00,2.149948932484174957e+00
1.680277312931999922e+09,2.000000000000000000e+00,-6.523010999696127188e-01,2.909289330149348110e-02,-1.556222827540743869e-01,-2.255401725889672193e-01,-1.717660547362463319e+00,2.149948932484174957e+00
1.680277312936000109e+09,2.000000000000000000e+00,-6.523010999696127188e-01,2.909289330149348110e-02,-1.556222827540743869e-01,-2.255401725889672193e-01,-1.717660547362463319e+00,2.149948932484174957e+00
1.680277312940000057e+09,2.000000000000000000e+00,-6.523010999696127188e-01,2.909289330149348110e-02,-1.556222827540743869e-01,-2.255401725889672193e-01,-1.717660547362463319e+00,2.149948932484174957e+00
1.680277312944000006e+09,2.000000000000000000e+00,-6.523010999696127188e-01,2.909289330149348110e-02,-1.556222827540743869e-01,-2.255401725889672193e-01,-1.717660547362463319e+00,2.149948932484174957e+00
1.680277312947999954e+09,2.000000000000000000e+00,-6.523010999696127188e-01,2.909289330149348110e-02,-1.556222827540743869e-01,-2.255401725889672193e-01,-1.717660547362463319e+00,2.149948932484174957e+00
1.680277312951999903e+09,2.000000000000000000e+00,-6.523010999696127188e-01,2.909289330149348110e-02,-1.556222827540743869e-01,-2.255401725889672193e-01,-1.717660547362463319e+00,2.149948932484174957e+00
1.680277312956000090e+09,2.000000000000000000e+00,-6.523010999696127188e-01,2.909289330149348110e-02,-1.556222827540743869e-01,-2.255401725889672193e-01,-1.717660547362463319e+00,2.149948932484174957e+00
1.680277312960000038e+09,2.000000000000000000e+00,-6.523010999696127188e-01,2.909289330149348110e-02,-1.556222827540743869e-01,-2.255401725889672193e-01,-1.717660547362463319e+00,2.149948932484174957e+00
1.680277312963999987e+09,2.000000000000000000e+00,-6.523010999696127188e-01,2.909289330149348110e-02,-1.556222827540743869e-01,-2.255401725889672193e-01,-1.717660547362463319e+00,2.149948932484174957e+00
1.680277312967999935e+09,2.000000000000000000e+00,-6.523010999696127188e-01,2.909289330149348110e-02,-1.556222827540743869e-01,-2.255401725889672193e-01,-1.717660547362463319e+00,2.149948932484174957e+00
1.680277312971999884e+09,2.000000000000000000e+00,-6.523010999696127188e-01,2.909289330149348110e-02,-1.556222827540743869e-01,-2.255401725889672193e-01,-1.717660547362463319e+00,2.149948932484174957e+00
1.680277312976000071e+09,2.000000000000000000e+00,-6.523010999696127188e-01,2.909289330149348110e-02,-1.556222827540743869e-01,-2.255401725889672193e-01,-1.717660547362463319e+00,2.149948932484174957e+00
1.680277312980000019e+09,2.000000000000000000e+00,-6.523010999696127188e-01,2.909289330149348110e-02,-1.556222827540743869e-01,-2.255401725889672193e-01,-1.717660547362463319e+00,2.149948932484174957e+00
1.680277312983999968e+09,2.000000000000000000e+00,-6.523010999696127188e-01,2.909289330149348110e-02,-1.556222827540743869e-01,-2.255401725889672193e-01,-1.717660547362463319e+00,2.149948932484174957e+00
1.680277312987999916e+09,2.000000000000000000e+00,-6.523010999696127188e-01,2.909289330149348110e-02,-1.556222827540743869e-01,-2.255401725889672193e-01,-1.717660547362463319e+00,2.149948932484174957e+00
1.680277312992000103e+09,2.000000000000000000e+00,-6.523010999696127188e-01,2.909289330149348110e-02,-1.556222827540743869e-01,-2.255401725889672193e-01,-1.717660547362463319e+00,2.149948932484174957e+00
1.680277312996000051e+09,2.000000000000000000e+00,-6.523010999696127188e-01,2.909289330149348110e-02,-1.556222827540743869e-01,-2.255401725889672193e-01,-1.717660547362463319e+00,2.149948932484174957e+00
1.680277313000000000e+09,2.000000000000000000e+00,-6.523010999696127188e-01,2.909289330149348110e-02,-1.556222827540743869e-01,-2.255401725889672193e-01,-1.717660547362463319e+00,2.149948932484174957e+00
1.680277313005000114e+09,2.000000000000000000e+00,-6.523010999696127188e-01,2.909289330149348110e-02,-1.556222827540743869e-01,-2.255401725889672193e-01,-1.717660547362463319e+00,2.149948932484174957e+00
1.680277313010999918e+09,2.000000000000000000e+00,-6.523010999696127188e-01,2.909289330149348110e-02,-1.556222827540743869e-01,-2.255401725889672193e-01,-1.717660547362463319e+00,2.149948932484174957e+00
1.680277313015000105e+09,2.000000000000000000e+00,-6.523010999696127188e-01,2.909289330149348110e-02,-1.556222827540743869e-01,-2.255401725889672193e-01,-1.717660547362463319e+00,2.149948932484174957e+00
1.680277313019000053e+09,2.000000000000000000e+00,-6.523010999696127188e-01,2.909289330149348110e-02,-1.556222827540743869e-01,-2.255401725889672193e-01,-1.717660547362463319e+00,2.149948932484174957e+00
1.680277313023000002e+09,2.000000000000000000e+00,-6.523010999696127188e-01,2.909289330149348110e-02,-1.556222827540743869e-01,-2.255401725889672193e-01,-1.717660547362463319e+00,2.149948932484174957e+00
1.680277313026999950e+09,2.000000000000000000e+00,-6.523010999696127188e-01,2.909289330149348110e-02,-1.556222827540743869e-01,-2.255401725889672193e-01,-1.717660547362463319e+00,2.149948932484174957e+00
1.680277313030999899e+09,2.000000000000000000e+00,-6.523010999696127188e-01,2.909289330149348110e-02,-1.556222827540743869e-01,-2.255401725889672193e-01,-1.717660547362463319e+00,2.149948932484174957e+00
1.680277313035000086e+09,2.000000000000000000e+00,-6.523010999696127188e-01,2.909289330149348110e-02,-1.556222827540743869e-01,-2.255401725889672193e-01,-1.717660547362463319e+00,2.149948932484174957e+00
1.680277313039000034e+09,2.000000000000000000e+00,-6.523010999696127188e-01,2.909289330149348110e-02,-1.556222827540743869e-01,-2.255401725889672193e-01,-1.717660547362463319e+00,2.149948932484174957e+00
1.680277313042999983e+09,2.000000000000000000e+00,-6.523010999696127188e-01,2.909289330149348110e-02,-1.556222827540743869e-01,-2.255401725889672193e-01,-1.717660547362463319e+00,2.149948932484174957e+00
1.680277313046999931e+09,2.000000000000000000e+00,-6.523010999696127188e-01,2.909289330149348110e-02,-1.556222827540743869e-01,-2.255401725889672193e-01,-1.717660547362463319e+00,2.149948932484174957e+00
1.680277313051000118e+09,2.000000000000000000e+00,-6.523010999696127188e-01,2.909289330149348110e-02,-1.556222827540743869e-01,-2.255401725889672193e-01,-1.717660547362463319e+00,2.149948932484174957e+00
1.680277313055000067e+09,2.000000000000000000e+00,-6.523010999696127188e-01,2.909289330149348110e-02,-1.556222827540743869e-01,-2.255401725889672193e-01,-1.717660547362463319e+00,2.149948932484174957e+00
1.680277313059000015e+09,2.000000000000000000e+00,-6.523010999696127188e-01,2.909289330149348110e-02,-1.556222827540743869e-01,-2.255401725889672193e-01,-1.717660547362463319e+00,2.149948932484174957e+00
1.680277313062999964e+09,2.000000000000000000e+00,-6.523010999696127188e-01,2.909289330149348110e-02,-1.556222827540743869e-01,-2.255401725889672193e-01,-1.717660547362463319e+00,2.149948932484174957e+00
1.680277313066999912e+09,2.000000000000000000e+00,-6.523010999696127188e-01,2.909289330149348110e-02,-1.556222827540743869e-01,-2.255401725889672193e-01,-1.717660547362463319e+00,2.149948932484174957e+00
1.680277313071000099e+09,2.000000000000000000e+00,-6.523010999696127188e-01,2.909289330149348110e-02,-1.556222827540743869e-01,-2.255401725889672193e-01,-1.717660547362463319e+00,2.149948932484174957e+00
1.680277313075000048e+09,2.000000000000000000e+00,-6.523010999696127188e-01,2.909289330149348110e-02,-1.556222827540743869e-01,-2.255401725889672193e-01,-1.717660547362463319e+00,2.149948932484174957e+00
1.680277313078999996e+09,2.000000000000000000e+00,-6.523010999696127188e-01,2.909289330149348110e-02,-1.556222827540743869e-01,-2.255401725889672193e-01,-1.717660547362463319e+00,2.149948932484174957e+00
1.680277313082999945e+09,2.000000000000000000e+00,-6.523010999696127188e-01,2.909289330149348110e-02,-1.556222827540743869e-01,-2.255401725889672193e-01,-1.717660547362463319e+00,2.149948932484174957e+00
1.680277313086999893e+09,2.000000000000000000e+00,-6.523010999696127188e-01,2.909289330149348110e-02,-1.556222827540743869e-01,-2.255401725889672193e-01,-1.717660547362463319e+00,2.149948932484174957e+00
1.680277313091000080e+09,2.000000000000000000e+00,-6.523010999696127188e-01,2.909289330149348110e-02,-1.556222827540743869e-01,-2.255401725889672193e-01,-1.717660547362463319e+00,2.149948932484174957e+00
1.680277313095000029e+09,2.000000000000000000e+00,-6.523010999696127188e-01,2.909289330149348110e-02,-1.556222827540743869e-01,-2.255401725889672193e-01,-1.717660547362463319e+00,2.149948932484174957e+00
1.680277313098999977e+09,2.000000000000000000e+00,-6.523010999696127188e-01,2.909289330149348110e-02,-1.556222827540743869e-01,-2.255401725889672193e-01,-1.717660547362463319e+00,2.149948932484174957e+00
1.680277313102999926e+09,2.000000000000000000e+00,-6.523010999696127188e-01,2.909289330149348110e-02,-1.556222827540743869e-01,-2.255401725889672193e-01,-1.717660547362463319e+00,2.149948932484174957e+00
1.680277313107000113e+09,2.000000000000000000e+00,-6.523010999696127188e-01,2.909289330149348110e-02,-1.556222827540743869e-01,-2.255401725889672193e-01,-1.717660547362463319e+00,2.149948932484174957e+00
1.680277313111000061e+09,2.000000000000000000e+00,-6.523010999696127188e-01,2.909289330149348110e-02,-1.556222827540743869e-01,-2.255401725889672193e-01,-1.717660547362463319e+00,2.149948932484174957e+00
1.680277313115000010e+09,2.000000000000000000e+00,-6.523010999696127188e-01,2.909289330149348110e-02,-1.556222827540743869e-01,-2.255401725889672193e-01,-1.717660547362463319e+00,2.149948932484174957e+00
1.680277313118999958e+09,2.000000000000000000e+00,-6.523010999696127188e-01,2.909289330149348110e-02,-1.556222827540743869e-01,-2.255401725889672193e-01,-1.717660547362463319e+00,2.149948932484174957e+00
1.680277313122999907e+09,2.000000000000000000e+00,-6.523010999696127188e-01,2.909289330149348110e-02,-1.556222827540743869e-01,-2.255401725889672193e-01,-1.717660547362463319e+00,2.149948932484174957e+00
1.680277313127000093e+09,2.000000000000000000e+00,-6.523010999696127188e-01,2.909289330149348110e-02,-1.556222827540743869e-01,-2.255401725889672193e-01,-1.717660547362463319e+00,2.149948932484174957e+00
1.680277313131000042e+09,2.000000000000000000e+00,-6.523010999696127188e-01,2.909289330149348110e-02,-1.556222827540743869e-01,-2.255401725889672193e-01,-1.717660547362463319e+00,2.149948932484174957e+00
1.680277313134999990e+09,2.000000000000000000e+00,-6.523010999696127188e-01,2.909289330149348110e-02,-1.556222827540743869e-01,-2.255401725889672193e-01,-1.717660547362463319e+00,2.149948932484174957e+00
1.680277313138999939e+09,2.000000000000000000e+00,-6.523010999696127188e-01,2.909289330149348110e-02,-1.556222827540743869e-01,-2.255401725889672193e-01,-1.717660547362463319e+00,2.149948932484174957e+00
1.680277313142999887e+09,2.000000000000000000e+00,-6.523010999696127188e-01,2.909289330149348110e-02,-1.556222827540743869e-01,-2.255401725889672193e-01,-1.717660547362463319e+00,2.149948932484174957e+00
1.680277313147000074e+09,2.000000000000000000e+00,-6.523010999696127188e-01,2.909289330149348110e-02,-1.556222827540743869e-01,-2.255401725889672193e-01,-1.717660547362463319e+00,2.149948932484174957e+00
1.680277313151000023e+09,2.000000000000000000e+00,-6.523010999696127188e-01,2.909289330149348110e-02,-1.556222827540743869e-01,-2.255401725889672193e-01,-1.717660547362463319e+00,2.149948932484174957e+00
1.680277313154999971e+09,2.000000000000000000e+00,-6.523010999696127188e-01,2.909289330149348110e-02,-1.556222827540743869e-01,-2.255401725889672193e-01,-1.717660547362463319e+00,2.149948932484174957e+00
1.680277313158999920e+09,2.000000000000000000e+00,-6.523010999696127188e-01,2.909289330149348110e-02,-1.556222827540743869e-01,-2.255401725889672193e-01,-1.717660547362463319e+00,2.149948932484174957e+00
1.680277313163000107e+09,2.000000000000000000e+00,-6.523010999696127188e-01,2.909289330149348110e-02,-1.556222827540743869e-01,-2.255401725889672193e-01,-1.717660547362463319e+00,2.149948932484174957e+00
1.680277313167000055e+09,2.000000000000000000e+00,-6.523010999696127188e-01,2.909289330149348110e-02,-1.556222827540743869e-01,-2.255401725889672193e-01,-1.717660547362463319e+00,2.149948932484174957e+00
1.680277313171000004e+09,2.000000000000000000e+00,-6.523010999696127188e-01,2.909289330149348110e-02,-1.556222827540743869e-01,-2.255401725889672193e-01,-1.717660547362463319e+00,2.149948932484174957e+00
1.680277313174999952e+09,2.000000000000000000e+00,-6.523010999696127188e-01,2.909289330149348110e-02,-1.556222827540743869e-01,-2.255401725889672193e-01,-1.717660547362463319e+00,2.149948932484174957e+00
1.680277313178999901e+09,2.000000000000000000e+00,-6.523010999696127188e-01,2.909289330149348110e-02,-1.556222827540743869e-01,-2.255401725889672193e-01,-1.717660547362463319e+00,2.149948932484174957e+00
1.680277313183000088e+09,2.000000000000000000e+00,-6.523010999696127188e-01,2.909289330149348110e-02,-1.556222827540743869e-01,-2.255401725889672193e-01,-1.717660547362463319e+00,2.149948932484174957e+00
1.680277313187999964e+09,2.000000000000000000e+00,-6.523010999696127188e-01,2.909289330149348110e-02,-1.556222827540743869e-01,-2.255401725889672193e-01,-1.717660547362463319e+00,2.149948932484174957e+00
1.680277313191999912e+09,2.000000000000000000e+00,-6.523010999696127188e-01,2.909289330149348110e-02,-1.556222827540743869e-01,-2.255401725889672193e-01,-1.717660547362463319e+00,2.149948932484174957e+00
1.680277313196000099e+09,2.000000000000000000e+00,-6.523010999696127188e-01,2.909289330149348110e-02,-1.556222827540743869e-01,-2.255401725889672193e-01,-1.717660547362463319e+00,2.149948932484174957e+00
1.680277313200000048e+09,2.000000000000000000e+00,-6.523010999696127188e-01,2.909289330149348110e-02,-1.556222827540743869e-01,-2.255401725889672193e-01,-1.717660547362463319e+00,2.149948932484174957e+00
1.680277313203999996e+09,2.000000000000000000e+00,-6.523010999696127188e-01,2.909289330149348110e-02,-1.556222827540743869e-01,-2.255401725889672193e-01,-1.717660547362463319e+00,2.149948932484174957e+00
1.680277313210000038e+09,2.000000000000000000e+00,-6.523010999696127188e-01,2.909289330149348110e-02,-1.556222827540743869e-01,-2.255401725889672193e-01,-1.717660547362463319e+00,2.149948932484174957e+00
1.680277313213999987e+09,2.000000000000000000e+00,-6.523010999696127188e-01,2.909289330149348110e-02,-1.556222827540743869e-01,-2.255401725889672193e-01,-1.717660547362463319e+00,2.149948932484174957e+00
1.680277313220000029e+09,2.000000000000000000e+00,-6.523010999696127188e-01,2.909289330149348110e-02,-1.556222827540743869e-01,-2.255401725889672193e-01,-1.717660547362463319e+00,2.149948932484174957e+00
1.680277313223999977e+09,2.000000000000000000e+00,-6.523010999696127188e-01,2.909289330149348110e-02,-1.556222827540743869e-01,-2.255401725889672193e-01,-1.717660547362463319e+00,2.149948932484174957e+00
1.680277313230999947e+09,2.000000000000000000e+00,-6.523010999696127188e-01,2.909289330149348110e-02,-1.556222827540743869e-01,-2.255401725889672193e-01,-1.717660547362463319e+00,2.149948932484174957e+00
1.680277313234999895e+09,2.000000000000000000e+00,-6.523010999696127188e-01,2.909289330149348110e-02,-1.556222827540743869e-01,-2.255401725889672193e-01,-1.717660547362463319e+00,2.149948932484174957e+00
1.680277313239000082e+09,2.000000000000000000e+00,-6.523010999696127188e-01,2.909289330149348110e-02,-1.556222827540743869e-01,-2.255401725889672193e-01,-1.717660547362463319e+00,2.149948932484174957e+00
1.680277313243000031e+09,2.000000000000000000e+00,-6.523010999696127188e-01,2.909289330149348110e-02,-1.556222827540743869e-01,-2.255401725889672193e-01,-1.717660547362463319e+00,2.149948932484174957e+00
1.680277313246999979e+09,2.000000000000000000e+00,-6.523010999696127188e-01,2.909289330149348110e-02,-1.556222827540743869e-01,-2.255401725889672193e-01,-1.717660547362463319e+00,2.149948932484174957e+00
1.680277313250999928e+09,2.000000000000000000e+00,-6.523010999696127188e-01,2.909289330149348110e-02,-1.556222827540743869e-01,-2.255401725889672193e-01,-1.717660547362463319e+00,2.149948932484174957e+00
1.680277313255000114e+09,2.000000000000000000e+00,-6.523010999696127188e-01,2.909289330149348110e-02,-1.556222827540743869e-01,-2.255401725889672193e-01,-1.717660547362463319e+00,2.149948932484174957e+00
1.680277313259000063e+09,2.000000000000000000e+00,-6.523010999696127188e-01,2.909289330149348110e-02,-1.556222827540743869e-01,-2.255401725889672193e-01,-1.717660547362463319e+00,2.149948932484174957e+00
1.680277313263000011e+09,2.000000000000000000e+00,-6.523010999696127188e-01,2.909289330149348110e-02,-1.556222827540743869e-01,-2.255401725889672193e-01,-1.717660547362463319e+00,2.149948932484174957e+00
1.680277313266999960e+09,2.000000000000000000e+00,-6.523010999696127188e-01,2.909289330149348110e-02,-1.556222827540743869e-01,-2.255401725889672193e-01,-1.717660547362463319e+00,2.149948932484174957e+00
1.680277313270999908e+09,2.000000000000000000e+00,-6.523010999696127188e-01,2.909289330149348110e-02,-1.556222827540743869e-01,-2.255401725889672193e-01,-1.717660547362463319e+00,2.149948932484174957e+00
1.680277313275000095e+09,2.000000000000000000e+00,-6.523010999696127188e-01,2.909289330149348110e-02,-1.556222827540743869e-01,-2.255401725889672193e-01,-1.717660547362463319e+00,2.149948932484174957e+00
1.680277313279000044e+09,2.000000000000000000e+00,-6.523010999696127188e-01,2.909289330149348110e-02,-1.556222827540743869e-01,-2.255401725889672193e-01,-1.717660547362463319e+00,2.149948932484174957e+00
1.680277313282999992e+09,2.000000000000000000e+00,-6.523010999696127188e-01,2.909289330149348110e-02,-1.556222827540743869e-01,-2.255401725889672193e-01,-1.717660547362463319e+00,2.149948932484174957e+00
1.680277313286999941e+09,2.000000000000000000e+00,-6.523010999696127188e-01,2.909289330149348110e-02,-1.556222827540743869e-01,-2.255401725889672193e-01,-1.717660547362463319e+00,2.149948932484174957e+00
1.680277313290999889e+09,2.000000000000000000e+00,-6.523010999696127188e-01,2.909289330149348110e-02,-1.556222827540743869e-01,-2.255401725889672193e-01,-1.717660547362463319e+00,2.149948932484174957e+00
1.680277313295000076e+09,2.000000000000000000e+00,-6.523010999696127188e-01,2.909289330149348110e-02,-1.556222827540743869e-01,-2.255401725889672193e-01,-1.717660547362463319e+00,2.149948932484174957e+00
1.680277313299000025e+09,2.000000000000000000e+00,-6.523010999696127188e-01,2.909289330149348110e-02,-1.556222827540743869e-01,-2.255401725889672193e-01,-1.717660547362463319e+00,2.149948932484174957e+00
1.680277313302999973e+09,2.000000000000000000e+00,-6.523010999696127188e-01,2.909289330149348110e-02,-1.556222827540743869e-01,-2.255401725889672193e-01,-1.717660547362463319e+00,2.149948932484174957e+00
1.680277313306999922e+09,2.000000000000000000e+00,-6.523010999696127188e-01,2.909289330149348110e-02,-1.556222827540743869e-01,-2.255401725889672193e-01,-1.717660547362463319e+00,2.149948932484174957e+00
1.680277313311000109e+09,2.000000000000000000e+00,-6.523010999696127188e-01,2.909289330149348110e-02,-1.556222827540743869e-01,-2.255401725889672193e-01,-1.717660547362463319e+00,2.149948932484174957e+00
1.680277313315000057e+09,2.000000000000000000e+00,-6.523010999696127188e-01,2.909289330149348110e-02,-1.556222827540743869e-01,-2.255401725889672193e-01,-1.717660547362463319e+00,2.149948932484174957e+00
1.680277313319000006e+09,2.000000000000000000e+00,-6.523010999696127188e-01,2.909289330149348110e-02,-1.556222827540743869e-01,-2.255401725889672193e-01,-1.717660547362463319e+00,2.149948932484174957e+00
1.680277313322999954e+09,2.000000000000000000e+00,-6.523010999696127188e-01,2.909289330149348110e-02,-1.556222827540743869e-01,-2.255401725889672193e-01,-1.717660547362463319e+00,2.149948932484174957e+00
1.680277313326999903e+09,2.000000000000000000e+00,-6.523010999696127188e-01,2.909289330149348110e-02,-1.556222827540743869e-01,-2.255401725889672193e-01,-1.717660547362463319e+00,2.149948932484174957e+00
1.680277313331000090e+09,2.000000000000000000e+00,-6.523010999696127188e-01,2.909289330149348110e-02,-1.556222827540743869e-01,-2.255401725889672193e-01,-1.717660547362463319e+00,2.149948932484174957e+00
1.680277313335000038e+09,2.000000000000000000e+00,-6.523010999696127188e-01,2.909289330149348110e-02,-1.556222827540743869e-01,-2.255401725889672193e-01,-1.717660547362463319e+00,2.149948932484174957e+00
1.680277313338999987e+09,2.000000000000000000e+00,-6.523010999696127188e-01,2.909289330149348110e-02,-1.556222827540743869e-01,-2.255401725889672193e-01,-1.717660547362463319e+00,2.149948932484174957e+00
1.680277313342999935e+09,2.000000000000000000e+00,-6.523010999696127188e-01,2.909289330149348110e-02,-1.556222827540743869e-01,-2.255401725889672193e-01,-1.717660547362463319e+00,2.149948932484174957e+00
1.680277313346999884e+09,2.000000000000000000e+00,-6.523010999696127188e-01,2.909289330149348110e-02,-1.556222827540743869e-01,-2.255401725889672193e-01,-1.717660547362463319e+00,2.149948932484174957e+00
1.680277313351000071e+09,2.000000000000000000e+00,-6.523010999696127188e-01,2.909289330149348110e-02,-1.556222827540743869e-01,-2.255401725889672193e-01,-1.717660547362463319e+00,2.149948932484174957e+00
1.680277313355000019e+09,2.000000000000000000e+00,-6.523010999696127188e-01,2.909289330149348110e-02,-1.556222827540743869e-01,-2.255401725889672193e-01,-1.717660547362463319e+00,2.149948932484174957e+00
1.680277313358999968e+09,2.000000000000000000e+00,-6.523010999696127188e-01,2.909289330149348110e-02,-1.556222827540743869e-01,-2.255401725889672193e-01,-1.717660547362463319e+00,2.149948932484174957e+00
1.680277313362999916e+09,2.000000000000000000e+00,-6.523010999696127188e-01,2.909289330149348110e-02,-1.556222827540743869e-01,-2.255401725889672193e-01,-1.717660547362463319e+00,2.149948932484174957e+00
1.680277313367000103e+09,2.000000000000000000e+00,-6.523010999696127188e-01,2.909289330149348110e-02,-1.556222827540743869e-01,-2.255401725889672193e-01,-1.717660547362463319e+00,2.149948932484174957e+00
1.680277313371000051e+09,2.000000000000000000e+00,-6.523010999696127188e-01,2.909289330149348110e-02,-1.556222827540743869e-01,-2.255401725889672193e-01,-1.717660547362463319e+00,2.149948932484174957e+00
1.680277313375000000e+09,2.000000000000000000e+00,-6.523010999696127188e-01,2.909289330149348110e-02,-1.556222827540743869e-01,-2.255401725889672193e-01,-1.717660547362463319e+00,2.149948932484174957e+00
1.680277313378999949e+09,2.000000000000000000e+00,-6.523010999696127188e-01,2.909289330149348110e-02,-1.556222827540743869e-01,-2.255401725889672193e-01,-1.717660547362463319e+00,2.149948932484174957e+00
1.680277313382999897e+09,2.000000000000000000e+00,-6.523010999696127188e-01,2.909289330149348110e-02,-1.556222827540743869e-01,-2.255401725889672193e-01,-1.717660547362463319e+00,2.149948932484174957e+00
1.680277313387000084e+09,2.000000000000000000e+00,-6.523010999696127188e-01,2.909289330149348110e-02,-1.556222827540743869e-01,-2.255401725889672193e-01,-1.717660547362463319e+00,2.149948932484174957e+00
1.680277313391000032e+09,2.000000000000000000e+00,-6.523010999696127188e-01,2.909289330149348110e-02,-1.556222827540743869e-01,-2.255401725889672193e-01,-1.717660547362463319e+00,2.149948932484174957e+00
1.680277313394999981e+09,2.000000000000000000e+00,-6.523010999696127188e-01,2.909289330149348110e-02,-1.556222827540743869e-01,-2.255401725889672193e-01,-1.717660547362463319e+00,2.149948932484174957e+00
1.680277313398999929e+09,2.000000000000000000e+00,-6.523010999696127188e-01,2.909289330149348110e-02,-1.556222827540743869e-01,-2.255401725889672193e-01,-1.717660547362463319e+00,2.149948932484174957e+00
1.680277313403000116e+09,2.000000000000000000e+00,-6.523010999696127188e-01,2.909289330149348110e-02,-1.556222827540743869e-01,-2.255401725889672193e-01,-1.717660547362463319e+00,2.149948932484174957e+00
1.680277313407000065e+09,2.000000000000000000e+00,-6.523010999696127188e-01,2.909289330149348110e-02,-1.556222827540743869e-01,-2.255401725889672193e-01,-1.717660547362463319e+00,2.149948932484174957e+00
1.680277313411000013e+09,2.000000000000000000e+00,-6.523010999696127188e-01,2.909289330149348110e-02,-1.556222827540743869e-01,-2.255401725889672193e-01,-1.717660547362463319e+00,2.149948932484174957e+00
1.680277313414999962e+09,2.000000000000000000e+00,-6.523010999696127188e-01,2.909289330149348110e-02,-1.556222827540743869e-01,-2.255401725889672193e-01,-1.717660547362463319e+00,2.149948932484174957e+00
1.680277313418999910e+09,2.000000000000000000e+00,-6.523010999696127188e-01,2.909289330149348110e-02,-1.556222827540743869e-01,-2.255401725889672193e-01,-1.717660547362463319e+00,2.149948932484174957e+00
1.680277313423000097e+09,2.000000000000000000e+00,-6.523010999696127188e-01,2.909289330149348110e-02,-1.556222827540743869e-01,-2.255401725889672193e-01,-1.717660547362463319e+00,2.149948932484174957e+00
1.680277313427000046e+09,2.000000000000000000e+00,-6.523010999696127188e-01,2.909289330149348110e-02,-1.556222827540743869e-01,-2.255401725889672193e-01,-1.717660547362463319e+00,2.149948932484174957e+00
1.680277313430999994e+09,2.000000000000000000e+00,-6.523010999696127188e-01,2.909289330149348110e-02,-1.556222827540743869e-01,-2.255401725889672193e-01,-1.717660547362463319e+00,2.149948932484174957e+00
1.680277313434999943e+09,2.000000000000000000e+00,-6.523010999696127188e-01,2.909289330149348110e-02,-1.556222827540743869e-01,-2.255401725889672193e-01,-1.717660547362463319e+00,2.149948932484174957e+00
1.680277313438999891e+09,2.000000000000000000e+00,-6.523010999696127188e-01,2.909289330149348110e-02,-1.556222827540743869e-01,-2.255401725889672193e-01,-1.717660547362463319e+00,2.149948932484174957e+00
1.680277313443000078e+09,2.000000000000000000e+00,-6.523010999696127188e-01,2.909289330149348110e-02,-1.556222827540743869e-01,-2.255401725889672193e-01,-1.717660547362463319e+00,2.149948932484174957e+00
1.680277313447000027e+09,2.000000000000000000e+00,-6.523010999696127188e-01,2.909289330149348110e-02,-1.556222827540743869e-01,-2.255401725889672193e-01,-1.717660547362463319e+00,2.149948932484174957e+00
1.680277313450999975e+09,2.000000000000000000e+00,-6.523010999696127188e-01,2.909289330149348110e-02,-1.556222827540743869e-01,-2.255401725889672193e-01,-1.717660547362463319e+00,2.149948932484174957e+00
1.680277313454999924e+09,2.000000000000000000e+00,-6.523010999696127188e-01,2.909289330149348110e-02,-1.556222827540743869e-01,-2.255401725889672193e-01,-1.717660547362463319e+00,2.149948932484174957e+00
1.680277313459000111e+09,2.000000000000000000e+00,-6.523010999696127188e-01,2.909289330149348110e-02,-1.556222827540743869e-01,-2.255401725889672193e-01,-1.717660547362463319e+00,2.149948932484174957e+00
1.680277313463000059e+09,2.000000000000000000e+00,-6.523010999696127188e-01,2.909289330149348110e-02,-1.556222827540743869e-01,-2.255401725889672193e-01,-1.717660547362463319e+00,2.149948932484174957e+00
1.680277313467000008e+09,2.000000000000000000e+00,-6.523010999696127188e-01,2.909289330149348110e-02,-1.556222827540743869e-01,-2.255401725889672193e-01,-1.717660547362463319e+00,2.149948932484174957e+00
1.680277313470999956e+09,2.000000000000000000e+00,-6.523010999696127188e-01,2.909289330149348110e-02,-1.556222827540743869e-01,-2.255401725889672193e-01,-1.717660547362463319e+00,2.149948932484174957e+00
1.680277313474999905e+09,2.000000000000000000e+00,-6.523010999696127188e-01,2.909289330149348110e-02,-1.556222827540743869e-01,-2.255401725889672193e-01,-1.717660547362463319e+00,2.149948932484174957e+00
1.680277313479000092e+09,2.000000000000000000e+00,-6.523010999696127188e-01,2.909289330149348110e-02,-1.556222827540743869e-01,-2.255401725889672193e-01,-1.717660547362463319e+00,2.149948932484174957e+00
1.680277313483000040e+09,2.000000000000000000e+00,-6.523010999696127188e-01,2.909289330149348110e-02,-1.556222827540743869e-01,-2.255401725889672193e-01,-1.717660547362463319e+00,2.149948932484174957e+00
1.680277313489000082e+09,2.000000000000000000e+00,-6.523010999696127188e-01,2.909289330149348110e-02,-1.556222827540743869e-01,-2.255401725889672193e-01,-1.717660547362463319e+00,2.149948932484174957e+00
1.680277313493000031e+09,2.000000000000000000e+00,-6.523010999696127188e-01,2.909289330149348110e-02,-1.556222827540743869e-01,-2.255401725889672193e-01,-1.717660547362463319e+00,2.149948932484174957e+00
1.680277313499000072e+09,2.000000000000000000e+00,-6.523010999696127188e-01,2.909289330149348110e-02,-1.556222827540743869e-01,-2.255401725889672193e-01,-1.717660547362463319e+00,2.149948932484174957e+00
1.680277313503000021e+09,2.000000000000000000e+00,-6.523010999696127188e-01,2.909289330149348110e-02,-1.556222827540743869e-01,-2.255401725889672193e-01,-1.717660547362463319e+00,2.149948932484174957e+00
1.680277313509000063e+09,2.000000000000000000e+00,-6.523010999696127188e-01,2.909289330149348110e-02,-1.556222827540743869e-01,-2.255401725889672193e-01,-1.717660547362463319e+00,2.149948932484174957e+00
1.680277313513999939e+09,2.000000000000000000e+00,-6.523010999696127188e-01,2.909289330149348110e-02,-1.556222827540743869e-01,-2.255401725889672193e-01,-1.717660547362463319e+00,2.149948932484174957e+00
1.680277313517999887e+09,2.000000000000000000e+00,-6.523010999696127188e-01,2.909289330149348110e-02,-1.556222827540743869e-01,-2.255401725889672193e-01,-1.717660547362463319e+00,2.149948932484174957e+00
1.680277313522000074e+09,2.000000000000000000e+00,-6.523010999696127188e-01,2.909289330149348110e-02,-1.556222827540743869e-01,-2.255401725889672193e-01,-1.717660547362463319e+00,2.149948932484174957e+00
1.680277313526999950e+09,2.000000000000000000e+00,-6.523010999696127188e-01,2.909289330149348110e-02,-1.556222827540743869e-01,-2.255401725889672193e-01,-1.717660547362463319e+00,2.149948932484174957e+00
1.680277313530999899e+09,2.000000000000000000e+00,-6.523010999696127188e-01,2.909289330149348110e-02,-1.556222827540743869e-01,-2.255401725889672193e-01,-1.717660547362463319e+00,2.149948932484174957e+00
1.680277313535000086e+09,2.000000000000000000e+00,-6.523010999696127188e-01,2.909289330149348110e-02,-1.556222827540743869e-01,-2.255401725889672193e-01,-1.717660547362463319e+00,2.149948932484174957e+00
1.680277313539999962e+09,2.000000000000000000e+00,-6.523010999696127188e-01,2.909289330149348110e-02,-1.556222827540743869e-01,-2.255401725889672193e-01,-1.717660547362463319e+00,2.149948932484174957e+00
1.680277313545000076e+09,2.000000000000000000e+00,-6.523010999696127188e-01,2.909289330149348110e-02,-1.556222827540743869e-01,-2.255401725889672193e-01,-1.717660547362463319e+00,2.149948932484174957e+00
1.680277313549999952e+09,2.000000000000000000e+00,-6.523010999696127188e-01,2.909289330149348110e-02,-1.556222827540743869e-01,-2.255401725889672193e-01,-1.717660547362463319e+00,2.149948932484174957e+00
1.680277313553999901e+09,2.000000000000000000e+00,-6.523010999696127188e-01,2.909289330149348110e-02,-1.556222827540743869e-01,-2.255401725889672193e-01,-1.717660547362463319e+00,2.149948932484174957e+00
1.680277313558000088e+09,2.000000000000000000e+00,-6.523010999696127188e-01,2.909289330149348110e-02,-1.556222827540743869e-01,-2.255401725889672193e-01,-1.717660547362463319e+00,2.149948932484174957e+00
1.680277313562000036e+09,2.000000000000000000e+00,-6.523010999696127188e-01,2.909289330149348110e-02,-1.556222827540743869e-01,-2.255401725889672193e-01,-1.717660547362463319e+00,2.149948932484174957e+00
1.680277313565999985e+09,2.000000000000000000e+00,-6.523010999696127188e-01,2.909289330149348110e-02,-1.556222827540743869e-01,-2.255401725889672193e-01,-1.717660547362463319e+00,2.149948932484174957e+00
1.680277313569999933e+09,2.000000000000000000e+00,-6.523010999696127188e-01,2.909289330149348110e-02,-1.556222827540743869e-01,-2.255401725889672193e-01,-1.717660547362463319e+00,2.149948932484174957e+00
1.680277313573999882e+09,2.000000000000000000e+00,-6.523010999696127188e-01,2.909289330149348110e-02,-1.556222827540743869e-01,-2.255401725889672193e-01,-1.717660547362463319e+00,2.149948932484174957e+00
1.680277313578000069e+09,2.000000000000000000e+00,-6.523010999696127188e-01,2.909289330149348110e-02,-1.556222827540743869e-01,-2.255401725889672193e-01,-1.717660547362463319e+00,2.149948932484174957e+00
1.680277313582000017e+09,2.000000000000000000e+00,-6.523010999696127188e-01,2.909289330149348110e-02,-1.556222827540743869e-01,-2.255401725889672193e-01,-1.717660547362463319e+00,2.149948932484174957e+00
1.680277313585999966e+09,2.000000000000000000e+00,-6.523010999696127188e-01,2.909289330149348110e-02,-1.556222827540743869e-01,-2.255401725889672193e-01,-1.717660547362463319e+00,2.149948932484174957e+00
1.680277313591000080e+09,2.000000000000000000e+00,-6.523010999696127188e-01,2.909289330149348110e-02,-1.556222827540743869e-01,-2.255401725889672193e-01,-1.717660547362463319e+00,2.149948932484174957e+00
1.680277313595000029e+09,2.000000000000000000e+00,-6.523010999696127188e-01,2.909289330149348110e-02,-1.556222827540743869e-01,-2.255401725889672193e-01,-1.717660547362463319e+00,2.149948932484174957e+00
1.680277313601000071e+09,2.000000000000000000e+00,-6.523010999696127188e-01,2.909289330149348110e-02,-1.556222827540743869e-01,-2.255401725889672193e-01,-1.717660547362463319e+00,2.149948932484174957e+00
1.680277313605000019e+09,2.000000000000000000e+00,-6.523010999696127188e-01,2.909289330149348110e-02,-1.556222827540743869e-01,-2.255401725889672193e-01,-1.717660547362463319e+00,2.149948932484174957e+00
1.680277313611000061e+09,3.000000000000000000e+00,-6.523010999696127188e-01,2.909289330149348110e-02,-1.556222827540743869e-01,-2.255401725889672193e-01,-1.717660547362463319e+00,2.149948932484174957e+00
1.680277313617000103e+09,4.000000000000000000e+00,-6.523010999696127188e-01,2.909289330149348110e-02,-1.556222827540743869e-01,-2.255401725889672193e-01,-1.717660547362463319e+00,2.149948932484174957e+00
1.680277313621999979e+09,4.000000000000000000e+00,-6.523010999696127188e-01,2.909289330149348110e-02,-1.556222827540743869e-01,-2.255401725889672193e-01,-1.717660547362463319e+00,2.149948932484174957e+00
1.680277313625999928e+09,4.000000000000000000e+00,-6.523010999696127188e-01,2.909289330149348110e-02,-1.556222827540743869e-01,-2.255401725889672193e-01,-1.717660547362463319e+00,2.149948932484174957e+00
1.680277313630000114e+09,4.000000000000000000e+00,-6.523010999696127188e-01,2.909289330149348110e-02,-1.556222827540743869e-01,-2.255401725889672193e-01,-1.717660547362463319e+00,2.149948932484174957e+00
1.680277313634000063e+09,4.000000000000000000e+00,-6.523010999696127188e-01,2.909289330149348110e-02,-1.556222827540743869e-01,-2.255401725889672193e-01,-1.717660547362463319e+00,2.149948932484174957e+00
1.680277313638000011e+09,4.000000000000000000e+00,-6.523010999696127188e-01,2.909289330149348110e-02,-1.556222827540743869e-01,-2.255401725889672193e-01,-1.717660547362463319e+00,2.149948932484174957e+00
1.680277313641999960e+09,4.000000000000000000e+00,-6.523010999696127188e-01,2.909289330149348110e-02,-1.556222827540743869e-01,-2.255401725889672193e-01,-1.717660547362463319e+00,2.149948932484174957e+00
1.680277313645999908e+09,4.000000000000000000e+00,-6.523010999696127188e-01,2.909289330149348110e-02,-1.556222827540743869e-01,-2.255401725889672193e-01,-1.717660547362463319e+00,2.149948932484174957e+00
1.680277313650000095e+09,4.000000000000000000e+00,-6.523010999696127188e-01,2.909289330149348110e-02,-1.556222827540743869e-01,-2.255401725889672193e-01,-1.717660547362463319e+00,2.149948932484174957e+00
1.680277313654000044e+09,4.000000000000000000e+00,-6.523010999696127188e-01,2.909289330149348110e-02,-1.556222827540743869e-01,-2.255401725889672193e-01,-1.717660547362463319e+00,2.149948932484174957e+00
1.680277313657999992e+09,4.000000000000000000e+00,-6.523010999696127188e-01,2.909289330149348110e-02,-1.556222827540743869e-01,-2.255401725889672193e-01,-1.717660547362463319e+00,2.149948932484174957e+00
1.680277313661999941e+09,4.000000000000000000e+00,-6.523010999696127188e-01,2.909289330149348110e-02,-1.556222827540743869e-01,-2.255401725889672193e-01,-1.717660547362463319e+00,2.149948932484174957e+00
1.680277313665999889e+09,4.000000000000000000e+00,-6.523010999696127188e-01,2.909289330149348110e-02,-1.556222827540743869e-01,-2.255401725889672193e-01,-1.717660547362463319e+00,2.149948932484174957e+00
1.680277313670000076e+09,4.000000000000000000e+00,-6.523010999696127188e-01,2.909289330149348110e-02,-1.556222827540743869e-01,-2.255401725889672193e-01,-1.717660547362463319e+00,2.149948932484174957e+00
1.680277313674000025e+09,4.000000000000000000e+00,-6.523010999696127188e-01,2.909289330149348110e-02,-1.556222827540743869e-01,-2.255401725889672193e-01,-1.717660547362463319e+00,2.149948932484174957e+00
1.680277313677999973e+09,4.000000000000000000e+00,-6.523010999696127188e-01,2.909289330149348110e-02,-1.556222827540743869e-01,-2.255401725889672193e-01,-1.717660547362463319e+00,2.149948932484174957e+00
1.680277313681999922e+09,4.000000000000000000e+00,-6.523010999696127188e-01,2.909289330149348110e-02,-1.556222827540743869e-01,-2.255401725889672193e-01,-1.717660547362463319e+00,2.149948932484174957e+00
1.680277313686000109e+09,4.000000000000000000e+00,-6.523010999696127188e-01,2.909289330149348110e-02,-1.556222827540743869e-01,-2.255401725889672193e-01,-1.717660547362463319e+00,2.149948932484174957e+00
1.680277313690000057e+09,4.000000000000000000e+00,-6.523010999696127188e-01,2.909289330149348110e-02,-1.556222827540743869e-01,-2.255401725889672193e-01,-1.717660547362463319e+00,2.149948932484174957e+00
1.680277313694000006e+09,4.000000000000000000e+00,-6.523010999696127188e-01,2.909289330149348110e-02,-1.556222827540743869e-01,-2.255401725889672193e-01,-1.717660547362463319e+00,2.149948932484174957e+00
1.680277313697999954e+09,4.000000000000000000e+00,-6.523010999696127188e-01,2.909289330149348110e-02,-1.556222827540743869e-01,-2.255401725889672193e-01,-1.717660547362463319e+00,2.149948932484174957e+00
1.680277313701999903e+09,4.000000000000000000e+00,-6.523010999696127188e-01,2.909289330149348110e-02,-1.556222827540743869e-01,-2.255401725889672193e-01,-1.717660547362463319e+00,2.149948932484174957e+00
1.680277313706000090e+09,4.000000000000000000e+00,-6.523010999696127188e-01,2.909289330149348110e-02,-1.556222827540743869e-01,-2.255401725889672193e-01,-1.717660547362463319e+00,2.149948932484174957e+00
1.680277313710000038e+09,4.000000000000000000e+00,-6.523010999696127188e-01,2.909289330149348110e-02,-1.556222827540743869e-01,-2.255401725889672193e-01,-1.717660547362463319e+00,2.149948932484174957e+00
1.680277313713999987e+09,4.000000000000000000e+00,-6.523010999696127188e-01,2.909289330149348110e-02,-1.556222827540743869e-01,-2.255401725889672193e-01,-1.717660547362463319e+00,2.149948932484174957e+00
1.680277313717999935e+09,5.000000000000000000e+00,-6.523010999696127188e-01,2.909289330149348110e-02,-1.556222827540743869e-01,-2.255401725889672193e-01,-1.717660547362463319e+00,2.149948932484174957e+00
1.680277313721999884e+09,5.000000000000000000e+00,-6.523010999696127188e-01,2.909289330149348110e-02,-1.556222827540743869e-01,-2.255401725889672193e-01,-1.717660547362463319e+00,2.149948932484174957e+00
1.680277313726000071e+09,5.000000000000000000e+00,-6.521457656661852065e-01,2.890963373003407541e-02,-1.558195049595497428e-01,-2.255750791740071259e-01,-1.717660547362463319e+00,2.149948932484174957e+00
1.680277313730000019e+09,5.000000000000000000e+00,-6.521457656661852065e-01,2.890963373003407541e-02,-1.558195049595497428e-01,-2.255750791740071259e-01,-1.717660547362463319e+00,2.149948932484174957e+00
1.680277313733999968e+09,5.000000000000000000e+00,-6.516518374878708109e-01,2.834240172313591544e-02,-1.563989542712118652e-01,-2.256606003073548250e-01,-1.717625640777423524e+00,2.149872137997087318e+00
1.680277313737999916e+09,5.000000000000000000e+00,-6.516518374878708109e-01,2.834240172313591544e-02,-1.563989542712118652e-01,-2.256606003073548250e-01,-1.717625640777423524e+00,2.149872137997087318e+00
1.680277313742000103e+09,5.000000000000000000e+00,-6.508315327394335048e-01,2.740865057331895102e-02,-1.573641213475647227e-01,-2.258141892815303531e-01,-1.717588988863131716e+00,2.149795343509999235e+00
1.680277313746000051e+09,5.000000000000000000e+00,-6.508315327394335048e-01,2.740865057331895102e-02,-1.573641213475647227e-01,-2.258141892815303531e-01,-1.717588988863131716e+00,2.149795343509999235e+00
1.680277313750000000e+09,5.000000000000000000e+00,-6.498035338100088820e-01,2.622880799897078438e-02,-1.585806158362047802e-01,-2.260183928040136736e-01,-1.717536628985571800e+00,2.149718549022911596e+00
1.680277313753999949e+09,5.000000000000000000e+00,-6.498035338100088820e-01,2.622880799897078438e-02,-1.585806158362047802e-01,-2.260183928040136736e-01,-1.717536628985571800e+00,2.149718549022911596e+00
1.680277313757999897e+09,5.000000000000000000e+00,-6.487633175758201753e-01,2.504896542462261774e-02,-1.598075823003567986e-01,-2.262051430339770686e-01,-1.717482523778760095e+00,2.149603357292280137e+00
1.680277313762000084e+09,5.000000000000000000e+00,-6.487633175758201753e-01,2.504896542462261774e-02,-1.598075823003567986e-01,-2.262051430339770686e-01,-1.717482523778760095e+00,2.149603357292280137e+00
1.680277313766000032e+09,5.000000000000000000e+00,-6.477353186463955526e-01,2.386039620401447792e-02,-1.610240767889968561e-01,-2.264110918857124011e-01,-1.717428418571948168e+00,2.149488165561648234e+00
1.680277313769999981e+09,5.000000000000000000e+00,-6.477353186463955526e-01,2.386039620401447792e-02,-1.610240767889968561e-01,-2.264110918857124011e-01,-1.717428418571948168e+00,2.149488165561648234e+00
1.680277313773999929e+09,5.000000000000000000e+00,-6.466933570829549449e-01,2.267880830041432011e-02,-1.622388259483849016e-01,-2.266152954081957493e-01,-1.717376058694388252e+00,2.149372973831016775e+00
1.680277313778000116e+09,5.000000000000000000e+00,-6.466933570829549449e-01,2.267880830041432011e-02,-1.622388259483849016e-01,-2.266152954081957493e-01,-1.717376058694388252e+00,2.149372973831016775e+00
1.680277313782000065e+09,5.000000000000000000e+00,-6.456531408487663493e-01,2.149896572606615000e-02,-1.634553204370249313e-01,-2.268037909674111285e-01,-1.717321953487576547e+00,2.149257782100385317e+00
1.680277313786000013e+09,5.000000000000000000e+00,-6.456531408487663493e-01,2.149896572606615000e-02,-1.634553204370249313e-01,-2.268037909674111285e-01,-1.717321953487576547e+00,2.149257782100385317e+00
1.680277313789999962e+09,5.000000000000000000e+00,-6.445989619805617687e-01,2.031912315171798336e-02,-1.646718149256649888e-01,-2.270079944898944768e-01,-1.717267848280764841e+00,2.149180987613297233e+00
1.680277313793999910e+09,5.000000000000000000e+00,-6.445989619805617687e-01,2.031912315171798336e-02,-1.646718149256649888e-01,-2.270079944898944768e-01,-1.717267848280764841e+00,2.149180987613297233e+00
1.680277313798000097e+09,5.000000000000000000e+00,-6.435587457463730621e-01,1.914800722362978991e-02,-1.658778374387930576e-01,-2.272121980123777973e-01,-1.717232941695724602e+00,2.149065795882665775e+00
1.680277313802000046e+09,5.000000000000000000e+00,-6.435587457463730621e-01,1.914800722362978991e-02,-1.658778374387930576e-01,-2.272121980123777973e-01,-1.717232941695724602e+00,2.149065795882665775e+00
1.680277313808000088e+09,5.000000000000000000e+00,-6.425167841829324544e-01,1.797689129554159645e-02,-1.670821146226691700e-01,-2.274006935715931765e-01,-1.717178836488913118e+00,2.148950604152034316e+00
1.680277313813999891e+09,5.000000000000000000e+00,-6.414626053147279849e-01,1.679704872119342982e-02,-1.682881371357972666e-01,-2.276048970940765526e-01,-1.717126476611353203e+00,2.148835412421402857e+00
1.680277313818000078e+09,5.000000000000000000e+00,-6.414626053147279849e-01,1.679704872119342982e-02,-1.682881371357972666e-01,-2.276048970940765526e-01,-1.717126476611353203e+00,2.148835412421402857e+00
1.680277313822000027e+09,5.000000000000000000e+00,-6.404101717757753054e-01,1.563465943936520608e-02,-1.694819423441613626e-01,-2.278091006165598731e-01,-1.717072371404541276e+00,2.148720220690770955e+00
1.680277313825999975e+09,5.000000000000000000e+00,-6.404101717757753054e-01,1.563465943936520608e-02,-1.694819423441613626e-01,-2.278091006165598731e-01,-1.717072371404541276e+00,2.148720220690770955e+00
1.680277313829999924e+09,5.000000000000000000e+00,-6.393682102123346978e-01,1.446354351127700916e-02,-1.706879648572894592e-01,-2.280150494682951778e-01,-1.717037464819501480e+00,2.148566631716595676e+00
1.680277313834000111e+09,5.000000000000000000e+00,-6.393682102123346978e-01,1.446354351127700916e-02,-1.706879648572894592e-01,-2.280150494682951778e-01,-1.717037464819501480e+00,2.148566631716595676e+00
1.680277313841000080e+09,5.000000000000000000e+00,-6.383140313441301172e-01,1.329242758318881397e-02,-1.718817700656535830e-01,-2.282192529907785539e-01,-1.716983359612689775e+00,2.148451439985963773e+00
1.680277313845999956e+09,5.000000000000000000e+00,-6.372598524759256478e-01,1.213003830136059023e-02,-1.730755752740176789e-01,-2.284234565132618744e-01,-1.716930999735129859e+00,2.148336248255332315e+00
1.680277313849999905e+09,5.000000000000000000e+00,-6.372598524759256478e-01,1.213003830136059023e-02,-1.730755752740176789e-01,-2.284234565132618744e-01,-1.716930999735129859e+00,2.148336248255332315e+00
1.680277313854000092e+09,5.000000000000000000e+00,-6.361934563029570944e-01,1.096939434878436113e-02,-1.742589085068698418e-01,-2.286294053649972069e-01,-1.716894347820838052e+00,2.148221056524700856e+00
1.680277313858000040e+09,5.000000000000000000e+00,-6.361934563029570944e-01,1.096939434878436113e-02,-1.742589085068698418e-01,-2.286294053649972069e-01,-1.716894347820838052e+00,2.148221056524700856e+00
1.680277313861999989e+09,5.000000000000000000e+00,-6.351392774347524028e-01,9.807005066956137398e-03,-1.754544590444859498e-01,-2.288161555949606019e-01,-1.716841987943278136e+00,2.148067467550525134e+00
1.680277313868999958e+09,5.000000000000000000e+00,-6.340850985665478223e-01,8.644615785127915397e-03,-1.766377922773381126e-01,-2.290221044466959344e-01,-1.716787882736466209e+00,2.147952275819893675e+00
1.680277313872999907e+09,5.000000000000000000e+00,-6.340850985665478223e-01,8.644615785127915397e-03,-1.766377922773381126e-01,-2.290221044466959344e-01,-1.716787882736466209e+00,2.147952275819893675e+00
1.680277313878000021e+09,5.000000000000000000e+00,-6.330187023935793800e-01,7.482226503299690794e-03,-1.778089082054263026e-01,-2.292263079691792549e-01,-1.716752976151426413e+00,2.147837084089261772e+00
1.680277313881999969e+09,5.000000000000000000e+00,-6.330187023935793800e-01,7.482226503299690794e-03,-1.778089082054263026e-01,-2.292263079691792549e-01,-1.716752976151426413e+00,2.147837084089261772e+00
1.680277313888999939e+09,5.000000000000000000e+00,-6.319523062206108266e-01,6.330309196983434014e-03,-1.789922414382784654e-01,-2.294305114916626032e-01,-1.716698870944614486e+00,2.147683495115086494e+00
1.680277313892999887e+09,5.000000000000000000e+00,-6.308981273524062461e-01,5.176646561415180862e-03,-1.801651026956186397e-01,-2.296521683066658492e-01,-1.716663964359574690e+00,2.147570048713706825e+00
1.680277313897000074e+09,5.000000000000000000e+00,-6.308981273524062461e-01,5.176646561415180862e-03,-1.801651026956186397e-01,-2.296521683066658492e-01,-1.716663964359574690e+00,2.147570048713706825e+00
1.680277313901000023e+09,5.000000000000000000e+00,-6.298317311794376927e-01,4.024729255098924083e-03,-1.813379639529588694e-01,-2.298581171584012095e-01,-1.716609859152762985e+00,2.147416459739531103e+00
1.680277313904999971e+09,5.000000000000000000e+00,-6.298317311794376927e-01,4.024729255098924083e-03,-1.813379639529588694e-01,-2.298581171584012095e-01,-1.716609859152762985e+00,2.147416459739531103e+00
1.680277313908999920e+09,5.000000000000000000e+00,-6.287635896772172384e-01,2.871066619530672232e-03,-1.825108252102990436e-01,-2.300623206808845300e-01,-1.716574952567722967e+00,2.147301268008899644e+00
1.680277313913000107e+09,5.000000000000000000e+00,-6.287635896772172384e-01,2.871066619530672232e-03,-1.825108252102990436e-01,-2.300623206808845300e-01,-1.716574952567722967e+00,2.147301268008899644e+00
1.680277313917000055e+09,5.000000000000000000e+00,-6.276971935042485740e-01,1.719149313214414585e-03,-1.836819411383872336e-01,-2.302665242033679061e-01,-1.716520847360911262e+00,2.147147679034723922e+00
1.680277313921000004e+09,5.000000000000000000e+00,-6.276971935042485740e-01,1.719149313214414585e-03,-1.836819411383872336e-01,-2.302665242033679061e-01,-1.716520847360911262e+00,2.147147679034723922e+00
1.680277313924999952e+09,5.000000000000000000e+00,-6.266168346972642578e-01,5.759586531581288235e-04,-1.848443304202154469e-01,-2.304724730551032108e-01,-1.716485940775871244e+00,2.147032487304092463e+00
1.680277313928999901e+09,5.000000000000000000e+00,-6.266168346972642578e-01,5.759586531581288235e-04,-1.848443304202154469e-01,-2.304724730551032108e-01,-1.716485940775871244e+00,2.147032487304092463e+00
1.680277313934000015e+09,5.000000000000000000e+00,-6.255504385242955934e-01,-5.759586531581288235e-04,-1.860049743727916760e-01,-2.306766765775865313e-01,-1.716431835569059539e+00,2.146878898329916741e+00
1.680277313937999964e+09,5.000000000000000000e+00,-6.255504385242955934e-01,-5.759586531581288235e-04,-1.860049743727916760e-01,-2.306766765775865313e-01,-1.716431835569059539e+00,2.146878898329916741e+00
1.680277313941999912e+09,5.000000000000000000e+00,-6.244700797173111662e-01,-1.719149313214414585e-03,-1.871673636546199171e-01,-2.308808801000698796e-01,-1.716396928984019521e+00,2.146725309355741462e+00
1.680277313948999882e+09,5.000000000000000000e+00,-6.234036835443426128e-01,-2.862339973270700780e-03,-1.883280076071961462e-01,-2.311025369150731534e-01,-1.716342823777207816e+00,2.146571720381566184e+00
1.680277313953000069e+09,5.000000000000000000e+00,-6.234036835443426128e-01,-2.862339973270700780e-03,-1.883280076071961462e-01,-2.311025369150731534e-01,-1.716342823777207816e+00,2.146571720381566184e+00
1.680277313957000017e+09,5.000000000000000000e+00,-6.223233247373581856e-01,-3.996803987067015090e-03,-1.894781795842603866e-01,-2.313084857668084859e-01,-1.716307917192167798e+00,2.146456528650934281e+00
1.680277313960999966e+09,5.000000000000000000e+00,-6.223233247373581856e-01,-3.996803987067015090e-03,-1.894781795842603866e-01,-2.313084857668084859e-01,-1.716307917192167798e+00,2.146456528650934281e+00
1.680277313966000080e+09,5.000000000000000000e+00,-6.212429659303736473e-01,-5.139994647123300418e-03,-1.906283515613246549e-01,-2.315126892892918342e-01,-1.716253811985356093e+00,2.146302939676759003e+00
1.680277313970000029e+09,5.000000000000000000e+00,-6.212429659303736473e-01,-5.139994647123300418e-03,-1.906283515613246549e-01,-2.315126892892918342e-01,-1.716253811985356093e+00,2.146302939676759003e+00
1.680277313973999977e+09,5.000000000000000000e+00,-6.201643524526411211e-01,-6.276203990171608932e-03,-1.917802688676409351e-01,-2.317343461042951080e-01,-1.716218905400316075e+00,2.146149350702583281e+00
1.680277313977999926e+09,5.000000000000000000e+00,-6.201643524526411211e-01,-6.276203990171608932e-03,-1.917802688676409351e-01,-2.317343461042951080e-01,-1.716218905400316075e+00,2.146149350702583281e+00
1.680277313982000113e+09,5.000000000000000000e+00,-6.190839936456566939e-01,-7.410668003967922808e-03,-1.929304408447051755e-01,-2.319385496267784286e-01,-1.716182253486024267e+00,2.145995761728408002e+00
1.680277313989000082e+09,5.000000000000000000e+00,-6.180036348386721556e-01,-8.545132017764236684e-03,-1.940701408462574828e-01,-2.321444984785137888e-01,-1.716129893608464352e+00,2.145842172754232280e+00
1.680277313993000031e+09,5.000000000000000000e+00,-6.180036348386721556e-01,-8.545132017764236684e-03,-1.940701408462574828e-01,-2.321444984785137888e-01,-1.716129893608464352e+00,2.145842172754232280e+00
1.680277313996999979e+09,5.000000000000000000e+00,-6.169110587269237556e-01,-9.669124056048587074e-03,-1.952098408478097624e-01,-2.323661552935170349e-01,-1.716093241694172544e+00,2.145688583780057002e+00
1.680277314000999928e+09,5.000000000000000000e+00,-6.169110587269237556e-01,-9.669124056048587074e-03,-1.952098408478097624e-01,-2.323661552935170349e-01,-1.716093241694172544e+00,2.145688583780057002e+00
1.680277314005000114e+09,5.000000000000000000e+00,-6.158306999199392173e-01,-1.080358806984490008e-02,-1.963495408493620697e-01,-2.325703588160004109e-01,-1.716058335109132749e+00,2.145534994805881279e+00
1.680277314009000063e+09,5.000000000000000000e+00,-6.158306999199392173e-01,-1.080358806984490008e-02,-1.963495408493620697e-01,-2.325703588160004109e-01,-1.716058335109132749e+00,2.145534994805881279e+00
1.680277314013000011e+09,5.000000000000000000e+00,-6.147381238081907062e-01,-1.192932543738124164e-02,-1.974874955216623929e-01,-2.327920156310036570e-01,-1.716004229902320821e+00,2.145381405831706001e+00
1.680277314016999960e+09,5.000000000000000000e+00,-6.147381238081907062e-01,-1.192932543738124164e-02,-1.974874955216623929e-01,-2.327920156310036570e-01,-1.716004229902320821e+00,2.145381405831706001e+00
1.680277314020999908e+09,5.000000000000000000e+00,-6.136577650012061680e-01,-1.305506280491758493e-02,-1.986167235477026838e-01,-2.329962191534870053e-01,-1.715969323317281026e+00,2.145189419613986459e+00
1.680277314025000095e+09,5.000000000000000000e+00,-6.136577650012061680e-01,-1.305506280491758493e-02,-1.986167235477026838e-01,-2.329962191534870053e-01,-1.715969323317281026e+00,2.145189419613986459e+00
1.680277314029000044e+09,5.000000000000000000e+00,-6.125651888894578789e-01,-1.418080017245392822e-02,-1.997459515737430302e-01,-2.332196212977422911e-01,-1.715932671402989218e+00,2.145035830639810737e+00
1.680277314032999992e+09,5.000000000000000000e+00,-6.125651888894578789e-01,-1.418080017245392822e-02,-1.997459515737430302e-01,-2.332196212977422911e-01,-1.715932671402989218e+00,2.145035830639810737e+00
1.680277314036999941e+09,5.000000000000000000e+00,-6.114726127777093678e-01,-1.530479221073827688e-02,-2.008734342705313647e-01,-2.334238248202256116e-01,-1.715880311525429303e+00,2.144882241665635458e+00
1.680277314040999889e+09,5.000000000000000000e+00,-6.114726127777093678e-01,-1.530479221073827688e-02,-2.008734342705313647e-01,-2.334238248202256116e-01,-1.715880311525429303e+00,2.144882241665635458e+00
1.680277314045000076e+09,5.000000000000000000e+00,-6.103782913367088447e-01,-1.642180293201464525e-02,-2.020026622965717111e-01,-2.336454816352289132e-01,-1.715843659611137273e+00,2.144728652691459736e+00
1.680277314049000025e+09,5.000000000000000000e+00,-6.103782913367088447e-01,-1.642180293201464525e-02,-2.020026622965717111e-01,-2.336454816352289132e-01,-1.715843659611137273e+00,2.144728652691459736e+00
1.680277314052999973e+09,5.000000000000000000e+00,-6.092734979201964718e-01,-1.754754029955099201e-02,-2.031196730178480847e-01,-2.338496851577122337e-01,-1.715808753026097477e+00,2.144536666473740638e+00
1.680277314056999922e+09,5.000000000000000000e+00,-6.092734979201964718e-01,-1.754754029955099201e-02,-2.031196730178480847e-01,-2.338496851577122337e-01,-1.715808753026097477e+00,2.144536666473740638e+00
1.680277314061000109e+09,5.000000000000000000e+00,-6.081809218084480717e-01,-1.866280569157536401e-02,-2.042384290683764425e-01,-2.340713419727155353e-01,-1.715773846441057682e+00,2.144383077499564916e+00
1.680277314065000057e+09,5.000000000000000000e+00,-6.081809218084480717e-01,-1.866280569157536401e-02,-2.042384290683764425e-01,-2.340713419727155353e-01,-1.715773846441057682e+00,2.144383077499564916e+00
1.680277314069000006e+09,5.000000000000000000e+00,-6.070866003674475486e-01,-1.977981641285173758e-02,-2.053554397896528161e-01,-2.342929987877187814e-01,-1.715719741234245754e+00,2.144229488525389637e+00
1.680277314072999954e+09,5.000000000000000000e+00,-6.070866003674475486e-01,-1.977981641285173758e-02,-2.053554397896528161e-01,-2.342929987877187814e-01,-1.715719741234245754e+00,2.144229488525389637e+00
1.680277314076999903e+09,5.000000000000000000e+00,-6.059818069509351757e-01,-2.088635515861614333e-02,-2.064724505109291897e-01,-2.344989476394541417e-01,-1.715684834649205959e+00,2.144037502307670096e+00
1.680277314081000090e+09,5.000000000000000000e+00,-6.059818069509351757e-01,-2.088635515861614333e-02,-2.064724505109291897e-01,-2.344989476394541417e-01,-1.715684834649205959e+00,2.144037502307670096e+00
1.680277314085000038e+09,5.000000000000000000e+00,-6.048752682051707907e-01,-2.200162055064051880e-02,-2.075789892566935746e-01,-2.347206044544573877e-01,-1.715648182734914151e+00,2.143883913333494817e+00
1.680277314088999987e+09,5.000000000000000000e+00,-6.048752682051707907e-01,-2.200162055064051880e-02,-2.075789892566935746e-01,-2.347206044544573877e-01,-1.715648182734914151e+00,2.143883913333494817e+00
1.680277314092999935e+09,5.000000000000000000e+00,-6.037687294594064058e-01,-2.310990462565691919e-02,-2.086855280024579873e-01,-2.349422612694606893e-01,-1.715613276149874133e+00,2.143693672445027509e+00
1.680277314096999884e+09,5.000000000000000000e+00,-6.037687294594064058e-01,-2.310990462565691919e-02,-2.086855280024579873e-01,-2.349422612694606893e-01,-1.715613276149874133e+00,2.143693672445027509e+00
1.680277314101000071e+09,5.000000000000000000e+00,-6.026639360428939218e-01,-2.421644337142132147e-02,-2.097920667482224277e-01,-2.351639180844639632e-01,-1.715576624235582104e+00,2.143501686227307967e+00
1.680277314105000019e+09,5.000000000000000000e+00,-6.026639360428939218e-01,-2.421644337142132147e-02,-2.097920667482224277e-01,-2.351639180844639632e-01,-1.715576624235582104e+00,2.143501686227307967e+00
1.680277314108999968e+09,5.000000000000000000e+00,-6.015573972971296479e-01,-2.532298211718572722e-02,-2.109003508232387969e-01,-2.353681216069473114e-01,-1.715541717650542308e+00,2.143348097253132245e+00
1.680277314112999916e+09,5.000000000000000000e+00,-6.015573972971296479e-01,-2.532298211718572722e-02,-2.109003508232387969e-01,-2.353681216069473114e-01,-1.715541717650542308e+00,2.143348097253132245e+00
1.680277314117000103e+09,5.000000000000000000e+00,-6.004508585513651520e-01,-2.643126619220212761e-02,-2.119946722642392367e-01,-2.355897784219505853e-01,-1.715487612443730381e+00,2.143156111035413147e+00
1.680277314121000051e+09,5.000000000000000000e+00,-6.004508585513651520e-01,-2.643126619220212761e-02,-2.119946722642392367e-01,-2.355897784219505853e-01,-1.715487612443730381e+00,2.143156111035413147e+00
1.680277314125000000e+09,5.000000000000000000e+00,-5.993460651348527790e-01,-2.752907829170656018e-02,-2.131012110100036494e-01,-2.358131805662058711e-01,-1.715452705858690585e+00,2.142964124817693605e+00
1.680277314128999949e+09,5.000000000000000000e+00,-5.993460651348527790e-01,-2.752907829170656018e-02,-2.131012110100036494e-01,-2.358131805662058711e-01,-1.715452705858690585e+00,2.142964124817693605e+00
1.680277314132999897e+09,5.000000000000000000e+00,-5.982255637550722982e-01,-2.862689039121099621e-02,-2.141972777802561012e-01,-2.360348373812091449e-01,-1.715417799273650568e+00,2.142772138599974063e+00
1.680277314137000084e+09,5.000000000000000000e+00,-5.982255637550722982e-01,-2.862689039121099621e-02,-2.141972777802561012e-01,-2.360348373812091449e-01,-1.715417799273650568e+00,2.142772138599974063e+00
1.680277314141000032e+09,5.000000000000000000e+00,-5.971207703385599252e-01,-2.972470249071542878e-02,-2.152828725749965644e-01,-2.362564941962124188e-01,-1.715381147359358760e+00,2.142618549625798785e+00
1.680277314144999981e+09,5.000000000000000000e+00,-5.971207703385599252e-01,-2.972470249071542878e-02,-2.152828725749965644e-01,-2.362564941962124188e-01,-1.715381147359358760e+00,2.142618549625798785e+00
1.680277314148999929e+09,5.000000000000000000e+00,-5.960020142880316785e-01,-3.082251459021986134e-02,-2.163789393452490162e-01,-2.364781510112157203e-01,-1.715346240774318964e+00,2.142426563408079243e+00
1.680277314153000116e+09,5.000000000000000000e+00,-5.960020142880316785e-01,-3.082251459021986134e-02,-2.163789393452490162e-01,-2.364781510112157203e-01,-1.715346240774318964e+00,2.142426563408079243e+00
1.680277314157000065e+09,5.000000000000000000e+00,-5.948815129082513087e-01,-3.192032668972429044e-02,-2.174627888107374674e-01,-2.366998078262189664e-01,-1.715309588860027157e+00,2.142234577190360145e+00
1.680277314161000013e+09,5.000000000000000000e+00,-5.948815129082513087e-01,-3.192032668972429044e-02,-2.174627888107374674e-01,-2.366998078262189664e-01,-1.715309588860027157e+00,2.142234577190360145e+00
1.680277314167000055e+09,5.000000000000000000e+00,-5.937627568577228399e-01,-3.300941214296875675e-02,-2.185483836054779583e-01,-2.369214646412222680e-01,-1.715274682274987361e+00,2.142042590972640603e+00
1.680277314171999931e+09,5.000000000000000000e+00,-5.926440008071945931e-01,-3.409675226696122496e-02,-2.196322330709664372e-01,-2.371431214562255418e-01,-1.715239775689947344e+00,2.141850604754921061e+00
1.680277314176000118e+09,5.000000000000000000e+00,-5.926440008071945931e-01,-3.409675226696122496e-02,-2.196322330709664372e-01,-2.371431214562255418e-01,-1.715239775689947344e+00,2.141850604754921061e+00
1.680277314180000067e+09,5.000000000000000000e+00,-5.915252447566661242e-01,-3.518583772020568434e-02,-2.207056105609429553e-01,-2.373647782712288157e-01,-1.715203123775655314e+00,2.141658618537201964e+00
1.680277314184000015e+09,5.000000000000000000e+00,-5.915252447566661242e-01,-3.518583772020568434e-02,-2.207056105609429553e-01,-2.373647782712288157e-01,-1.715203123775655314e+00,2.141658618537201964e+00
1.680277314188999891e+09,5.000000000000000000e+00,-5.904064887061378775e-01,-3.627492317345014372e-02,-2.217807333801714575e-01,-2.375864350862320895e-01,-1.715150763898095621e+00,2.141466632319482422e+00
1.680277314193000078e+09,5.000000000000000000e+00,-5.904064887061378775e-01,-3.627492317345014372e-02,-2.217807333801714575e-01,-2.375864350862320895e-01,-1.715150763898095621e+00,2.141466632319482422e+00
1.680277314197000027e+09,5.000000000000000000e+00,-5.892737700215935348e-01,-3.736400862669461004e-02,-2.228541108701479478e-01,-2.378080919012353911e-01,-1.715114111983803591e+00,2.141274646101763324e+00
1.680277314200999975e+09,5.000000000000000000e+00,-5.892737700215935348e-01,-3.736400862669461004e-02,-2.228541108701479478e-01,-2.378080919012353911e-01,-1.715114111983803591e+00,2.141274646101763324e+00
1.680277314207000017e+09,5.000000000000000000e+00,-5.881550139710650660e-01,-3.844262210442710159e-02,-2.239274883601244659e-01,-2.380314940454906492e-01,-1.715079205398763795e+00,2.141044262640499962e+00
1.680277314214999914e+09,6.000000000000000000e+00,-5.870240406157728463e-01,-3.952298091141159125e-02,-2.249903938745890231e-01,-2.382531508604939230e-01,-1.715042553484471988e+00,2.140852276422780420e+00
1.680277314220999956e+09,6.000000000000000000e+00,-5.857621675665809491e-01,-4.073074875379166515e-02,-2.261841990829531468e-01,-2.385079689312850915e-01,-1.715007646899431970e+00,2.140621892961517503e+00
1.680277314226999998e+09,6.000000000000000000e+00,-5.844479346398292474e-01,-4.198389515672359962e-02,-2.274111655471051652e-01,-2.387645323313282442e-01,-1.714970994985140162e+00,2.140391509500254141e+00
1.680277314232000113e+09,6.000000000000000000e+00,-5.844479346398292474e-01,-4.198389515672359962e-02,-2.274111655471051652e-01,-2.387645323313282442e-01,-1.714970994985140162e+00,2.140391509500254141e+00
1.680277314236000061e+09,6.000000000000000000e+00,-5.834321530151683755e-01,-4.295429822083244448e-02,-2.283763326234580227e-01,-2.389687358538116202e-01,-1.714936088400100367e+00,2.140199523282534599e+00
1.680277314240000010e+09,6.000000000000000000e+00,-5.834321530151683755e-01,-4.295429822083244448e-02,-2.283763326234580227e-01,-2.389687358538116202e-01,-1.714936088400100367e+00,2.140199523282534599e+00
1.680277314244999886e+09,6.000000000000000000e+00,-5.824826939020836258e-01,-4.384965212710553728e-02,-2.292524879079591571e-01,-2.391572314130269994e-01,-1.714901181815060571e+00,2.140047679637611111e+00
1.680277314249000072e+09,6.000000000000000000e+00,-5.824826939020836258e-01,-4.384965212710553728e-02,-2.292524879079591571e-01,-2.391572314130269994e-01,-1.714901181815060571e+00,2.140047679637611111e+00
1.680277314253000021e+09,6.000000000000000000e+00,-5.813499752175392832e-01,-4.492128428783005029e-02,-2.303049214469117534e-01,-2.393963415205502265e-01,-1.714881983193288439e+00,2.139817296176348194e+00
1.680277314256999969e+09,6.000000000000000000e+00,-5.813499752175392832e-01,-4.492128428783005029e-02,-2.303049214469117534e-01,-2.393963415205502265e-01,-1.714881983193288439e+00,2.139817296176348194e+00
1.680277314260999918e+09,6.000000000000000000e+00,-5.802190018622469525e-01,-4.599117111930257906e-02,-2.313556096566123377e-01,-2.396179983355535004e-01,-1.714847076608248644e+00,2.139625309958628652e+00
1.680277314269000053e+09,7.000000000000000000e+00,-5.790862831777026098e-01,-4.705233130451513118e-02,-2.324080431955649340e-01,-2.398571084430767275e-01,-1.714812170023208626e+00,2.139394926497365290e+00
1.680277314276999950e+09,7.000000000000000000e+00,-5.778889873108344899e-01,-4.819552196457142085e-02,-2.335250539168413075e-01,-2.400944732213479427e-01,-1.714758064816396921e+00,2.139202940279645748e+00
1.680277314280999899e+09,7.000000000000000000e+00,-5.778889873108344899e-01,-4.819552196457142085e-02,-2.335250539168413075e-01,-2.400944732213479427e-01,-1.714758064816396921e+00,2.139202940279645748e+00
1.680277314286999941e+09,7.000000000000000000e+00,-5.769133482589695605e-01,-4.915719838242028905e-02,-2.344675317129182313e-01,-2.403335833288711698e-01,-1.714686506317065096e+00,2.139049351305470470e+00
1.680277314290999889e+09,7.000000000000000000e+00,-5.761977632656519743e-01,-4.993386989955777427e-02,-2.352232592790317600e-01,-2.405220788880865768e-01,-1.714597494525213373e+00,2.138972556818382831e+00
1.680277314296000004e+09,7.000000000000000000e+00,-5.761977632656519743e-01,-4.993386989955777427e-02,-2.352232592790317600e-01,-2.405220788880865768e-01,-1.714597494525213373e+00,2.138972556818382831e+00
1.680277314299999952e+09,7.000000000000000000e+00,-5.752867013961109333e-01,-5.092172625618656551e-02,-2.361657370751087115e-01,-2.407786422881297295e-01,-1.714473576148321854e+00,2.138857365087750928e+00
1.680277314303999901e+09,7.000000000000000000e+00,-5.752867013961109333e-01,-5.092172625618656551e-02,-2.361657370751087115e-01,-2.407786422881297295e-01,-1.714473576148321854e+00,2.138857365087750928e+00
1.680277314309000015e+09,7.000000000000000000e+00,-5.741941252843624222e-01,-5.210331415978672331e-02,-2.373054370766610188e-01,-2.410840749072287459e-01,-1.714330459149658203e+00,2.138742173357119469e+00
1.680277314315000057e+09,7.000000000000000000e+00,-5.731015491726140221e-01,-5.328315673413488995e-02,-2.384451370782132984e-01,-2.413912528555797465e-01,-1.714189087480246787e+00,2.138626981626487567e+00
1.680277314319000006e+09,7.000000000000000000e+00,-5.731015491726140221e-01,-5.328315673413488995e-02,-2.384451370782132984e-01,-2.413912528555797465e-01,-1.714189087480246787e+00,2.138626981626487567e+00
1.680277314326999903e+09,8.000000000000000000e+00,-5.720089730608655110e-01,-5.446299930848304965e-02,-2.395848370797656057e-01,-2.416827228406628059e-01,-1.714045970481583137e+00,2.138511789895856108e+00
1.680277314332000017e+09,8.000000000000000000e+00,-5.708378571327774598e-01,-5.573534433318692166e-02,-2.408013315684056632e-01,-2.420230620448016734e-01,-1.713867946897879690e+00,2.138396598165224649e+00
1.680277314335999966e+09,8.000000000000000000e+00,-5.708378571327774598e-01,-5.573534433318692166e-02,-2.408013315684056632e-01,-2.420230620448016734e-01,-1.713867946897879690e+00,2.138396598165224649e+00
1.680277314339999914e+09,8.000000000000000000e+00,-5.699006153244564610e-01,-5.680523116465944350e-02,-2.418310758270822980e-01,-2.423127867006327485e-01,-1.713707376606696142e+00,2.138319803678136566e+00
1.680277314344000101e+09,8.000000000000000000e+00,-5.699006153244564610e-01,-5.680523116465944350e-02,-2.418310758270822980e-01,-2.423127867006327485e-01,-1.713707376606696142e+00,2.138319803678136566e+00
1.680277314348000050e+09,8.000000000000000000e+00,-5.691972476359027366e-01,-5.766567848589264356e-02,-2.426531259047716438e-01,-2.425693501006759012e-01,-1.713546806315512816e+00,2.138281406434592746e+00
1.680277314351999998e+09,8.000000000000000000e+00,-5.691972476359027366e-01,-5.766567848589264356e-02,-2.426531259047716438e-01,-2.425693501006759012e-01,-1.713546806315512816e+00,2.138281406434592746e+00
1.680277314355999947e+09,8.000000000000000000e+00,-5.683263283391575271e-01,-5.874429196362514899e-02,-2.436723981879363177e-01,-2.428765280490269296e-01,-1.713333876146769352e+00,2.138281406434592746e+00
1.680277314359999895e+09,8.000000000000000000e+00,-5.683263283391575271e-01,-5.874429196362514899e-02,-2.436723981879363177e-01,-2.428765280490269296e-01,-1.713333876146769352e+00,2.138281406434592746e+00
1.680277314364000082e+09,8.000000000000000000e+00,-5.672843667757169195e-01,-6.004456225636092132e-02,-2.448993646520883638e-01,-2.432517738382057038e-01,-1.713066840771214405e+00,2.138243009191048927e+00
1.680277314368000031e+09,8.000000000000000000e+00,-5.672843667757169195e-01,-6.004456225636092132e-02,-2.448993646520883638e-01,-2.432517738382057038e-01,-1.713066840771214405e+00,2.138243009191048927e+00
1.680277314371999979e+09,8.000000000000000000e+00,-5.662319332367643510e-01,-6.134308721984470247e-02,-2.461368030917523431e-01,-2.436444729199044035e-01,-1.712817258688179356e+00,2.138204611947505107e+00
1.680277314375999928e+09,8.000000000000000000e+00,-5.662319332367643510e-01,-6.134308721984470247e-02,-2.461368030917523431e-01,-2.436444729199044035e-01,-1.712817258688179356e+00,2.138204611947505107e+00
1.680277314381999969e+09,9.000000000000000000e+00,-5.651637917345438966e-01,-6.263288553706851391e-02,-2.473637695559043337e-01,-2.440197187090831776e-01,-1.712550223312623965e+00,2.138166214703961288e+00
1.680277314388000011e+09,9.000000000000000000e+00,-5.640450356840154278e-01,-6.403263959716797016e-02,-2.486797478119080751e-01,-2.444298710833018584e-01,-1.712265734644548898e+00,2.138166214703961288e+00
1.680277314391999960e+09,9.000000000000000000e+00,-5.640450356840154278e-01,-6.403263959716797016e-02,-2.486797478119080751e-01,-2.444298710833018584e-01,-1.712265734644548898e+00,2.138166214703961288e+00
1.680277314395999908e+09,9.000000000000000000e+00,-5.631479364484903716e-01,-6.520375552525616014e-02,-2.497862865576724600e-01,-2.447876635799607070e-01,-1.711998699268993729e+00,2.138166214703961288e+00
1.680277314400000095e+09,9.000000000000000000e+00,-5.631479364484903716e-01,-6.520375552525616014e-02,-2.497862865576724600e-01,-2.447876635799607070e-01,-1.711998699268993729e+00,2.138166214703961288e+00
1.680277314404000044e+09,9.000000000000000000e+00,-5.624707486987166050e-01,-6.613750667507312109e-02,-2.506624418421736222e-01,-2.450948415283117077e-01,-1.711766570478478577e+00,2.138204611947505107e+00
1.680277314407999992e+09,9.000000000000000000e+00,-5.624707486987166050e-01,-6.613750667507312109e-02,-2.506624418421736222e-01,-2.450948415283117077e-01,-1.711766570478478577e+00,2.138204611947505107e+00
1.680277314411999941e+09,9.000000000000000000e+00,-5.616242640114993412e-01,-6.731734924942128773e-02,-2.517585086124260463e-01,-2.454700873174904818e-01,-1.711464628517883613e+00,2.138243009191048927e+00
1.680277314415999889e+09,9.000000000000000000e+00,-5.616242640114993412e-01,-6.731734924942128773e-02,-2.517585086124260463e-01,-2.454700873174904818e-01,-1.711464628517883613e+00,2.138243009191048927e+00
1.680277314420000076e+09,9.000000000000000000e+00,-5.606224450208545651e-01,-6.873630193129268151e-02,-2.530727415391778035e-01,-2.459134009474970572e-01,-1.711091128057956823e+00,2.138319803678136566e+00
1.680277314424000025e+09,9.000000000000000000e+00,-5.606224450208545651e-01,-6.873630193129268151e-02,-2.530727415391778035e-01,-2.459134009474970572e-01,-1.711091128057956823e+00,2.138319803678136566e+00
1.680277314427999973e+09,9.000000000000000000e+00,-5.596084087254459272e-01,-7.014478263765210053e-02,-2.543991917706934780e-01,-2.463741678700235305e-01,-1.710715882268778021e+00,2.138358200921680830e+00
1.680277314431999922e+09,9.000000000000000000e+00,-5.596084087254459272e-01,-7.014478263765210053e-02,-2.543991917706934780e-01,-2.463741678700235305e-01,-1.710715882268778021e+00,2.138358200921680830e+00
1.680277314438999891e+09,1.000000000000000000e+01,-5.585926271007851662e-01,-7.156198999027149621e-02,-2.557134246974452352e-01,-2.468174815000301059e-01,-1.710359835101371129e+00,2.138434995408768469e+00
1.680277314443000078e+09,1.000000000000000000e+01,-5.575140136230526400e-01,-7.309089841501853479e-02,-2.571271413915606208e-01,-2.473131550075964857e-01,-1.709951428056404543e+00,2.138511789895856108e+00
1.680277314447000027e+09,1.000000000000000000e+01,-5.575140136230526400e-01,-7.309089841501853479e-02,-2.571271413915606208e-01,-2.473131550075964857e-01,-1.709951428056404543e+00,2.138511789895856108e+00
1.680277314450999975e+09,1.000000000000000000e+01,-5.566413489970555295e-01,-7.437197008598236958e-02,-2.583209465999247723e-01,-2.477390153450831078e-01,-1.709576182267225741e+00,2.138588584382943747e+00
1.680277314454999924e+09,1.000000000000000000e+01,-5.566413489970555295e-01,-7.437197008598236958e-02,-2.583209465999247723e-01,-2.477390153450831078e-01,-1.709576182267225741e+00,2.138588584382943747e+00
1.680277314460000038e+09,1.000000000000000000e+01,-5.559903411860616096e-01,-7.538600638139107690e-02,-2.592529524204897351e-01,-2.480810998784740151e-01,-1.709274240306630777e+00,2.138665378870031830e+00
1.680277314463999987e+09,1.000000000000000000e+01,-5.559903411860616096e-01,-7.538600638139107690e-02,-2.592529524204897351e-01,-2.480810998784740151e-01,-1.709274240306630777e+00,2.138665378870031830e+00
1.680277314467999935e+09,1.000000000000000000e+01,-5.551839990716402884e-01,-7.666707805235491169e-02,-2.604258136778299093e-01,-2.485244135084805628e-01,-1.708864087932412179e+00,2.138818967844207108e+00
1.680277314471999884e+09,1.000000000000000000e+01,-5.551839990716402884e-01,-7.666707805235491169e-02,-2.604258136778299093e-01,-2.485244135084805628e-01,-1.708864087932412179e+00,2.138818967844207108e+00
1.680277314476000071e+09,1.000000000000000000e+01,-5.542083600197753590e-01,-7.819598647710193640e-02,-2.618273130671813220e-01,-2.490357949793149117e-01,-1.708384122388113546e+00,2.138972556818382831e+00
1.680277314480000019e+09,1.000000000000000000e+01,-5.542083600197753590e-01,-7.819598647710193640e-02,-2.618273130671813220e-01,-2.490357949793149117e-01,-1.708384122388113546e+00,2.138972556818382831e+00
1.680277314483999968e+09,1.000000000000000000e+01,-5.532327209679106517e-01,-7.973187621885695353e-02,-2.632410297612967631e-01,-2.495646297426691862e-01,-1.707902411514563124e+00,2.139087748549014290e+00
1.680277314487999916e+09,1.000000000000000000e+01,-5.532327209679106517e-01,-7.973187621885695353e-02,-2.632410297612967631e-01,-2.495646297426691862e-01,-1.707902411514563124e+00,2.139087748549014290e+00
1.680277314499000072e+09,1.100000000000000000e+01,-5.512151203526051146e-01,-8.292582875000657772e-02,-2.661557296121272453e-01,-2.506397525618976885e-01,-1.706905828511674494e+00,2.139433323740909110e+00
1.680277314503000021e+09,1.100000000000000000e+01,-5.512151203526051146e-01,-8.292582875000657772e-02,-2.661557296121272453e-01,-2.506397525618976885e-01,-1.706905828511674494e+00,2.139433323740909110e+00
1.680277314506999969e+09,1.100000000000000000e+01,-5.503825982994038357e-01,-8.430638418833409642e-02,-2.674263293075791470e-01,-2.511354260694640406e-01,-1.706443316259895981e+00,2.139586912715084388e+00
1.680277314510999918e+09,1.100000000000000000e+01,-5.503825982994038357e-01,-8.430638418833409642e-02,-2.674263293075791470e-01,-2.511354260694640406e-01,-1.706443316259895981e+00,2.139586912715084388e+00
1.680277314515000105e+09,1.100000000000000000e+01,-5.497595157564418855e-01,-8.540419628783853245e-02,-2.684124403349559262e-01,-2.515106718586428980e-01,-1.706050617178197060e+00,2.139740501689260110e+00
1.680277314519000053e+09,1.100000000000000000e+01,-5.497595157564418855e-01,-8.540419628783853245e-02,-2.684124403349559262e-01,-2.515106718586428980e-01,-1.706050617178197060e+00,2.139740501689260110e+00
1.680277314523999929e+09,1.100000000000000000e+01,-5.489776082515483990e-01,-8.679522370167801204e-02,-2.696725680548958670e-01,-2.520046000369572381e-01,-1.705553198341378751e+00,2.139932487906979652e+00
1.680277314528000116e+09,1.100000000000000000e+01,-5.489776082515483990e-01,-8.679522370167801204e-02,-2.696725680548958670e-01,-2.520046000369572381e-01,-1.705553198341378751e+00,2.139932487906979652e+00
1.680277314532000065e+09,1.100000000000000000e+01,-5.480543290772433851e-01,-8.844281451556065821e-02,-2.711735512116109637e-01,-2.526032479703912981e-01,-1.704965022383456485e+00,2.140161126038990780e+00
1.680277314539000034e+09,1.100000000000000000e+01,-5.471170872689224973e-01,-9.009913197570328103e-02,-2.726745343683261158e-01,-2.531826972820533928e-01,-1.704378591754786676e+00,2.140391509500254141e+00
1.680277314543999910e+09,1.100000000000000000e+01,-5.471170872689224973e-01,-9.009913197570328103e-02,-2.726745343683261158e-01,-2.531826972820533928e-01,-1.704378591754786676e+00,2.140391509500254141e+00
1.680277314549999952e+09,1.200000000000000000e+01,-5.461798454606014985e-01,-9.175370410659390574e-02,-2.741650455495292515e-01,-2.537795998862354963e-01,-1.703772962504344513e+00,2.140621892961517503e+00
1.680277314555999994e+09,1.200000000000000000e+01,-5.451780264699567224e-01,-9.353917593138409703e-02,-2.757655124736080876e-01,-2.544114090754574509e-01,-1.703130681339610542e+00,2.140890673666324240e+00
1.680277314559999943e+09,1.200000000000000000e+01,-5.451780264699567224e-01,-9.353917593138409703e-02,-2.757655124736080876e-01,-2.544114090754574509e-01,-1.703130681339610542e+00,2.140890673666324240e+00
1.680277314563999891e+09,1.200000000000000000e+01,-5.443856469895512751e-01,-9.501223382006732110e-02,-2.771024346806357230e-01,-2.549402438388116976e-01,-1.702579157295980528e+00,2.141121057127587601e+00
1.680277314568000078e+09,1.200000000000000000e+01,-5.443856469895512751e-01,-9.501223382006732110e-02,-2.771024346806357230e-01,-2.549402438388116976e-01,-1.702579157295980528e+00,2.141121057127587601e+00
1.680277314572000027e+09,1.200000000000000000e+01,-5.437992163608812435e-01,-9.618160441890351298e-02,-2.781426509148243742e-01,-2.553661041762983475e-01,-1.702134098336721690e+00,2.141313043345307143e+00
1.680277314578999996e+09,1.200000000000000000e+01,-5.430452341240197267e-01,-9.766513428309868405e-02,-2.794691011463399932e-01,-2.559298455246925008e-01,-1.701528469086279749e+00,2.141581824050113880e+00
1.680277314582999945e+09,1.200000000000000000e+01,-5.430452341240197267e-01,-9.766513428309868405e-02,-2.794691011463399932e-01,-2.559298455246925008e-01,-1.701528469086279749e+00,2.141581824050113880e+00
1.680277314588000059e+09,1.200000000000000000e+01,-5.421603521932585323e-01,-9.942966215686496745e-02,-2.810573507656548564e-01,-2.565791080064344087e-01,-1.700833828043986085e+00,2.141889001998464881e+00
1.680277314592000008e+09,1.200000000000000000e+01,-5.421603521932585323e-01,-9.942966215686496745e-02,-2.810573507656548564e-01,-2.565791080064344087e-01,-1.700833828043986085e+00,2.141889001998464881e+00
1.680277314598000050e+09,1.200000000000000000e+01,-5.412615076284814641e-01,-1.012046620061431978e-01,-2.826351284094577032e-01,-2.572266251589243047e-01,-1.700121733709172522e+00,2.142196179946816326e+00
1.680277314605999947e+09,1.300000000000000000e+01,-5.403644083929564079e-01,-1.029796618554214144e-01,-2.842233780287725664e-01,-2.578915956039340984e-01,-1.699427092666878858e+00,2.142541755138711146e+00
1.680277314611000061e+09,1.300000000000000000e+01,-5.394149492798714363e-01,-1.048733440938352662e-01,-2.859006394399391526e-01,-2.585914726339838543e-01,-1.698662638454505158e+00,2.142848933087062147e+00
1.680277314615000010e+09,1.300000000000000000e+01,-5.394149492798714363e-01,-1.048733440938352662e-01,-2.859006394399391526e-01,-2.585914726339838543e-01,-1.698662638454505158e+00,2.142848933087062147e+00
1.680277314619999886e+09,1.300000000000000000e+01,-5.386470044089940457e-01,-1.064563577253941351e-01,-2.873143561340545382e-01,-2.591883752381659023e-01,-1.698022102619023421e+00,2.143156111035413147e+00
1.680277314624000072e+09,1.300000000000000000e+01,-5.386470044089940457e-01,-1.064563577253941351e-01,-2.873143561340545382e-01,-2.591883752381659023e-01,-1.698022102619023421e+00,2.143156111035413147e+00
1.680277314628000021e+09,1.300000000000000000e+01,-5.380745364143397769e-01,-1.077199761038380305e-01,-2.884313668553308840e-01,-2.596665954532123566e-01,-1.697488031867912861e+00,2.143424891740220328e+00
1.680277314631999969e+09,1.300000000000000000e+01,-5.380745364143397769e-01,-1.077199761038380305e-01,-2.884313668553308840e-01,-2.596665954532123566e-01,-1.697488031867912861e+00,2.143424891740220328e+00
1.680277314638000011e+09,1.300000000000000000e+01,-5.373711687257861636e-01,-1.092750644673649713e-01,-2.898014503181464141e-01,-2.602460447648744513e-01,-1.696828297410659214e+00,2.143770466932115148e+00
1.680277314641999960e+09,1.300000000000000000e+01,-5.365264293678209118e-01,-1.111600200595188465e-01,-2.914664944245490275e-01,-2.609633750874441604e-01,-1.696009737991473809e+00,2.144152694038301554e+00
1.680277314645999908e+09,1.300000000000000000e+01,-5.365264293678209118e-01,-1.111600200595188465e-01,-2.914664944245490275e-01,-2.609633750874441604e-01,-1.696009737991473809e+00,2.144152694038301554e+00
1.680277314651000023e+09,1.300000000000000000e+01,-5.356677273758396751e-01,-1.130537022979326983e-01,-2.931420105064636017e-01,-2.616807054100138141e-01,-1.695208631864808302e+00,2.144575063717284458e+00
1.680277314654999971e+09,1.300000000000000000e+01,-5.356677273758396751e-01,-1.130537022979326983e-01,-2.931420105064636017e-01,-2.616807054100138141e-01,-1.695208631864808302e+00,2.144575063717284458e+00
1.680277314661999941e+09,1.400000000000000000e+01,-5.348090253838584385e-01,-1.149561111826065130e-01,-2.948087999421182270e-01,-2.623962904033315113e-01,-1.694388327116371107e+00,2.144959036152723098e+00
1.680277314667000055e+09,1.400000000000000000e+01,-5.338979635143173974e-01,-1.169597491638960096e-01,-2.965715824866324568e-01,-2.631642352742090130e-01,-1.693534861112145684e+00,2.145419803075249821e+00
1.680277314671000004e+09,1.400000000000000000e+01,-5.338979635143173974e-01,-1.169597491638960096e-01,-2.965715824866324568e-01,-2.631642352742090130e-01,-1.693534861112145684e+00,2.145419803075249821e+00
1.680277314674999952e+09,1.400000000000000000e+01,-5.331561985822198535e-01,-1.186806438063624097e-01,-2.980847829481115818e-01,-2.638134977559508654e-01,-1.692768661570520417e+00,2.145803775510688460e+00
1.680277314678999901e+09,1.400000000000000000e+01,-5.331561985822198535e-01,-1.186806438063624097e-01,-2.980847829481115818e-01,-2.638134977559508654e-01,-1.692768661570520417e+00,2.145803775510688460e+00
1.680277314683000088e+09,1.400000000000000000e+01,-5.325837305875656957e-01,-1.200611992446899284e-01,-2.992890601319876387e-01,-2.643597858118251209e-01,-1.692145579027558355e+00,2.146110953459039461e+00
1.680277314687000036e+09,1.400000000000000000e+01,-5.325837305875656957e-01,-1.200611992446899284e-01,-2.992890601319876387e-01,-2.643597858118251209e-01,-1.692145579027558355e+00,2.146110953459039461e+00
1.680277314690999985e+09,1.400000000000000000e+01,-5.319327227765717758e-01,-1.216895914368006371e-01,-3.007149941308669971e-01,-2.649898496717950636e-01,-1.691416031400224673e+00,2.146494925894478101e+00
1.680277314694999933e+09,1.400000000000000000e+01,-5.319327227765717758e-01,-1.216895914368006371e-01,-3.007149941308669971e-01,-2.649898496717950636e-01,-1.691416031400224673e+00,2.146494925894478101e+00
1.680277314698999882e+09,1.400000000000000000e+01,-5.311263806621504546e-01,-1.236845027718301571e-01,-3.024568327243573052e-01,-2.657577945426725652e-01,-1.690508460189187545e+00,2.146994090060548643e+00
1.680277314703000069e+09,1.400000000000000000e+01,-5.311263806621504546e-01,-1.236845027718301571e-01,-3.024568327243573052e-01,-2.657577945426725652e-01,-1.690508460189187545e+00,2.146994090060548643e+00
1.680277314707000017e+09,1.400000000000000000e+01,-5.303060759137130376e-01,-1.257055940456395793e-01,-3.042318325736355633e-01,-2.665431927060700201e-01,-1.689581690356378507e+00,2.147454856983074922e+00
1.680277314710999966e+09,1.400000000000000000e+01,-5.303060759137130376e-01,-1.257055940456395793e-01,-3.042318325736355633e-01,-2.665431927060700201e-01,-1.689581690356378507e+00,2.147454856983074922e+00
1.680277314717999935e+09,1.500000000000000000e+01,-5.294735538605117586e-01,-1.277284306487010135e-01,-3.059946151181498486e-01,-2.673285908694674751e-01,-1.688656665852821703e+00,2.147952275819893675e+00
1.680277314721999884e+09,1.500000000000000000e+01,-5.286288145025465068e-01,-1.298507510191261316e-01,-3.078359374790038405e-01,-2.681471502886528246e-01,-1.687694989434972870e+00,2.148451439985963773e+00
1.680277314726000071e+09,1.500000000000000000e+01,-5.286288145025465068e-01,-1.298507510191261316e-01,-3.078359374790038405e-01,-2.681471502886528246e-01,-1.687694989434972870e+00,2.148451439985963773e+00
1.680277314730000019e+09,1.500000000000000000e+01,-5.278992668752129358e-01,-1.316990546969881160e-01,-3.094468763785946375e-01,-2.688644806112224783e-01,-1.686822324808975759e+00,2.148912206908490052e+00
1.680277314733999968e+09,1.500000000000000000e+01,-5.278992668752129358e-01,-1.316990546969881160e-01,-3.094468763785946375e-01,-2.688644806112224783e-01,-1.686822324808975759e+00,2.148912206908490052e+00
1.680277314737999916e+09,1.500000000000000000e+01,-5.273407615145747629e-01,-1.332000378537032403e-01,-3.107506373298343783e-01,-2.694439299228846285e-01,-1.686110230474161975e+00,2.149296179343929136e+00
1.680277314743999958e+09,1.500000000000000000e+01,-5.273407615145747629e-01,-1.332000378537032403e-01,-3.107506373298343783e-01,-2.694439299228846285e-01,-1.686110230474161975e+00,2.149296179343929136e+00
1.680277314750000000e+09,1.500000000000000000e+01,-5.267281509471247736e-01,-1.349017338743977168e-01,-3.122184592307616358e-01,-2.701089003678944223e-01,-1.685309124347496468e+00,2.149756946266455415e+00
1.680277314753999949e+09,1.500000000000000000e+01,-5.259602060762471609e-01,-1.370048556230508696e-01,-3.140370923113396939e-01,-2.709449130795997251e-01,-1.684293342722835707e+00,2.150294507676069777e+00
1.680277314757999897e+09,1.500000000000000000e+01,-5.259602060762471609e-01,-1.370048556230508696e-01,-3.140370923113396939e-01,-2.709449130795997251e-01,-1.684293342722835707e+00,2.150294507676069777e+00
1.680277314762000084e+09,1.500000000000000000e+01,-5.251800439006056864e-01,-1.391463746152479253e-01,-3.158888866477057022e-01,-2.717809257913049725e-01,-1.683279306427427180e+00,2.150870466329227959e+00
1.680277314766000032e+09,1.500000000000000000e+01,-5.251800439006056864e-01,-1.391463746152479253e-01,-3.158888866477057022e-01,-2.717809257913049725e-01,-1.683279306427427180e+00,2.150870466329227959e+00
1.680277314773999929e+09,1.600000000000000000e+01,-5.243859190909483381e-01,-1.412966202537049576e-01,-3.177406809840717106e-01,-2.726343917955302287e-01,-1.682246071510246521e+00,2.151446424982386141e+00
1.680277314779000044e+09,1.600000000000000000e+01,-5.235795769765269059e-01,-1.435376230132656694e-01,-3.196692698075254135e-01,-2.735053110922753827e-01,-1.681177930008025845e+00,2.152020638306292089e+00
1.680277314782999992e+09,1.600000000000000000e+01,-5.235795769765269059e-01,-1.435376230132656694e-01,-3.196692698075254135e-01,-2.735053110922753827e-01,-1.681177930008025845e+00,2.152020638306292089e+00
1.680277314786999941e+09,1.600000000000000000e+01,-5.228901719219891664e-01,-1.455046090802632752e-01,-3.213674751697159215e-01,-2.742907092556728377e-01,-1.680216253590177011e+00,2.152558199715906451e+00
1.680277314790999889e+09,1.600000000000000000e+01,-5.228901719219891664e-01,-1.455046090802632752e-01,-3.213674751697159215e-01,-2.742907092556728377e-01,-1.680216253590177011e+00,2.152558199715906451e+00
1.680277314795000076e+09,1.600000000000000000e+01,-5.223299212320989815e-01,-1.471417279186339466e-01,-3.227707198883193462e-01,-2.749382264081627336e-01,-1.679415147463511726e+00,2.153018966638433174e+00
1.680277314799000025e+09,1.600000000000000000e+01,-5.223299212320989815e-01,-1.471417279186339466e-01,-3.227707198883193462e-01,-2.749382264081627336e-01,-1.679415147463511726e+00,2.153018966638433174e+00
1.680277314805999994e+09,1.600000000000000000e+01,-5.217574532374448237e-01,-1.488992744753922237e-01,-3.242821750205464038e-01,-2.756381034382124895e-01,-1.678525029544994496e+00,2.153518130804503272e+00
1.680277314811000109e+09,1.600000000000000000e+01,-5.210296509393631537e-01,-1.511036253206610724e-01,-3.261671306127003067e-01,-2.765247306982255848e-01,-1.677439434750254144e+00,2.154132486701205274e+00
1.680277314815999985e+09,1.600000000000000000e+01,-5.210296509393631537e-01,-1.511036253206610724e-01,-3.261671306127003067e-01,-2.765247306982255848e-01,-1.677439434750254144e+00,2.154132486701205274e+00
1.680277314822000027e+09,1.600000000000000000e+01,-5.202739233732496249e-01,-1.533725533482536985e-01,-3.281061914116659706e-01,-2.774288112507586335e-01,-1.676299734748701864e+00,2.154785239841451094e+00
1.680277314828000069e+09,1.700000000000000000e+01,-5.195199411363881081e-01,-1.556414813758463245e-01,-3.300452522106316899e-01,-2.783346371325436941e-01,-1.675177488039669482e+00,2.155397850408901306e+00
1.680277314835000038e+09,1.700000000000000000e+01,-5.187519962655106065e-01,-1.580029118537946420e-01,-3.320628528259371715e-01,-2.792718789408646929e-01,-1.673983682831305275e+00,2.156089000792690946e+00
1.680277314838999987e+09,1.700000000000000000e+01,-5.187519962655106065e-01,-1.580029118537946420e-01,-3.320628528259371715e-01,-2.792718789408646929e-01,-1.673983682831305275e+00,2.156089000792690946e+00
1.680277314842999935e+09,1.700000000000000000e+01,-5.180765538449887408e-01,-1.601060336024478503e-01,-3.338587966262392959e-01,-2.801078916525699403e-01,-1.672934739950856731e+00,2.156703356689392947e+00
1.680277314846999884e+09,1.700000000000000000e+01,-5.180765538449887408e-01,-1.601060336024478503e-01,-3.338587966262392959e-01,-2.801078916525699403e-01,-1.672934739950856731e+00,2.156703356689392947e+00
1.680277314851000071e+09,1.700000000000000000e+01,-5.175285204598626398e-01,-1.619089587197579672e-01,-3.353929410387423427e-01,-2.808252219751395939e-01,-1.672007970118047915e+00,2.157202520855463490e+00
1.680277314857000113e+09,1.700000000000000000e+01,-5.169822324039883288e-01,-1.637293371295880651e-01,-3.369375574267572948e-01,-2.815582602609772445e-01,-1.671063746992718757e+00,2.157740082265077852e+00
1.680277314861999989e+09,1.700000000000000000e+01,-5.169822324039883288e-01,-1.637293371295880651e-01,-3.369375574267572948e-01,-2.815582602609772445e-01,-1.671063746992718757e+00,2.157740082265077852e+00
1.680277314867000103e+09,1.700000000000000000e+01,-5.163067899834665742e-01,-1.660349170714725542e-01,-3.388993075059989479e-01,-2.824972473985501997e-01,-1.669889140406126682e+00,2.158431232648867493e+00
1.680277314871000051e+09,1.700000000000000000e+01,-5.163067899834665742e-01,-1.660349170714725542e-01,-3.388993075059989479e-01,-2.824972473985501997e-01,-1.669889140406126682e+00,2.158431232648867493e+00
1.680277314878000021e+09,1.700000000000000000e+01,-5.155912049901488770e-01,-1.684225274882008294e-01,-3.409256347675643783e-01,-2.834536878286431083e-01,-1.668660428612722679e+00,2.159159034946949163e+00
1.680277314884000063e+09,1.800000000000000000e+01,-5.148756199968311797e-01,-1.708206098804410100e-01,-3.429537073583817652e-01,-2.844083829294840049e-01,-1.667414263526798557e+00,2.159850185330738803e+00
1.680277314890000105e+09,1.800000000000000000e+01,-5.141338550647336358e-01,-1.732989774182729648e-01,-3.450463571315229849e-01,-2.854154379078847059e-01,-1.666150645148354759e+00,2.160618130201616527e+00
1.680277314894000053e+09,1.800000000000000000e+01,-5.141338550647336358e-01,-1.732989774182729648e-01,-3.450463571315229849e-01,-2.854154379078847059e-01,-1.666150645148354759e+00,2.160618130201616527e+00
1.680277314898000002e+09,1.800000000000000000e+01,-5.134950645585036888e-01,-1.755225268853137233e-01,-3.469313127236768324e-01,-2.863020651678978012e-01,-1.664993491854282359e+00,2.161270883341862348e+00
1.680277314901999950e+09,1.800000000000000000e+01,-5.134950645585036888e-01,-1.755225268853137233e-01,-3.469313127236768324e-01,-2.863020651678978012e-01,-1.664993491854282359e+00,2.161270883341862348e+00
1.680277314905999899e+09,1.800000000000000000e+01,-5.129627391366453626e-01,-1.774615876842794426e-01,-3.485631955742915511e-01,-2.870874633312952562e-01,-1.663960256937101923e+00,2.161885239238564349e+00
1.680277314910000086e+09,1.800000000000000000e+01,-5.129627391366453626e-01,-1.774615876842794426e-01,-3.485631955742915511e-01,-2.870874633312952562e-01,-1.663960256937101923e+00,2.161885239238564349e+00
1.680277314914000034e+09,1.800000000000000000e+01,-5.124426310195511203e-01,-1.793552699226932945e-01,-3.501741344738823480e-01,-2.878554082021727578e-01,-1.662963673934213071e+00,2.162461197891722531e+00
1.680277314917999983e+09,1.800000000000000000e+01,-5.124426310195511203e-01,-1.793552699226932945e-01,-3.501741344738823480e-01,-2.878554082021727578e-01,-1.662963673934213071e+00,2.162461197891722531e+00
1.680277314923000097e+09,1.800000000000000000e+01,-5.118038405133211732e-01,-1.817533523149335029e-01,-3.521899897599357065e-01,-2.888275565955336077e-01,-1.661680856933997363e+00,2.163227397433347576e+00
1.680277314927000046e+09,1.800000000000000000e+01,-5.118038405133211732e-01,-1.817533523149335029e-01,-3.521899897599357065e-01,-2.888275565955336077e-01,-1.661680856933997363e+00,2.163227397433347576e+00
1.680277314934000015e+09,1.800000000000000000e+01,-5.111283980927993076e-01,-1.842683717670573207e-01,-3.543158007888648209e-01,-2.898520648664542620e-01,-1.660363133348741638e+00,2.163995342304225300e+00
1.680277314938999891e+09,1.900000000000000000e+01,-5.104372477090095561e-01,-1.867938631946931272e-01,-3.564311398422819743e-01,-2.908748278081229599e-01,-1.659027956470966014e+00,2.164801684418646843e+00
1.680277314946000099e+09,1.900000000000000000e+01,-5.097478426544718166e-01,-1.893839318046526832e-01,-3.586005841025108887e-01,-2.919167893715635675e-01,-1.657657873008150373e+00,2.165608026533068386e+00
1.680277314950000048e+09,1.900000000000000000e+01,-5.097478426544718166e-01,-1.893839318046526832e-01,-3.586005841025108887e-01,-2.919167893715635675e-01,-1.657657873008150373e+00,2.165608026533068386e+00
1.680277314953999996e+09,1.900000000000000000e+01,-5.091369774162738393e-01,-1.917261636608290909e-01,-3.605728061572645582e-01,-2.928714844724044641e-01,-1.656392509300454563e+00,2.166337574160401847e+00
1.680277314957999945e+09,1.900000000000000000e+01,-5.091369774162738393e-01,-1.917261636608290909e-01,-3.605728061572645582e-01,-2.928714844724044641e-01,-1.656392509300454563e+00,2.166337574160401847e+00
1.680277314961999893e+09,1.900000000000000000e+01,-5.086029066651636121e-01,-1.938013601414503295e-01,-3.623146447507548662e-01,-2.937249504766297203e-01,-1.655289461213194091e+00,2.167026979214939697e+00
1.680277314966000080e+09,1.900000000000000000e+01,-5.086029066651636121e-01,-1.938013601414503295e-01,-3.623146447507548662e-01,-2.937249504766297203e-01,-1.655289461213194091e+00,2.167026979214939697e+00
1.680277314970000029e+09,1.900000000000000000e+01,-5.081211957916130784e-01,-1.957875448302199006e-01,-3.639796888571574796e-01,-2.945260566032951166e-01,-1.654202121089201727e+00,2.167641335111641698e+00
1.680277314973999977e+09,1.900000000000000000e+01,-5.081211957916130784e-01,-1.957875448302199006e-01,-3.639796888571574796e-01,-2.945260566032951166e-01,-1.654202121089201727e+00,2.167641335111641698e+00
1.680277314979000092e+09,1.900000000000000000e+01,-5.075242931874310859e-01,-1.982571857217918510e-01,-3.660391773745107491e-01,-2.955331115816958176e-01,-1.652866944211425881e+00,2.168447677226062797e+00
1.680277314984999895e+09,1.900000000000000000e+01,-5.068732853764371660e-01,-2.008926328923033300e-01,-3.682540001952915310e-01,-2.966082344009243199e-01,-1.651442755541798535e+00,2.169292416584028160e+00
1.680277314989000082e+09,1.900000000000000000e+01,-5.068732853764371660e-01,-2.008926328923033300e-01,-3.682540001952915310e-01,-2.966082344009243199e-01,-1.651442755541798535e+00,2.169292416584028160e+00
1.680277314996999979e+09,2.000000000000000000e+01,-5.062222775654433571e-01,-2.035280800628147535e-01,-3.704443884065444781e-01,-2.976833572201528777e-01,-1.650036020164691086e+00,2.170137155941993079e+00
1.680277315002000093e+09,2.000000000000000000e+01,-5.055590524496854643e-01,-2.062350857326579467e-01,-3.727010991293731035e-01,-2.987933866244212311e-01,-1.648559471617504046e+00,2.171018547214250471e+00
1.680277315006000042e+09,2.000000000000000000e+01,-5.055590524496854643e-01,-2.062350857326579467e-01,-3.727010991293731035e-01,-2.987933866244212311e-01,-1.648559471617504046e+00,2.171018547214250471e+00
1.680277315010999918e+09,2.000000000000000000e+01,-5.049726218210154327e-01,-2.087064719534819368e-01,-3.747623329759784405e-01,-2.997986962735699756e-01,-1.647222549410476411e+00,2.171786492085128195e+00
1.680277315016000032e+09,2.000000000000000000e+01,-5.044525137039210794e-01,-2.109282760912707111e-01,-3.766141273123443933e-01,-3.007202301186229776e-01,-1.646013036238844318e+00,2.172516039712461655e+00
1.680277315020999908e+09,2.000000000000000000e+01,-5.044525137039210794e-01,-2.109282760912707111e-01,-3.766141273123443933e-01,-3.007202301186229776e-01,-1.646013036238844318e+00,2.172516039712461655e+00
1.680277315026000023e+09,2.000000000000000000e+01,-5.039969827691505033e-01,-2.130052179011439617e-01,-3.783437486010707840e-01,-3.015736961228482338e-01,-1.644873336237291817e+00,2.173207190096251296e+00
1.680277315029999971e+09,2.000000000000000000e+01,-5.039969827691505033e-01,-2.130052179011439617e-01,-3.783437486010707840e-01,-3.015736961228482338e-01,-1.644873336237291817e+00,2.173207190096251296e+00
1.680277315033999920e+09,2.000000000000000000e+01,-5.034245147744964566e-01,-2.155499079505516780e-01,-3.804590876544879374e-01,-3.026156576862888414e-01,-1.643466600860184590e+00,2.174051929454216658e+00
1.680277315038000107e+09,2.000000000000000000e+01,-5.034245147744964566e-01,-2.155499079505516780e-01,-3.804590876544879374e-01,-3.026156576862888414e-01,-1.643466600860184590e+00,2.174051929454216658e+00
1.680277315042000055e+09,2.000000000000000000e+01,-5.028136495362983682e-01,-2.183040375101987229e-01,-3.827384876575925521e-01,-3.037413950538251362e-01,-1.641953400398705298e+00,2.174971717970017426e+00
1.680277315046000004e+09,2.000000000000000000e+01,-5.028136495362983682e-01,-2.183040375101987229e-01,-3.827384876575925521e-01,-3.037413950538251362e-01,-1.641953400398705298e+00,2.174971717970017426e+00
1.680277315052999973e+09,2.100000000000000000e+01,-5.021888216640844060e-01,-2.210476950943338348e-01,-3.850178876606971112e-01,-3.048845857138814397e-01,-1.640440199937226451e+00,2.175893251815070872e+00
1.680277315058000088e+09,2.100000000000000000e+01,-5.015639937918704439e-01,-2.238664018363046571e-01,-3.873513928706135423e-01,-3.060277763739376877e-01,-1.638890347561455352e+00,2.176814785660123874e+00
1.680277315062000036e+09,2.100000000000000000e+01,-5.015639937918704439e-01,-2.238664018363046571e-01,-3.873513928706135423e-01,-3.060277763739376877e-01,-1.638890347561455352e+00,2.176814785660123874e+00
1.680277315065999985e+09,2.100000000000000000e+01,-5.009915257972162861e-01,-2.264634517632722333e-01,-3.894981478505665784e-01,-3.071028991931662455e-01,-1.637466158891828005e+00,2.177659525018089237e+00
1.680277315069999933e+09,2.100000000000000000e+01,-5.009915257972162861e-01,-2.264634517632722333e-01,-3.894981478505665784e-01,-3.071028991931662455e-01,-1.637466158891828005e+00,2.177659525018089237e+00
1.680277315073999882e+09,2.100000000000000000e+01,-5.004975976189018905e-01,-2.288248822412205508e-01,-3.914598979298081205e-01,-3.080750475865270399e-01,-1.636148435306572280e+00,2.178464121803258546e+00
1.680277315078000069e+09,2.100000000000000000e+01,-5.004975976189018905e-01,-2.288248822412205508e-01,-3.914598979298081205e-01,-3.080750475865270399e-01,-1.636148435306572280e+00,2.178464121803258546e+00
1.680277315082000017e+09,2.100000000000000000e+01,-5.000420666841314254e-01,-2.310117797939694739e-01,-3.932680590348742733e-01,-3.089791281390601441e-01,-1.634937176805688175e+00,2.179193669430592006e+00
1.680277315085999966e+09,2.100000000000000000e+01,-5.000420666841314254e-01,-2.310117797939694739e-01,-3.932680590348742733e-01,-3.089791281390601441e-01,-1.634937176805688175e+00,2.179193669430592006e+00
1.680277315089999914e+09,2.100000000000000000e+01,-4.995219585670370721e-01,-2.336367549889689366e-01,-3.954270313195913378e-01,-3.100542509582886463e-01,-1.633478081551020811e+00,2.180076806032101189e+00
1.680277315094000101e+09,2.100000000000000000e+01,-4.995219585670370721e-01,-2.336367549889689366e-01,-3.954270313195913378e-01,-3.100542509582886463e-01,-1.633478081551020811e+00,2.180076806032101189e+00
1.680277315098000050e+09,2.100000000000000000e+01,-4.989355279383669850e-01,-2.365008402914916263e-01,-3.977936977852955525e-01,-3.112323482033848010e-01,-1.631875869297690240e+00,2.181036737120698010e+00
1.680277315101999998e+09,2.100000000000000000e+01,-4.989355279383669850e-01,-2.365008402914916263e-01,-3.977936977852955525e-01,-3.112323482033848010e-01,-1.631875869297690240e+00,2.181036737120698010e+00
1.680277315108999968e+09,2.200000000000000000e+01,-4.983368800049329805e-01,-2.393736522402742928e-01,-4.001603642509998782e-01,-3.124087001192289992e-01,-1.630273657044359226e+00,2.181994922880042598e+00
1.680277315112999916e+09,2.200000000000000000e+01,-4.977521947055148499e-01,-2.422918427496088267e-01,-4.025601919724921540e-01,-3.136199586201131040e-01,-1.628652246169256523e+00,2.182954853968639863e+00
1.680277315117000103e+09,2.200000000000000000e+01,-4.977521947055148499e-01,-2.422918427496088267e-01,-4.025601919724921540e-01,-3.136199586201131040e-01,-1.628652246169256523e+00,2.182954853968639863e+00
1.680277315121000051e+09,2.200000000000000000e+01,-4.972059066496405944e-01,-2.450005937487040042e-01,-4.047942134150449012e-01,-3.147299880243814574e-01,-1.627139045707777454e+00,2.183876387813692865e+00
1.680277315125000000e+09,2.200000000000000000e+01,-4.972059066496405944e-01,-2.450005937487040042e-01,-4.047942134150449012e-01,-3.147299880243814574e-01,-1.627139045707777454e+00,2.183876387813692865e+00
1.680277315130000114e+09,2.200000000000000000e+01,-4.967241957760901716e-01,-2.474789612865359867e-01,-4.068327579813741934e-01,-3.157527509660501552e-01,-1.625749763623190125e+00,2.184721127171657784e+00
1.680277315134000063e+09,2.200000000000000000e+01,-4.967241957760901716e-01,-2.474789612865359867e-01,-4.068327579813741934e-01,-3.157527509660501552e-01,-1.625749763623190125e+00,2.184721127171657784e+00
1.680277315138000011e+09,2.200000000000000000e+01,-4.962948447800996088e-01,-2.497758145821604991e-01,-4.087177135735280964e-01,-3.167091913961430638e-01,-1.624451238659706309e+00,2.185489072042535508e+00
1.680277315141999960e+09,2.200000000000000000e+01,-4.962948447800996088e-01,-2.497758145821604991e-01,-4.087177135735280964e-01,-3.167091913961430638e-01,-1.624451238659706309e+00,2.185489072042535508e+00
1.680277315145999908e+09,2.200000000000000000e+01,-4.958009166017851577e-01,-2.524479136669637858e-01,-4.109203190895449609e-01,-3.178174754711594052e-01,-1.622955491490747137e+00,2.186370463314792900e+00
1.680277315150000095e+09,2.200000000000000000e+01,-4.958009166017851577e-01,-2.524479136669637858e-01,-4.109203190895449609e-01,-3.178174754711594052e-01,-1.622955491490747137e+00,2.186370463314792900e+00
1.680277315154000044e+09,2.200000000000000000e+01,-4.952406659118949728e-01,-2.554289360293701128e-01,-4.133515627375730084e-01,-3.190461872645634633e-01,-1.621264267445564622e+00,2.187407188890477361e+00
1.680277315157999992e+09,2.200000000000000000e+01,-4.952406659118949728e-01,-2.554289360293701128e-01,-4.133515627375730084e-01,-3.190461872645634633e-01,-1.621264267445564622e+00,2.187407188890477361e+00
1.680277315170000076e+09,2.300000000000000000e+01,-4.941079472273506856e-01,-2.614223966807186494e-01,-4.182716458989450548e-01,-3.215385174364113197e-01,-1.617897527318467699e+00,2.189403845554758643e+00
1.680277315176000118e+09,2.300000000000000000e+01,-4.935878391102563878e-01,-2.642411034226895272e-01,-4.205719898530735912e-01,-3.226974160597355645e-01,-1.616312768357656804e+00,2.190362031314103675e+00
1.680277315180999994e+09,2.300000000000000000e+01,-4.935878391102563878e-01,-2.642411034226895272e-01,-4.205719898530735912e-01,-3.226974160597355645e-01,-1.616312768357656804e+00,2.190362031314103675e+00
1.680277315184999943e+09,2.300000000000000000e+01,-4.931200908707218389e-01,-2.668468799959169968e-01,-4.227100181867666229e-01,-3.237899921714840201e-01,-1.614836219810469542e+00,2.191245167915612857e+00
1.680277315188999891e+09,2.300000000000000000e+01,-4.931200908707218389e-01,-2.668468799959169968e-01,-4.227100181867666229e-01,-3.237899921714840201e-01,-1.614836219810469542e+00,2.191245167915612857e+00
1.680277315193000078e+09,2.300000000000000000e+01,-4.927029571794952489e-01,-2.692536890344172096e-01,-4.246822402415202369e-01,-3.247795938573648233e-01,-1.613464391018401889e+00,2.192051510030033956e+00
1.680277315197000027e+09,2.300000000000000000e+01,-4.927029571794952489e-01,-2.692536890344172096e-01,-4.246822402415202369e-01,-3.247795938573648233e-01,-1.613464391018401889e+00,2.192051510030033956e+00
1.680277315200999975e+09,2.300000000000000000e+01,-4.922212463059448262e-01,-2.719798933260323404e-01,-4.269057897085610231e-01,-3.259227845174210714e-01,-1.611933737264402922e+00,2.192973043875086958e+00
1.680277315204999924e+09,2.300000000000000000e+01,-4.922212463059448262e-01,-2.719798933260323404e-01,-4.269057897085610231e-01,-3.259227845174210714e-01,-1.611933737264402922e+00,2.192973043875086958e+00
1.680277315209000111e+09,2.300000000000000000e+01,-4.916889208840865555e-01,-2.750638901143063197e-01,-4.294155731729288328e-01,-3.271864028958650361e-01,-1.610188408012408701e+00,2.194008024121520073e+00
1.680277315213000059e+09,2.300000000000000000e+01,-4.916889208840865555e-01,-2.750638901143063197e-01,-4.294155731729288328e-01,-3.271864028958650361e-01,-1.610188408012408701e+00,2.194008024121520073e+00
1.680277315220000029e+09,2.400000000000000000e+01,-4.911548501329762728e-01,-2.781461415733283427e-01,-4.319236113080446859e-01,-3.284657292375768312e-01,-1.608443078760414258e+00,2.195006352453660714e+00
1.680277315226000071e+09,2.400000000000000000e+01,-4.906085620771020728e-01,-2.812580636296341807e-01,-4.344560840526884293e-01,-3.297625088718085795e-01,-1.606680296215899917e+00,2.196081475272888994e+00
1.680277315230000019e+09,2.400000000000000000e+01,-4.906085620771020728e-01,-2.812580636296341807e-01,-4.344560840526884293e-01,-3.297625088718085795e-01,-1.606680296215899917e+00,2.196081475272888994e+00
1.680277315236999989e+09,2.400000000000000000e+01,-4.901146338987876216e-01,-2.841849807852286913e-01,-4.368436944694167323e-01,-3.309737673726926843e-01,-1.605025724085009431e+00,2.197041406361486260e+00
1.680277315240999937e+09,2.400000000000000000e+01,-4.896591029640171011e-01,-2.869111850768438776e-01,-4.390567719609455022e-01,-3.321169580327489879e-01,-1.603475871709238332e+00,2.197961194877287028e+00
1.680277315244999886e+09,2.400000000000000000e+01,-4.896591029640171011e-01,-2.869111850768438776e-01,-4.390567719609455022e-01,-3.321169580327489879e-01,-1.603475871709238332e+00,2.197961194877287028e+00
1.680277315249000072e+09,2.400000000000000000e+01,-4.892419692727905112e-01,-2.894454031507396330e-01,-4.411180058075508392e-01,-3.331746275594575368e-01,-1.602034229747091088e+00,2.198805934235251947e+00
1.680277315253000021e+09,2.400000000000000000e+01,-4.892419692727905112e-01,-2.894454031507396330e-01,-4.411180058075508392e-01,-3.331746275594575368e-01,-1.602034229747091088e+00,2.198805934235251947e+00
1.680277315257999897e+09,2.400000000000000000e+01,-4.888004009720359200e-01,-2.922274579784185922e-01,-4.433747165303795201e-01,-3.343178182195138404e-01,-1.600449470786280193e+00,2.199727468080305393e+00
1.680277315262000084e+09,2.400000000000000000e+01,-4.888004009720359200e-01,-2.922274579784185922e-01,-4.433747165303795201e-01,-3.343178182195138404e-01,-1.600449470786280193e+00,2.199727468080305393e+00
1.680277315269000053e+09,2.400000000000000000e+01,-4.882925101597055950e-01,-2.954022118877962511e-01,-4.459490771770711071e-01,-3.356495044387854954e-01,-1.598650036327474044e+00,2.200802590899533673e+00
1.680277315276000023e+09,2.500000000000000000e+01,-4.877724020426112417e-01,-2.985856924434339144e-01,-4.485356551285267779e-01,-3.369637373655371970e-01,-1.596834893905400010e+00,2.201837571145966344e+00
1.680277315279999971e+09,2.500000000000000000e+01,-4.872522939255169439e-01,-3.017883716208434874e-01,-4.511204877507303257e-01,-3.382936782555568955e-01,-1.595018006154073964e+00,2.202912693965195068e+00
1.680277315286000013e+09,2.500000000000000000e+01,-4.872522939255169439e-01,-3.017883716208434874e-01,-4.511204877507303257e-01,-3.382936782555568955e-01,-1.595018006154073964e+00,2.202912693965195068e+00
1.680277315292999983e+09,2.500000000000000000e+01,-4.867705830519665211e-01,-3.048060458975416775e-01,-4.535639487035224016e-01,-3.395572966340008048e-01,-1.593309328816371551e+00,2.203911022297335709e+00
1.680277315296999931e+09,2.500000000000000000e+01,-4.863272694219599734e-01,-3.076334792857725597e-01,-4.558538206821389771e-01,-3.407336485498450029e-01,-1.591689663270520860e+00,2.204830810813136477e+00
1.680277315301000118e+09,2.500000000000000000e+01,-4.863272694219599734e-01,-3.076334792857725597e-01,-4.558538206821389771e-01,-3.407336485498450029e-01,-1.591689663270520860e+00,2.204830810813136477e+00
1.680277315305000067e+09,2.500000000000000000e+01,-4.859240983647492573e-01,-3.102776531025439044e-01,-4.579918490158320088e-01,-3.418436779541134118e-01,-1.590193916101561689e+00,2.205675550171101840e+00
1.680277315309000015e+09,2.500000000000000000e+01,-4.859240983647492573e-01,-3.102776531025439044e-01,-4.579918490158320088e-01,-3.418436779541134118e-01,-1.590193916101561689e+00,2.205675550171101840e+00
1.680277315312999964e+09,2.500000000000000000e+01,-4.854947473687586945e-01,-3.130963598445147822e-01,-4.602695036896846115e-01,-3.430200298699575545e-01,-1.588572505226458986e+00,2.206597084016154842e+00
1.680277315316999912e+09,2.500000000000000000e+01,-4.854947473687586945e-01,-3.130963598445147822e-01,-4.602695036896846115e-01,-3.430200298699575545e-01,-1.588572505226458986e+00,2.206597084016154842e+00
1.680277315321000099e+09,2.500000000000000000e+01,-4.850008191904442434e-01,-3.163444175824762228e-01,-4.628997148724400823e-01,-3.443691693817491628e-01,-1.586739909511864832e+00,2.207672206835383566e+00
1.680277315325000048e+09,2.500000000000000000e+01,-4.850008191904442434e-01,-3.163444175824762228e-01,-4.628997148724400823e-01,-3.443691693817491628e-01,-1.586739909511864832e+00,2.207672206835383566e+00
1.680277315332999945e+09,2.600000000000000000e+01,-4.845068910121299033e-01,-3.196186552592175656e-01,-4.655403980307075140e-01,-3.457340168568087679e-01,-1.584868916553726859e+00,2.208707187081816237e+00
1.680277315336999893e+09,2.600000000000000000e+01,-4.840112175045634957e-01,-3.228946382652109204e-01,-4.681810811889748902e-01,-3.470988643318683176e-01,-1.582999668924841119e+00,2.209782309901044517e+00
1.680277315341000080e+09,2.600000000000000000e+01,-4.840112175045634957e-01,-3.228946382652109204e-01,-4.681810811889748902e-01,-3.470988643318683176e-01,-1.582999668924841119e+00,2.209782309901044517e+00
1.680277315345000029e+09,2.600000000000000000e+01,-4.835434692650289468e-01,-3.260135416385248064e-01,-4.706908646533427554e-01,-3.484130972586200192e-01,-1.581236886380326778e+00,2.210742240989641338e+00
1.680277315348999977e+09,2.600000000000000000e+01,-4.835434692650289468e-01,-3.260135416385248064e-01,-4.706908646533427554e-01,-3.484130972586200192e-01,-1.581236886380326778e+00,2.210742240989641338e+00
1.680277315352999926e+09,2.600000000000000000e+01,-4.831019009642744666e-01,-3.289422041233713290e-01,-4.730575311190470256e-01,-3.496243557595040685e-01,-1.579563115627664160e+00,2.211702172078238160e+00
1.680277315357000113e+09,2.600000000000000000e+01,-4.831019009642744666e-01,-3.289422041233713290e-01,-4.730575311190470256e-01,-3.496243557595040685e-01,-1.579563115627664160e+00,2.211702172078238160e+00
1.680277315361000061e+09,2.600000000000000000e+01,-4.826969845778117940e-01,-3.317050603292782673e-01,-4.752706086105759065e-01,-3.507849997120803254e-01,-1.577997555288625176e+00,2.212545166106951289e+00
1.680277315365000010e+09,2.600000000000000000e+01,-4.826969845778117940e-01,-3.317050603292782673e-01,-4.752706086105759065e-01,-3.507849997120803254e-01,-1.577997555288625176e+00,2.212545166106951289e+00
1.680277315368999958e+09,2.600000000000000000e+01,-4.822938135206010779e-01,-3.345586736562890517e-01,-4.775709525647043874e-01,-3.519788049204444214e-01,-1.576358691121002575e+00,2.213466699952004735e+00
1.680277315372999907e+09,2.600000000000000000e+01,-4.822938135206010779e-01,-3.345586736562890517e-01,-4.775709525647043874e-01,-3.519788049204444214e-01,-1.576358691121002575e+00,2.213466699952004735e+00
1.680277315377000093e+09,2.600000000000000000e+01,-4.818121026470505996e-01,-3.378905071983462349e-01,-4.802447969787597137e-01,-3.533785589805438776e-01,-1.574471990199596716e+00,2.214503425527689195e+00
1.680277315381000042e+09,2.600000000000000000e+01,-4.818121026470505996e-01,-3.378905071983462349e-01,-4.802447969787597137e-01,-3.533785589805438776e-01,-1.574471990199596716e+00,2.214503425527689195e+00
1.680277315388000011e+09,2.700000000000000000e+01,-4.813181744687362595e-01,-3.412380487036713594e-01,-4.829291133683269455e-01,-3.547765677113913774e-01,-1.572566090656418725e+00,2.215540151103374100e+00
1.680277315391999960e+09,2.700000000000000000e+01,-4.808364635951858368e-01,-3.445960621845084448e-01,-4.856239017334062491e-01,-3.561937750640107314e-01,-1.570661936442492967e+00,2.216613528593350591e+00
1.680277315395999908e+09,2.700000000000000000e+01,-4.808364635951858368e-01,-3.445960621845084448e-01,-4.856239017334062491e-01,-3.561937750640107314e-01,-1.570661936442492967e+00,2.216613528593350591e+00
1.680277315401000023e+09,2.700000000000000000e+01,-4.803809326604153163e-01,-3.477795427401461081e-01,-4.881773184290739698e-01,-3.575237159540304299e-01,-1.568845048691166921e+00,2.217573459681946968e+00
1.680277315404999971e+09,2.700000000000000000e+01,-4.803809326604153163e-01,-3.477795427401461081e-01,-4.881773184290739698e-01,-3.575237159540304299e-01,-1.568845048691166921e+00,2.217573459681946968e+00
1.680277315408999920e+09,2.700000000000000000e+01,-4.799515816644246424e-01,-3.508076889923562036e-01,-4.905998354308420684e-01,-3.587873343324742836e-01,-1.567117172731692376e+00,2.218494993527000414e+00
1.680277315413000107e+09,2.700000000000000000e+01,-4.799515816644246424e-01,-3.508076889923562036e-01,-4.905998354308420684e-01,-3.587873343324742836e-01,-1.567117172731692376e+00,2.218494993527000414e+00
1.680277315417000055e+09,2.700000000000000000e+01,-4.795484106072139818e-01,-3.536525756731069836e-01,-4.928897074094586439e-01,-3.599811395408384351e-01,-1.565497507185841686e+00,2.219378130128509596e+00
1.680277315421000004e+09,2.700000000000000000e+01,-4.795484106072139818e-01,-3.536525756731069836e-01,-4.928897074094586439e-01,-3.599811395408384351e-01,-1.565497507185841686e+00,2.219378130128509596e+00
1.680277315424999952e+09,2.700000000000000000e+01,-4.791452395500032657e-01,-3.565620395361815964e-01,-4.952127406438630586e-01,-3.612098513342424377e-01,-1.563860388347471098e+00,2.220221124157222725e+00
1.680277315428999901e+09,2.700000000000000000e+01,-4.791452395500032657e-01,-3.565620395361815964e-01,-4.952127406438630586e-01,-3.612098513342424377e-01,-1.563860388347471098e+00,2.220221124157222725e+00
1.680277315433000088e+09,2.700000000000000000e+01,-4.786774913104688278e-01,-3.599479782850505405e-01,-4.979180009844543231e-01,-3.626253133576098908e-01,-1.561937035511773431e+00,2.221257849732907186e+00
1.680277315437000036e+09,2.700000000000000000e+01,-4.786774913104688278e-01,-3.599479782850505405e-01,-4.979180009844543231e-01,-3.626253133576098908e-01,-1.561937035511773431e+00,2.221257849732907186e+00
1.680277315444000006e+09,2.800000000000000000e+01,-4.781957804369183496e-01,-3.633688236189594467e-01,-5.006459506053214659e-01,-3.640599740027491982e-01,-1.559996229383555866e+00,2.222256178065048271e+00
1.680277315448999882e+09,2.800000000000000000e+01,-4.777280321973839117e-01,-3.667826876358603605e-01,-5.033756455554405651e-01,-3.654928893186364935e-01,-1.558055423255337857e+00,2.223254506397188912e+00
1.680277315453000069e+09,2.800000000000000000e+01,-4.777280321973839117e-01,-3.667826876358603605e-01,-5.033756455554405651e-01,-3.654928893186364935e-01,-1.558055423255337857e+00,2.223254506397188912e+00
1.680277315457000017e+09,2.800000000000000000e+01,-4.772725012626133911e-01,-3.700481986663417544e-01,-5.059831674579201577e-01,-3.668577367936960987e-01,-1.556203628918972015e+00,2.224212692156533944e+00
1.680277315460999966e+09,2.800000000000000000e+01,-4.772725012626133911e-01,-3.700481986663417544e-01,-5.059831674579201577e-01,-3.668577367936960987e-01,-1.556203628918972015e+00,2.224212692156533944e+00
1.680277315467000008e+09,2.800000000000000000e+01,-4.768431502666227728e-01,-3.731496487471356316e-01,-5.084475723617360998e-01,-3.681545164279278470e-01,-1.554458299666977794e+00,2.225134226001586502e+00
1.680277315473000050e+09,2.800000000000000000e+01,-4.764399792094120567e-01,-3.760870378782421586e-01,-5.107932948764164482e-01,-3.694006815138518030e-01,-1.552784528914315176e+00,2.225940568116008045e+00
1.680277315476999998e+09,2.800000000000000000e+01,-4.764399792094120567e-01,-3.760870378782421586e-01,-5.107932948764164482e-01,-3.694006815138518030e-01,-1.552784528914315176e+00,2.225940568116008045e+00
1.680277315480999947e+09,2.800000000000000000e+01,-4.760350628229493841e-01,-3.790331536556085235e-01,-5.131372720618448957e-01,-3.706293933072558056e-01,-1.551128211454172456e+00,2.226785307473973408e+00
1.680277315484999895e+09,2.800000000000000000e+01,-4.760350628229493841e-01,-3.790331536556085235e-01,-5.131372720618448957e-01,-3.706293933072558056e-01,-1.551128211454172456e+00,2.226785307473973408e+00
1.680277315489000082e+09,2.800000000000000000e+01,-4.755673145834149462e-01,-3.824539989895174297e-01,-5.158652216827119830e-01,-3.720797619156631653e-01,-1.549187405325954670e+00,2.227743493233317995e+00
1.680277315497999907e+09,2.900000000000000000e+01,-4.750995663438804528e-01,-3.859394215057501132e-01,-5.186385498641310487e-01,-3.735301305240704695e-01,-1.547211692612697309e+00,2.228703424321915261e+00
1.680277315503999949e+09,2.900000000000000000e+01,-4.746178554703299746e-01,-3.894161173757228478e-01,-5.213874434360220578e-01,-3.749962070957456595e-01,-1.545253433191959624e+00,2.229663355410512082e+00
1.680277315507999897e+09,2.900000000000000000e+01,-4.746178554703299746e-01,-3.894161173757228478e-01,-5.213874434360220578e-01,-3.749962070957456595e-01,-1.545253433191959624e+00,2.229663355410512082e+00
1.680277315512000084e+09,2.900000000000000000e+01,-4.741623245355595095e-01,-3.927374789422680146e-01,-5.240281265942894340e-01,-3.763959611558451157e-01,-1.543384185563073663e+00,2.230584889255565084e+00
1.680277315516000032e+09,2.900000000000000000e+01,-4.741623245355595095e-01,-3.927374789422680146e-01,-5.240281265942894340e-01,-3.763959611558451157e-01,-1.543384185563073663e+00,2.230584889255565084e+00
1.680277315519999981e+09,2.900000000000000000e+01,-4.737329735395688912e-01,-3.959035062053857246e-01,-5.265483820341693155e-01,-3.777276473751167707e-01,-1.541584751104267514e+00,2.231389486040734393e+00
1.680277315523999929e+09,2.900000000000000000e+01,-4.737329735395688912e-01,-3.959035062053857246e-01,-5.265483820341693155e-01,-3.777276473751167707e-01,-1.541584751104267514e+00,2.231389486040734393e+00
1.680277315528000116e+09,2.900000000000000000e+01,-4.733298024823582306e-01,-3.989141991650759778e-01,-5.289272658046375586e-01,-3.789895204243087234e-01,-1.539893527059084999e+00,2.232195828155155493e+00
1.680277315532000065e+09,2.900000000000000000e+01,-4.733298024823582306e-01,-3.989141991650759778e-01,-5.289272658046375586e-01,-3.789895204243087234e-01,-1.539893527059084999e+00,2.232195828155155493e+00
1.680277315536999941e+09,2.900000000000000000e+01,-4.729266314251474590e-01,-4.019056935029942101e-01,-5.313044042458539007e-01,-3.802531388027525772e-01,-1.538219756306422381e+00,2.232963773026033216e+00
1.680277315540999889e+09,2.900000000000000000e+01,-4.729266314251474590e-01,-4.019056935029942101e-01,-5.313044042458539007e-01,-3.802531388027525772e-01,-1.538219756306422381e+00,2.232963773026033216e+00
1.680277315545000076e+09,2.900000000000000000e+01,-4.724571378563610091e-01,-4.053631907511949795e-01,-5.340428258422329488e-01,-3.817035074111598814e-01,-1.536261496885684696e+00,2.233846909627542399e+00
1.680277315549000025e+09,2.900000000000000000e+01,-4.724571378563610091e-01,-4.053631907511949795e-01,-5.340428258422329488e-01,-3.817035074111598814e-01,-1.536261496885684696e+00,2.233846909627542399e+00
1.680277315555000067e+09,2.900000000000000000e+01,-4.719754269828105864e-01,-4.088957371572315425e-01,-5.368370979746758254e-01,-3.831870372753550247e-01,-1.534285784172427336e+00,2.234730046229051581e+00
1.680277315562999964e+09,3.000000000000000000e+01,-4.715338586820559952e-01,-4.120879443591291547e-01,-5.393573534145555959e-01,-3.845344314578946765e-01,-1.532486349713621188e+00,2.235534643014220890e+00
1.680277315569000006e+09,3.000000000000000000e+01,-4.711690848683891542e-01,-4.148054220044843365e-01,-5.415058537237606995e-01,-3.856776221179509800e-01,-1.530973149252141896e+00,2.236225793398010531e+00
1.680277315575000048e+09,3.000000000000000000e+01,-4.708182736887383535e-01,-4.173762919926720105e-01,-5.435321809853260744e-01,-3.867527449371794823e-01,-1.529531507289994652e+00,2.236840149294712532e+00
1.680277315581000090e+09,3.000000000000000000e+01,-4.708182736887383535e-01,-4.173762919926720105e-01,-5.435321809853260744e-01,-3.867527449371794823e-01,-1.529531507289994652e+00,2.236840149294712532e+00
1.680277315585000038e+09,3.000000000000000000e+01,-4.704936424478673995e-01,-4.197918276774321167e-01,-5.454380805285039546e-01,-3.877772532081001366e-01,-1.528178877119699131e+00,2.237416107947870714e+00
1.680277315588999987e+09,3.000000000000000000e+01,-4.704936424478673995e-01,-4.197918276774321167e-01,-5.454380805285039546e-01,-3.877772532081001366e-01,-1.528178877119699131e+00,2.237416107947870714e+00
1.680277315595999956e+09,3.000000000000000000e+01,-4.701672658777444891e-01,-4.221602394723883989e-01,-5.473125641451458412e-01,-3.887668548939808844e-01,-1.526841954912671495e+00,2.237953669357485076e+00
1.680277315599999905e+09,3.000000000000000000e+01,-4.697780574545497023e-01,-4.250889019572348659e-01,-5.496129080992743221e-01,-3.899955666873848870e-01,-1.525204836074300685e+00,2.238606422497730897e+00
1.680277315604000092e+09,3.000000000000000000e+01,-4.697780574545497023e-01,-4.250889019572348659e-01,-5.496129080992743221e-01,-3.899955666873848870e-01,-1.525204836074300685e+00,2.238606422497730897e+00
1.680277315608000040e+09,3.000000000000000000e+01,-4.692963465809992796e-01,-4.285743244734675494e-01,-5.523635470004174541e-01,-3.914633885883122000e-01,-1.523246576653563000e+00,2.239372622039356386e+00
1.680277315611999989e+09,3.000000000000000000e+01,-4.692963465809992796e-01,-4.285743244734675494e-01,-5.523635470004174541e-01,-3.914633885883122000e-01,-1.523246576653563000e+00,2.239372622039356386e+00
1.680277315615999937e+09,3.000000000000000000e+01,-4.688006730734328720e-01,-4.321522494400559800e-01,-5.551805084131362644e-01,-3.929643717450272966e-01,-1.521251665318533508e+00,2.240178964153777930e+00
1.680277315619999886e+09,3.000000000000000000e+01,-4.688006730734328720e-01,-4.321522494400559800e-01,-5.551805084131362644e-01,-3.929643717450272966e-01,-1.521251665318533508e+00,2.240178964153777930e+00
1.680277315627000093e+09,3.100000000000000000e+01,-4.683591047726783363e-01,-4.353723819099855064e-01,-5.577112358285279958e-01,-3.943117659275669484e-01,-1.519471429481499269e+00,2.240908511781111390e+00
1.680277315631999969e+09,3.100000000000000000e+01,-4.679821136542475779e-01,-4.381160394941205904e-01,-5.598684627839930483e-01,-3.954724098801431498e-01,-1.517940775727500302e+00,2.241522867677813391e+00
1.680277315635999918e+09,3.100000000000000000e+01,-4.679821136542475779e-01,-4.381160394941205904e-01,-5.598684627839930483e-01,-3.954724098801431498e-01,-1.517940775727500302e+00,2.241522867677813391e+00
1.680277315640000105e+09,3.100000000000000000e+01,-4.676173398405807369e-01,-4.407148347503401786e-01,-5.619070073503223961e-01,-3.965649859918915499e-01,-1.516497388436101046e+00,2.242060429087427753e+00
1.680277315644000053e+09,3.100000000000000000e+01,-4.676173398405807369e-01,-4.407148347503401786e-01,-5.619070073503223961e-01,-3.965649859918915499e-01,-1.516497388436101046e+00,2.242060429087427753e+00
1.680277315648000002e+09,3.100000000000000000e+01,-4.672787459656938536e-01,-4.431670223493922034e-01,-5.638251241982641382e-01,-3.975877489335603032e-01,-1.515127304973285405e+00,2.242559593253498296e+00
1.680277315651999950e+09,3.100000000000000000e+01,-4.672787459656938536e-01,-4.431670223493922034e-01,-5.638251241982641382e-01,-3.975877489335603032e-01,-1.515127304973285405e+00,2.242559593253498296e+00
1.680277315655999899e+09,3.100000000000000000e+01,-4.669541147248228996e-01,-4.455459061198604465e-01,-5.656978624856541238e-01,-3.985948039119610042e-01,-1.513792128095509781e+00,2.242980217603228521e+00
1.680277315660000086e+09,3.100000000000000000e+01,-4.669541147248228996e-01,-4.455459061198604465e-01,-5.656978624856541238e-01,-3.985948039119610042e-01,-1.513792128095509781e+00,2.242980217603228521e+00
1.680277315664000034e+09,3.100000000000000000e+01,-4.665369810335962542e-01,-4.484728232754549015e-01,-5.679999517690345057e-01,-3.998409689978849046e-01,-1.512170717220407079e+00,2.243556176256386703e+00
1.680277315667999983e+09,3.100000000000000000e+01,-4.665369810335962542e-01,-4.484728232754549015e-01,-5.679999517690345057e-01,-3.998409689978849046e-01,-1.512170717220407079e+00,2.243556176256386703e+00
1.680277315671999931e+09,3.100000000000000000e+01,-4.660430528552818585e-01,-4.519687177671996015e-01,-5.707383733654136648e-01,-4.013087908988122177e-01,-1.510229911092189292e+00,2.244208929396632524e+00
1.680277315676000118e+09,3.100000000000000000e+01,-4.660430528552818585e-01,-4.519687177671996015e-01,-5.707383733654136648e-01,-4.013087908988122177e-01,-1.510229911092189292e+00,2.244208929396632524e+00
1.680277315680000067e+09,3.100000000000000000e+01,-4.655351620429515336e-01,-4.555640960263079298e-01,-5.735431174733686133e-01,-4.028097740555273143e-01,-1.508236745086411812e+00,2.244861682536878789e+00
1.680277315684000015e+09,3.100000000000000000e+01,-4.655351620429515336e-01,-4.555640960263079298e-01,-5.735431174733686133e-01,-4.028097740555273143e-01,-1.508236745086411812e+00,2.244861682536878789e+00
1.680277315690999985e+09,3.200000000000000000e+01,-4.650796311081809575e-01,-4.588034271180094215e-01,-5.760860621935243175e-01,-4.041746215305868639e-01,-1.506456509249377573e+00,2.245476038433580346e+00
1.680277315694999933e+09,3.200000000000000000e+01,-4.646764600509702969e-01,-4.615750099701763642e-01,-5.782432891489892590e-01,-4.053352654831631208e-01,-1.504924110166126816e+00,2.245975202599650888e+00
1.680277315698999882e+09,3.200000000000000000e+01,-4.646764600509702969e-01,-4.615750099701763642e-01,-5.782432891489892590e-01,-4.053352654831631208e-01,-1.504924110166126816e+00,2.245975202599650888e+00
1.680277315703999996e+09,3.200000000000000000e+01,-4.642994689325395385e-01,-4.641999851651757991e-01,-5.802923056908306787e-01,-4.064435495581795177e-01,-1.503465014911459452e+00,2.246397572278633792e+00
1.680277315707999945e+09,3.200000000000000000e+01,-4.642994689325395385e-01,-4.641999851651757991e-01,-5.802923056908306787e-01,-4.064435495581795177e-01,-1.503465014911459452e+00,2.246397572278633792e+00
1.680277315711999893e+09,3.200000000000000000e+01,-4.639486577528886824e-01,-4.666800980322597936e-01,-5.822331118190483545e-01,-4.074855111216201253e-01,-1.502093186119391799e+00,2.246818196628364461e+00
1.680277315716000080e+09,3.200000000000000000e+01,-4.639486577528886824e-01,-4.666800980322597936e-01,-5.822331118190483545e-01,-4.074855111216201253e-01,-1.502093186119391799e+00,2.246818196628364461e+00
1.680277315720000029e+09,3.200000000000000000e+01,-4.635961012439858142e-01,-4.690869070707599509e-01,-5.841058501064382291e-01,-4.084925661000208819e-01,-1.500758009241616175e+00,2.247163771820258837e+00
1.680277315723999977e+09,3.200000000000000000e+01,-4.635961012439858142e-01,-4.690869070707599509e-01,-5.841058501064382291e-01,-4.084925661000208819e-01,-1.500758009241616175e+00,2.247163771820258837e+00
1.680277315727999926e+09,3.200000000000000000e+01,-4.631667502479952514e-01,-4.720050975800945126e-01,-5.863852501095428993e-01,-4.097212778934248845e-01,-1.499155796988285383e+00,2.247586141499241741e+00
1.680277315732000113e+09,3.200000000000000000e+01,-4.631667502479952514e-01,-4.720050975800945126e-01,-5.863852501095428993e-01,-4.097212778934248845e-01,-1.499155796988285383e+00,2.247586141499241741e+00
1.680277315736000061e+09,3.200000000000000000e+01,-4.626606047649168829e-01,-4.755079733888470939e-01,-5.891236717059219474e-01,-4.111873544651000745e-01,-1.497214990860067596e+00,2.248085305665312283e+00
1.680277315740000010e+09,3.200000000000000000e+01,-4.626606047649168829e-01,-4.755079733888470939e-01,-5.891236717059219474e-01,-4.111873544651000745e-01,-1.497214990860067596e+00,2.248085305665312283e+00
1.680277315743999958e+09,3.200000000000000000e+01,-4.621265340138066002e-01,-4.791138236234673831e-01,-5.919179438383649350e-01,-4.127057909143351244e-01,-1.495239278146810236e+00,2.248622867074926646e+00
1.680277315747999907e+09,3.200000000000000000e+01,-4.621265340138066002e-01,-4.791138236234673831e-01,-5.919179438383649350e-01,-4.127057909143351244e-01,-1.495239278146810236e+00,2.248622867074926646e+00
1.680277315755000114e+09,3.300000000000000000e+01,-4.616448231402561220e-01,-4.823618813614288237e-01,-5.944504165830086784e-01,-4.140723837186466860e-01,-1.493457296980523763e+00,2.249083633997452925e+00
1.680277315759000063e+09,3.300000000000000000e+01,-4.612294347782814885e-01,-4.851334642135958219e-01,-5.965971715629616590e-01,-4.152312823419709309e-01,-1.491926643226524796e+00,2.249467606432891564e+00
1.680277315763000011e+09,3.300000000000000000e+01,-4.612294347782814885e-01,-4.851334642135958219e-01,-5.965971715629616590e-01,-4.152312823419709309e-01,-1.491926643226524796e+00,2.249467606432891564e+00
1.680277315767999887e+09,3.300000000000000000e+01,-4.608262637210708279e-01,-4.877689113841072732e-01,-5.986461881048030786e-01,-4.163238584537193865e-01,-1.490485001264377551e+00,2.249774784381242565e+00
1.680277315772000074e+09,3.300000000000000000e+01,-4.608262637210708279e-01,-4.877689113841072732e-01,-5.986461881048030786e-01,-4.163238584537193865e-01,-1.490485001264377551e+00,2.249774784381242565e+00
1.680277315776000023e+09,3.300000000000000000e+01,-4.604475272733880020e-01,-4.902472789219392002e-01,-6.005643049527447097e-01,-4.173640746879079821e-01,-1.489113172472310120e+00,2.250043565086049746e+00
1.680277315779999971e+09,3.300000000000000000e+01,-4.604475272733880020e-01,-4.902472789219392002e-01,-6.005643049527447097e-01,-4.173640746879079821e-01,-1.489113172472310120e+00,2.250043565086049746e+00
1.680277315783999920e+09,3.300000000000000000e+01,-4.600844987889732285e-01,-4.926453613141794641e-01,-6.024265712646227344e-01,-4.183885829588286920e-01,-1.487795448887054173e+00,2.250273948547312663e+00
1.680277315788000107e+09,3.300000000000000000e+01,-4.600844987889732285e-01,-4.926453613141794641e-01,-6.024265712646227344e-01,-4.183885829588286920e-01,-1.487795448887054173e+00,2.250273948547312663e+00
1.680277315792000055e+09,3.300000000000000000e+01,-4.596289678542027080e-01,-4.955635518235139148e-01,-6.046937539629634317e-01,-4.195998414597127413e-01,-1.486193236633723602e+00,2.250540983922868055e+00
1.680277315796000004e+09,3.300000000000000000e+01,-4.596289678542027080e-01,-4.955635518235139148e-01,-6.046937539629634317e-01,-4.195998414597127413e-01,-1.486193236633723602e+00,2.250540983922868055e+00
1.680277315802999973e+09,3.300000000000000000e+01,-4.590826797983284524e-01,-4.990577009860066027e-01,-6.074007596328065972e-01,-4.210676633606399433e-01,-1.484269883798025713e+00,2.250886559114762875e+00
1.680277315808000088e+09,3.300000000000000000e+01,-4.585224291084382675e-01,-5.026530792451149310e-01,-6.101723424849735400e-01,-4.225860998098750487e-01,-1.482311624377288028e+00,2.251193737063114320e+00
1.680277315812000036e+09,3.300000000000000000e+01,-4.585224291084382675e-01,-5.026530792451149310e-01,-6.101723424849735400e-01,-4.225860998098750487e-01,-1.482311624377288028e+00,2.251193737063114320e+00
1.680277315818000078e+09,3.400000000000000000e+01,-4.580023209913439697e-01,-5.058924103368163117e-01,-6.126716539738293887e-01,-4.239334939924146450e-01,-1.480531388540253790e+00,2.251462517767921057e+00
1.680277315822999954e+09,3.400000000000000000e+01,-4.575590073613374220e-01,-5.086552665427234166e-01,-6.148079369782706305e-01,-4.250941379449909019e-01,-1.479035641371294840e+00,2.251692901229184418e+00
1.680277315826999903e+09,3.400000000000000000e+01,-4.575590073613374220e-01,-5.086552665427234166e-01,-6.148079369782706305e-01,-4.250941379449909019e-01,-1.479035641371294840e+00,2.251692901229184418e+00
1.680277315831000090e+09,3.400000000000000000e+01,-4.571436189993627330e-01,-5.112819870669749189e-01,-6.168342642398358944e-01,-4.261867140567393575e-01,-1.477593999409147374e+00,2.251884887446903960e+00
1.680277315835000038e+09,3.400000000000000000e+01,-4.571436189993627330e-01,-5.112819870669749189e-01,-6.168342642398358944e-01,-4.261867140567393575e-01,-1.477593999409147374e+00,2.251884887446903960e+00
1.680277315839999914e+09,3.400000000000000000e+01,-4.567404479421520724e-01,-5.137429013122869481e-01,-6.187419091122657866e-01,-4.272094769984079998e-01,-1.476241369238851853e+00,2.252000079177535419e+00
1.680277315846999884e+09,3.400000000000000000e+01,-4.563372768849414118e-01,-5.161305117290151401e-01,-6.205814861438677665e-01,-4.282165319768087564e-01,-1.474941098946116025e+00,2.252076873664623502e+00
1.680277315851000071e+09,3.400000000000000000e+01,-4.563372768849414118e-01,-5.161305117290151401e-01,-6.205814861438677665e-01,-4.282165319768087564e-01,-1.474941098946116025e+00,2.252076873664623502e+00
1.680277315855000019e+09,3.400000000000000000e+01,-4.558555660113909891e-01,-5.190207769703177876e-01,-6.228067809401605093e-01,-4.294277904776928056e-01,-1.473373793277825028e+00,2.252192065395254961e+00
1.680277315858999968e+09,3.400000000000000000e+01,-4.558555660113909891e-01,-5.190207769703177876e-01,-6.228067809401605093e-01,-4.294277904776928056e-01,-1.473373793277825028e+00,2.252192065395254961e+00
1.680277315862999916e+09,3.400000000000000000e+01,-4.552691353827209020e-01,-5.224974728402904667e-01,-6.254806253542158911e-01,-4.308781590861001098e-01,-1.471469639063899271e+00,2.252268859882342600e+00
1.680277315867000103e+09,3.400000000000000000e+01,-4.552691353827209020e-01,-5.224974728402904667e-01,-6.254806253542158911e-01,-4.308781590861001098e-01,-1.471469639063899271e+00,2.252268859882342600e+00
1.680277315871000051e+09,3.400000000000000000e+01,-4.546582701445228691e-01,-5.260666711606188928e-01,-6.282190469505950503e-01,-4.323634342795472651e-01,-1.469528832935681706e+00,2.252384051612974059e+00
1.680277315875000000e+09,3.400000000000000000e+01,-4.546582701445228691e-01,-5.260666711606188928e-01,-6.282190469505950503e-01,-4.323634342795472651e-01,-1.469528832935681706e+00,2.252384051612974059e+00
1.680277315881999969e+09,3.500000000000000000e+01,-4.541119820886486136e-01,-5.292868036305483637e-01,-6.306956691591749653e-01,-4.336933751695669637e-01,-1.467783503683687485e+00,2.252460846100061698e+00
1.680277315887000084e+09,3.500000000000000000e+01,-4.536302712150981908e-01,-5.320304612146834478e-01,-6.327987909078280904e-01,-4.348383111588752237e-01,-1.466287756514728091e+00,2.252537640587149781e+00
1.680277315891000032e+09,3.500000000000000000e+01,-4.536302712150981908e-01,-5.320304612146834478e-01,-6.327987909078280904e-01,-4.348383111588752237e-01,-1.466287756514728091e+00,2.252537640587149781e+00
1.680277315894999981e+09,3.500000000000000000e+01,-4.531747402803276703e-01,-5.346292564709030914e-01,-6.347937022428576936e-01,-4.359116886488517140e-01,-1.464881021137620642e+00,2.252537640587149781e+00
1.680277315898999929e+09,3.500000000000000000e+01,-4.531747402803276703e-01,-5.346292564709030914e-01,-6.347937022428576936e-01,-4.359116886488517140e-01,-1.464881021137620642e+00,2.252537640587149781e+00
1.680277315903000116e+09,3.500000000000000000e+01,-4.527453892843370520e-01,-5.370814440699550607e-01,-6.366664405302474572e-01,-4.369361969197724238e-01,-1.463545844259845019e+00,2.252499243343605517e+00
1.680277315907000065e+09,3.500000000000000000e+01,-4.527453892843370520e-01,-5.370814440699550607e-01,-6.366664405302474572e-01,-4.369361969197724238e-01,-1.463545844259845019e+00,2.252499243343605517e+00
1.680277315911000013e+09,3.500000000000000000e+01,-4.523160382883464892e-01,-5.394411292186513940e-01,-6.384746016353135545e-01,-4.379083453131332737e-01,-1.462263027259629089e+00,2.252422448856518322e+00
1.680277315914999962e+09,3.500000000000000000e+01,-4.523160382883464892e-01,-5.394411292186513940e-01,-6.384746016353135545e-01,-4.379083453131332737e-01,-1.462263027259629089e+00,2.252422448856518322e+00
1.680277315918999910e+09,3.500000000000000000e+01,-4.517819675372362065e-01,-5.423052145211740838e-01,-6.406667351758186246e-01,-4.391038958507493817e-01,-1.460714920213110224e+00,2.252268859882342600e+00
1.680277315923000097e+09,3.500000000000000000e+01,-4.517819675372362065e-01,-5.423052145211740838e-01,-6.406667351758186246e-01,-4.391038958507493817e-01,-1.460714920213110224e+00,2.252268859882342600e+00
1.680277315927000046e+09,3.500000000000000000e+01,-4.511449223602582714e-01,-5.457452584768548443e-01,-6.432952010293220280e-01,-4.405368111666367326e-01,-1.458845672584224262e+00,2.252153668151711141e+00
1.680277315930999994e+09,3.500000000000000000e+01,-4.511449223602582714e-01,-5.457452584768548443e-01,-6.432952010293220280e-01,-4.405368111666367326e-01,-1.458845672584224262e+00,2.252153668151711141e+00
1.680277315934999943e+09,3.500000000000000000e+01,-4.504939145492643515e-01,-5.492778048828914628e-01,-6.459917347236532326e-01,-4.419871797750440368e-01,-1.456939773041046493e+00,2.252000079177535419e+00
1.680277315938999891e+09,3.500000000000000000e+01,-4.504939145492643515e-01,-5.492778048828914628e-01,-6.459917347236532326e-01,-4.419871797750440368e-01,-1.456939773041046493e+00,2.252000079177535419e+00
1.680277315946000099e+09,3.600000000000000000e+01,-4.498952666158303471e-01,-5.524612854385291261e-01,-6.484125063961693192e-01,-4.433014127017957384e-01,-1.455211897081572170e+00,2.251846490203359696e+00
1.680277315950999975e+09,3.600000000000000000e+01,-4.493891211327519786e-01,-5.551787630838842524e-01,-6.504842122182866726e-01,-4.444271500693320887e-01,-1.453752801826904806e+00,2.251692901229184418e+00
1.680277315954999924e+09,3.600000000000000000e+01,-4.493891211327519786e-01,-5.551787630838842524e-01,-6.504842122182866726e-01,-4.444271500693320887e-01,-1.453752801826904806e+00,2.251692901229184418e+00
1.680277315960999966e+09,3.600000000000000000e+01,-4.488934476251855710e-01,-5.577304344503000166e-01,-6.524232730172523365e-01,-4.454848195960406376e-01,-1.452363519742317255e+00,2.251500915011464876e+00
1.680277315966000080e+09,3.600000000000000000e+01,-4.484256993856511331e-01,-5.601372434888001184e-01,-6.542419060978305057e-01,-4.464744212819214408e-01,-1.451064994778833439e+00,2.251270531550201959e+00
1.680277315970000029e+09,3.600000000000000000e+01,-4.484256993856511331e-01,-5.601372434888001184e-01,-6.542419060978305057e-01,-4.464744212819214408e-01,-1.451064994778833439e+00,2.251270531550201959e+00
1.680277315973999977e+09,3.600000000000000000e+01,-4.479579511461166397e-01,-5.624515500769446952e-01,-6.560064339715966364e-01,-4.474308617120142939e-01,-1.449799631071137851e+00,2.250963353601850514e+00
1.680277315977999926e+09,3.600000000000000000e+01,-4.479579511461166397e-01,-5.624515500769446952e-01,-6.560064339715966364e-01,-4.474308617120142939e-01,-1.449799631071137851e+00,2.250963353601850514e+00
1.680277315983000040e+09,3.600000000000000000e+01,-4.473715205174465526e-01,-5.652877101114354153e-01,-6.581654062563135899e-01,-4.486072136278584921e-01,-1.448268977317138662e+00,2.250617778409955694e+00
1.680277315986999989e+09,3.600000000000000000e+01,-4.473715205174465526e-01,-5.652877101114354153e-01,-6.581654062563135899e-01,-4.486072136278584921e-01,-1.448268977317138662e+00,2.250617778409955694e+00
1.680277315990999937e+09,3.600000000000000000e+01,-4.466821154629087576e-01,-5.686823755065644193e-01,-6.607292949274933269e-01,-4.499895143954379950e-01,-1.446417182980772598e+00,2.250197154060225024e+00
1.680277315994999886e+09,3.600000000000000000e+01,-4.466821154629087576e-01,-5.686823755065644193e-01,-6.607292949274933269e-01,-4.499895143954379950e-01,-1.446417182980772598e+00,2.250197154060225024e+00
1.680277315999000072e+09,3.600000000000000000e+01,-4.459665304695910604e-01,-5.721590713765370984e-01,-6.633699780857607031e-01,-4.514224297113253459e-01,-1.444547935351886636e+00,2.249736387137698745e+00
1.680277316003000021e+09,3.600000000000000000e+01,-4.459665304695910604e-01,-5.721590713765370984e-01,-6.633699780857607031e-01,-4.514224297113253459e-01,-1.444547935351886636e+00,2.249736387137698745e+00
1.680277316007999897e+09,3.700000000000000000e+01,-4.453294852926131253e-01,-5.752971733716228941e-01,-6.657366445514650843e-01,-4.527017560530371965e-01,-1.442837512684932211e+00,2.249314017458716286e+00
1.680277316015000105e+09,3.700000000000000000e+01,-4.447692346027229959e-01,-5.779588004809143031e-01,-6.677402825327545255e-01,-4.537943321647856521e-01,-1.441413324015304864e+00,2.248968442266821466e+00
1.680277316019000053e+09,3.700000000000000000e+01,-4.447692346027229959e-01,-5.779588004809143031e-01,-6.677402825327545255e-01,-4.537943321647856521e-01,-1.441413324015304864e+00,2.248968442266821466e+00
1.680277316023000002e+09,3.700000000000000000e+01,-4.442351638516127132e-01,-5.804476399942580800e-01,-6.696252381249084840e-01,-4.548188404357063619e-01,-1.440060693845009343e+00,2.248546072587838562e+00
1.680277316026999950e+09,3.700000000000000000e+01,-4.442351638516127132e-01,-5.804476399942580800e-01,-6.696252381249084840e-01,-4.548188404357063619e-01,-1.440060693845009343e+00,2.248546072587838562e+00
1.680277316030999899e+09,3.700000000000000000e+01,-4.437150557345183599e-01,-5.827811452041745666e-01,-6.713792940231626538e-01,-4.557735355365472585e-01,-1.438797075466565323e+00,2.248085305665312283e+00
1.680277316035000086e+09,3.700000000000000000e+01,-4.437150557345183599e-01,-5.827811452041745666e-01,-6.713792940231626538e-01,-4.557735355365472585e-01,-1.438797075466565323e+00,2.248085305665312283e+00
1.680277316039000034e+09,3.700000000000000000e+01,-4.432071649221880350e-01,-5.850500732317671648e-01,-6.730879713608651782e-01,-4.566950693816002049e-01,-1.437550910380641422e+00,2.247586141499241741e+00
1.680277316042999983e+09,3.700000000000000000e+01,-4.432071649221880350e-01,-5.850500732317671648e-01,-6.730879713608651782e-01,-4.566950693816002049e-01,-1.437550910380641422e+00,2.247586141499241741e+00
1.680277316046999931e+09,3.700000000000000000e+01,-4.425701197452100999e-01,-5.878408547057061284e-01,-6.751806211340064534e-01,-4.578382600416565085e-01,-1.436035964589910563e+00,2.246933388358995920e+00
1.680277316051000118e+09,3.700000000000000000e+01,-4.425701197452100999e-01,-5.878408547057061284e-01,-6.751806211340064534e-01,-4.578382600416565085e-01,-1.436035964589910563e+00,2.246933388358995920e+00
1.680277316055000067e+09,3.700000000000000000e+01,-4.418021748743326538e-01,-5.911604709429993942e-01,-6.776781872936102902e-01,-4.591873995534481168e-01,-1.434238275460356205e+00,2.246167188817370430e+00
1.680277316059000015e+09,3.700000000000000000e+01,-4.418021748743326538e-01,-5.911604709429993942e-01,-6.776781872936102902e-01,-4.591873995534481168e-01,-1.434238275460356205e+00,2.246167188817370430e+00
1.680277316062999964e+09,3.700000000000000000e+01,-4.410220126986911238e-01,-5.945638629843883471e-01,-6.802316039892780664e-01,-4.605679549917756632e-01,-1.432386481123990141e+00,2.245399243946493151e+00
1.680277316066999912e+09,3.700000000000000000e+01,-4.410220126986911238e-01,-5.945638629843883471e-01,-6.802316039892780664e-01,-4.605679549917756632e-01,-1.432386481123990141e+00,2.245399243946493151e+00
1.680277316072000027e+09,3.800000000000000000e+01,-4.403064277053734266e-01,-5.976391331264022666e-01,-6.825336932726584482e-01,-4.617966667851796658e-01,-1.430730163663847643e+00,2.244669696319159247e+00
1.680277316078999996e+09,3.800000000000000000e+01,-4.396955624671754492e-01,-6.002274564071099494e-01,-6.844727540716241121e-01,-4.628560816411402268e-01,-1.429323428286740194e+00,2.244016943178913426e+00
1.680277316082999945e+09,3.800000000000000000e+01,-4.396955624671754492e-01,-6.002274564071099494e-01,-6.844727540716241121e-01,-4.628560816411402268e-01,-1.429323428286740194e+00,2.244016943178913426e+00
1.680277316086999893e+09,3.800000000000000000e+01,-4.391091318385053621e-01,-6.026517187381300600e-01,-6.862913871522022813e-01,-4.638282300345010212e-01,-1.428005704701484690e+00,2.243364190038667605e+00
1.680277316091000080e+09,3.800000000000000000e+01,-4.391091318385053621e-01,-6.026517187381300600e-01,-6.862913871522022813e-01,-4.638282300345010212e-01,-1.428005704701484690e+00,2.243364190038667605e+00
1.680277316095000029e+09,3.800000000000000000e+01,-4.385628437826311621e-01,-6.049031934732027604e-01,-6.879669032341168000e-01,-4.647323105870340698e-01,-1.426778738237332478e+00,2.242674784984129754e+00
1.680277316098999977e+09,3.800000000000000000e+01,-4.385628437826311621e-01,-6.049031934732027604e-01,-6.879669032341168000e-01,-4.647323105870340698e-01,-1.426778738237332478e+00,2.242674784984129754e+00
1.680277316102999926e+09,3.800000000000000000e+01,-4.379903757879770043e-01,-6.070988176722115215e-01,-6.896110033894955471e-01,-4.656189378470472762e-01,-1.425567479736448373e+00,2.241906840113252031e+00
1.680277316107000113e+09,3.800000000000000000e+01,-4.379903757879770043e-01,-6.070988176722115215e-01,-6.896110033894955471e-01,-4.656189378470472762e-01,-1.425567479736448373e+00,2.241906840113252031e+00
1.680277316114000082e+09,3.800000000000000000e+01,-4.372870080994232800e-01,-6.098442205855986176e-01,-6.916495479558248949e-01,-4.667289672513155740e-01,-1.424071732567489201e+00,2.240946909024655653e+00
1.680277316118999958e+09,3.800000000000000000e+01,-4.364422687414580282e-01,-6.131010049698201181e-01,-6.940703196283409815e-01,-4.680257468855473779e-01,-1.422291496730454963e+00,2.239833388961883109e+00
1.680277316127000093e+09,3.900000000000000000e+01,-4.355835667494768471e-01,-6.164118945608533240e-01,-6.965364698614090466e-01,-4.693399798122991906e-01,-1.420492062271648814e+00,2.238683216984818536e+00
1.680277316134000063e+09,3.900000000000000000e+01,-4.347248647574956104e-01,-6.196878775668466233e-01,-6.989677135094370941e-01,-4.706524674097988803e-01,-1.418694373142094900e+00,2.237492902434958797e+00
1.680277316138000011e+09,3.900000000000000000e+01,-4.347248647574956104e-01,-6.196878775668466233e-01,-6.989677135094370941e-01,-4.706524674097988803e-01,-1.418694373142094900e+00,2.237492902434958797e+00
1.680277316141999960e+09,3.900000000000000000e+01,-4.338783800702783466e-01,-6.227893276476406115e-01,-7.012698027928175870e-01,-4.718811792032028829e-01,-1.417003149096912162e+00,2.236264190641554794e+00
1.680277316145999908e+09,3.900000000000000000e+01,-4.338783800702783466e-01,-6.227893276476406115e-01,-7.012698027928175870e-01,-4.718811792032028829e-01,-1.417003149096912162e+00,2.236264190641554794e+00
1.680277316151000023e+09,3.900000000000000000e+01,-4.330720379558569699e-01,-6.257075181569751177e-01,-7.034287750775346515e-01,-4.730243698632591864e-01,-1.415400936843581592e+00,2.235075621420945957e+00
1.680277316157999992e+09,3.900000000000000000e+01,-4.322918757802154954e-01,-6.284337224485901929e-01,-7.054324130588240926e-01,-4.740994926824876887e-01,-1.413905189674622420e+00,2.233808512383998579e+00
1.680277316161999941e+09,3.900000000000000000e+01,-4.322918757802154954e-01,-6.284337224485901929e-01,-7.054324130588240926e-01,-4.740994926824876887e-01,-1.413905189674622420e+00,2.233808512383998579e+00
1.680277316165999889e+09,3.900000000000000000e+01,-4.314837883365421622e-01,-6.311512000939454303e-01,-7.074377963693655458e-01,-4.751571622091962377e-01,-1.412409442505663248e+00,2.232503006103506493e+00
1.680277316170000076e+09,3.900000000000000000e+01,-4.314837883365421622e-01,-6.311512000939454303e-01,-7.074377963693655458e-01,-4.751571622091962377e-01,-1.412409442505663248e+00,2.232503006103506493e+00
1.680277316174000025e+09,3.900000000000000000e+01,-4.305605091622371483e-01,-6.342980287352911750e-01,-7.097608296037700715e-01,-4.763858740026002403e-01,-1.410664113253669028e+00,2.230968861691003724e+00
1.680277316177999973e+09,3.900000000000000000e+01,-4.305605091622371483e-01,-6.342980287352911750e-01,-7.097608296037700715e-01,-4.763858740026002403e-01,-1.410664113253669028e+00,2.230968861691003724e+00
1.680277316184999943e+09,4.000000000000000000e+01,-4.296110500491521766e-01,-6.374919812664407992e-01,-7.121065521184504199e-01,-4.776320390885241962e-01,-1.408901330709154687e+00,2.229394574705704901e+00
1.680277316190000057e+09,4.000000000000000000e+01,-4.286476283020513312e-01,-6.406667351758186246e-01,-7.144400573283667955e-01,-4.788607508819281988e-01,-1.407138548164640124e+00,2.227781890476862259e+00
1.680277316194000006e+09,4.000000000000000000e+01,-4.286476283020513312e-01,-6.406667351758186246e-01,-7.144400573283667955e-01,-4.788607508819281988e-01,-1.407138548164640124e+00,2.227781890476862259e+00
1.680277316197999954e+09,4.000000000000000000e+01,-4.277243491277463172e-01,-6.436495028674767971e-01,-7.166199735641077817e-01,-4.800213948345044557e-01,-1.405482230704497626e+00,2.226170951577271406e+00
1.680277316201999903e+09,4.000000000000000000e+01,-4.277243491277463172e-01,-6.436495028674767971e-01,-7.166199735641077817e-01,-4.800213948345044557e-01,-1.405482230704497626e+00,2.226170951577271406e+00
1.680277316206000090e+09,4.000000000000000000e+01,-4.268272498922212610e-01,-6.464298123659037998e-01,-7.186585181304371295e-01,-4.810790643612130046e-01,-1.403934123657978539e+00,2.224558267348428764e+00
1.680277316210000038e+09,4.000000000000000000e+01,-4.268272498922212610e-01,-6.464298123659037998e-01,-7.186585181304371295e-01,-4.810790643612130046e-01,-1.403934123657978539e+00,2.224558267348428764e+00
1.680277316213999987e+09,4.000000000000000000e+01,-4.259807652050039972e-01,-6.490006823540914738e-01,-7.205312564178270041e-01,-4.820686660470938079e-01,-1.402492481695831295e+00,2.222985725692381731e+00
1.680277316217999935e+09,4.000000000000000000e+01,-4.259807652050039972e-01,-6.490006823540914738e-01,-7.205312564178270041e-01,-4.820686660470938079e-01,-1.402492481695831295e+00,2.222985725692381731e+00
1.680277316221999884e+09,4.000000000000000000e+01,-4.250836659694789410e-01,-6.516169309028309042e-01,-7.224389012902567853e-01,-4.830757210254945089e-01,-1.401031641111912140e+00,2.221257849732907186e+00
1.680277316226000071e+09,4.000000000000000000e+01,-4.250836659694789410e-01,-6.516169309028309042e-01,-7.224389012902567853e-01,-4.830757210254945089e-01,-1.401031641111912140e+00,2.221257849732907186e+00
1.680277316230000019e+09,4.000000000000000000e+01,-4.240556670400543182e-01,-6.546363505087811063e-01,-7.246415068062737053e-01,-4.842189116855508124e-01,-1.399322963774209505e+00,2.219262938397877694e+00
1.680277316233999968e+09,4.000000000000000000e+01,-4.240556670400543182e-01,-6.546363505087811063e-01,-7.246415068062737053e-01,-4.842189116855508124e-01,-1.399322963774209505e+00,2.219262938397877694e+00
1.680277316242000103e+09,4.100000000000000000e+01,-4.230014881718496822e-01,-6.576924220290232270e-01,-7.268545842978024751e-01,-4.853778103088750018e-01,-1.397612541107255080e+00,2.217266281733596411e+00
1.680277316246000051e+09,4.100000000000000000e+01,-4.219350919988811843e-01,-6.607484935492652367e-01,-7.290676617893313560e-01,-4.865210009689313053e-01,-1.395886410477032769e+00,2.215194575911478836e+00
1.680277316250000000e+09,4.100000000000000000e+01,-4.219350919988811843e-01,-6.607484935492652367e-01,-7.290676617893313560e-01,-4.865210009689313053e-01,-1.395886410477032769e+00,2.215194575911478836e+00
1.680277316253999949e+09,4.100000000000000000e+01,-4.209193103742204789e-01,-6.635846535837560678e-01,-7.311166783311725537e-01,-4.875804158248918663e-01,-1.394264999601930066e+00,2.213121124760109470e+00
1.680277316257999897e+09,4.100000000000000000e+01,-4.209193103742204789e-01,-6.635846535837560678e-01,-7.311166783311725537e-01,-4.875804158248918663e-01,-1.394264999601930066e+00,2.213121124760109470e+00
1.680277316265000105e+09,4.100000000000000000e+01,-4.199297086883396202e-01,-6.662009021324954983e-01,-7.330121058988384730e-01,-4.885525642182527162e-01,-1.392770997762222907e+00,2.211126213425079978e+00
1.680277316269999981e+09,4.100000000000000000e+01,-4.190064295140347173e-01,-6.685989845247357621e-01,-7.347312552120529583e-01,-4.894391914782658670e-01,-1.391399168970155475e+00,2.209167954004342516e+00
1.680277316273999929e+09,4.100000000000000000e+01,-4.190064295140347173e-01,-6.685989845247357621e-01,-7.347312552120529583e-01,-4.894391914782658670e-01,-1.391399168970155475e+00,2.209167954004342516e+00
1.680277316278000116e+09,4.100000000000000000e+01,-4.180185731574059260e-01,-6.710965506843397099e-01,-7.365289443416070947e-01,-4.903607253233188690e-01,-1.389938328386236321e+00,2.207019453695137745e+00
1.680277316282000065e+09,4.100000000000000000e+01,-4.180185731574059260e-01,-6.710965506843397099e-01,-7.365289443416070947e-01,-4.903607253233188690e-01,-1.389938328386236321e+00,2.207019453695137745e+00
1.680277316286000013e+09,4.100000000000000000e+01,-4.168596745340816256e-01,-6.739693626331223486e-01,-7.386006501637243371e-01,-4.914026868867594766e-01,-1.388283756255345613e+00,2.204563775437581530e+00
1.680277316289999962e+09,4.100000000000000000e+01,-4.168596745340816256e-01,-6.739693626331223486e-01,-7.386006501637243371e-01,-4.914026868867594766e-01,-1.388283756255345613e+00,2.204563775437581530e+00
1.680277316296999931e+09,4.200000000000000000e+01,-4.157025212400094483e-01,-6.768596278744248851e-01,-7.406706106565895675e-01,-4.924429031209480723e-01,-1.386609985502682996e+00,2.202067954607229705e+00
1.680277316302000046e+09,4.200000000000000000e+01,-4.145174426779052457e-01,-6.797516384449795446e-01,-7.427423164787068099e-01,-4.934831193551367234e-01,-1.384918761457500480e+00,2.199497084619042031e+00
1.680277316305999994e+09,4.200000000000000000e+01,-4.145174426779052457e-01,-6.797516384449795446e-01,-7.427423164787068099e-01,-4.934831193551367234e-01,-1.384918761457500480e+00,2.199497084619042031e+00
1.680277316309999943e+09,4.200000000000000000e+01,-4.133864693226129705e-01,-6.824132655542709536e-01,-7.446377440463727293e-01,-4.944395597852295765e-01,-1.383351455789209483e+00,2.197003009117941996e+00
1.680277316313999891e+09,4.200000000000000000e+01,-4.133864693226129705e-01,-6.824132655542709536e-01,-7.446377440463727293e-01,-4.944395597852295765e-01,-1.383351455789209483e+00,2.197003009117941996e+00
1.680277316318000078e+09,4.200000000000000000e+01,-4.123183278203924051e-01,-6.848288012390310042e-01,-7.463568933595872146e-01,-4.952930257894548327e-01,-1.381927267119582359e+00,2.194583982774677811e+00
1.680277316322000027e+09,4.200000000000000000e+01,-4.123183278203924051e-01,-6.848288012390310042e-01,-7.463568933595872146e-01,-4.952930257894548327e-01,-1.381927267119582359e+00,2.194583982774677811e+00
1.680277316326999903e+09,4.200000000000000000e+01,-4.113165088297476846e-01,-6.870052268162679665e-01,-7.479032550768541787e-01,-4.960435173678123810e-01,-1.380626996826846531e+00,2.192243496247753498e+00
1.680277316334000111e+09,4.200000000000000000e+01,-4.101855354744552984e-01,-6.893753839404762607e-01,-7.495787711587685864e-01,-4.968620767869977306e-01,-1.379202808157218962e+00,2.189632483686770215e+00
1.680277316338000059e+09,4.200000000000000000e+01,-4.101855354744552984e-01,-6.893753839404762607e-01,-7.495787711587685864e-01,-4.968620767869977306e-01,-1.379202808157218962e+00,2.189632483686770215e+00
1.680277316342000008e+09,4.200000000000000000e+01,-4.089096997912474718e-01,-6.920649363177995284e-01,-7.514741987264345058e-01,-4.977836106320507326e-01,-1.377583142611368272e+00,2.186639244019599637e+00
1.680277316345999956e+09,4.200000000000000000e+01,-4.089096997912474718e-01,-6.920649363177995284e-01,-7.514741987264345058e-01,-4.977836106320507326e-01,-1.377583142611368272e+00,2.186639244019599637e+00
1.680277316351000071e+09,4.300000000000000000e+01,-4.076216468032756723e-01,-6.947457620488627361e-01,-7.533696262941004251e-01,-4.987051444771037345e-01,-1.375961731736265570e+00,2.183646004352429504e+00
1.680277316358000040e+09,4.300000000000000000e+01,-4.062951965717599978e-01,-6.974719663404780334e-01,-7.552877431420420562e-01,-4.996092250296367832e-01,-1.374305414276123072e+00,2.180537572954627468e+00
1.680277316361999989e+09,4.300000000000000000e+01,-4.062951965717599978e-01,-6.974719663404780334e-01,-7.552877431420420562e-01,-4.996092250296367832e-01,-1.374305414276123072e+00,2.180537572954627468e+00
1.680277316365999937e+09,4.300000000000000000e+01,-4.050455408273320179e-01,-6.999433525613019125e-01,-7.570191097600205143e-01,-5.004277844488221882e-01,-1.372792213814643780e+00,2.177544333287457334e+00
1.680277316369999886e+09,4.300000000000000000e+01,-4.050455408273320179e-01,-6.999433525613019125e-01,-7.570191097600205143e-01,-5.004277844488221882e-01,-1.372792213814643780e+00,2.177544333287457334e+00
1.680277316374000072e+09,4.300000000000000000e+01,-4.038866422040077730e-01,-7.021389767603107845e-01,-7.585532541725235056e-01,-5.011451147713917864e-01,-1.371439583644348259e+00,2.174702937265210245e+00
1.680277316378000021e+09,4.300000000000000000e+01,-4.038866422040077730e-01,-7.021389767603107845e-01,-7.585532541725235056e-01,-5.011451147713917864e-01,-1.371439583644348259e+00,2.174702937265210245e+00
1.680277316381999969e+09,4.300000000000000000e+01,-4.027940660922593175e-01,-7.040867642055365083e-01,-7.599111203305751738e-01,-5.017594706680937877e-01,-1.370210871850944256e+00,2.171978478302847293e+00
1.680277316385999918e+09,4.300000000000000000e+01,-4.027940660922593175e-01,-7.040867642055365083e-01,-7.599111203305751738e-01,-5.017594706680937877e-01,-1.370210871850944256e+00,2.171978478302847293e+00
1.680277316390000105e+09,4.300000000000000000e+01,-4.015199757383035029e-01,-7.063190403188371880e-01,-7.614557367185901260e-01,-5.024768009906634969e-01,-1.368786683181316910e+00,2.168793252417957618e+00
1.680277316394000053e+09,4.300000000000000000e+01,-4.015199757383035029e-01,-7.063190403188371880e-01,-7.614557367185901260e-01,-5.024768009906634969e-01,-1.368786683181316910e+00,2.168793252417957618e+00
1.680277316398000002e+09,4.300000000000000000e+01,-4.001010230564320813e-01,-7.087904265396611780e-01,-7.631661593855445513e-01,-5.032430005322889865e-01,-1.367219377513025913e+00,2.165262451341173122e+00
1.680277316401999950e+09,4.300000000000000000e+01,-4.001010230564320813e-01,-7.087904265396611780e-01,-7.631661593855445513e-01,-5.032430005322889865e-01,-1.367219377513025913e+00,2.165262451341173122e+00
1.680277316408999920e+09,4.400000000000000000e+01,-3.986820703745607153e-01,-7.112513407849732072e-01,-7.648748367232469647e-01,-5.039952374398984913e-01,-1.365652071844735138e+00,2.161731650264388627e+00
1.680277316413000107e+09,4.400000000000000000e+01,-3.972125031443815013e-01,-7.137489069445770440e-01,-7.665957313657133509e-01,-5.047631823107761040e-01,-1.364032406298884448e+00,2.158047260213428853e+00
1.680277316417000055e+09,4.400000000000000000e+01,-3.972125031443815013e-01,-7.137489069445770440e-01,-7.665957313657133509e-01,-5.047631823107761040e-01,-1.364032406298884448e+00,2.158047260213428853e+00
1.680277316421999931e+09,4.400000000000000000e+01,-3.958336930353059668e-01,-7.159811830578778347e-01,-7.681298757782163422e-01,-5.054281527557858977e-01,-1.362590764336736981e+00,2.154554856380188177e+00
1.680277316426000118e+09,4.400000000000000000e+01,-3.958336930353059668e-01,-7.159811830578778347e-01,-7.681298757782163422e-01,-5.054281527557858977e-01,-1.362590764336736981e+00,2.154554856380188177e+00
1.680277316430000067e+09,4.400000000000000000e+01,-3.945840372908780425e-01,-7.178923185888115288e-01,-7.694336367294560830e-01,-5.059744408116600978e-01,-1.361307947336521273e+00,2.151331233251754682e+00
1.680277316434000015e+09,4.400000000000000000e+01,-3.945840372908780425e-01,-7.178923185888115288e-01,-7.694336367294560830e-01,-5.059744408116600978e-01,-1.361307947336521273e+00,2.151331233251754682e+00
1.680277316437999964e+09,4.400000000000000000e+01,-3.934007040580258519e-01,-7.195852879632460564e-01,-7.705838087065204345e-01,-5.064352077341865987e-01,-1.360168247334968994e+00,2.148221056524700856e+00
1.680277316441999912e+09,4.400000000000000000e+01,-3.934007040580258519e-01,-7.195852879632460564e-01,-7.705838087065204345e-01,-5.064352077341865987e-01,-1.360168247334968994e+00,2.148221056524700856e+00
1.680277316447999954e+09,4.400000000000000000e+01,-3.919555714373745836e-01,-7.216255778588275271e-01,-7.719643641448479254e-01,-5.069972037533287956e-01,-1.358780710579633455e+00,2.144459871986652555e+00
1.680277316453999996e+09,4.400000000000000000e+01,-3.903952470860916346e-01,-7.238124754115764503e-01,-7.734426580212870883e-01,-5.075941063575107881e-01,-1.357267510118154163e+00,2.140391509500254141e+00
1.680277316457999945e+09,4.400000000000000000e+01,-3.903952470860916346e-01,-7.238124754115764503e-01,-7.734426580212870883e-01,-5.075941063575107881e-01,-1.357267510118154163e+00,2.140391509500254141e+00
1.680277316464999914e+09,4.500000000000000000e+01,-3.888331774055567291e-01,-7.260080996105852114e-01,-7.749226972269782632e-01,-5.081753009984250058e-01,-1.355771762949195214e+00,2.136323147013855284e+00
1.680277316469000101e+09,4.500000000000000000e+01,-3.871681332991541158e-01,-7.282595743456579118e-01,-7.764341523592054317e-01,-5.087547503100871005e-01,-1.354204457280904217e+00,2.131987749151901035e+00
1.680277316473000050e+09,4.500000000000000000e+01,-3.871681332991541158e-01,-7.282595743456579118e-01,-7.764341523592054317e-01,-5.087547503100871005e-01,-1.354204457280904217e+00,2.131987749151901035e+00
1.680277316476999998e+09,4.500000000000000000e+01,-3.856584234961790147e-01,-7.302160884371434735e-01,-7.777379133104452835e-01,-5.092329705251334993e-01,-1.352815175196316666e+00,2.127996181152590260e+00
1.680277316480999947e+09,4.500000000000000000e+01,-3.856584234961790147e-01,-7.302160884371434735e-01,-7.777379133104452835e-01,-5.092329705251334993e-01,-1.352815175196316666e+00,2.127996181152590260e+00
1.680277316484999895e+09,4.500000000000000000e+01,-3.843319732646633402e-01,-7.317991020687024672e-01,-7.787903468493977410e-01,-5.095907630217922923e-01,-1.351658021902244489e+00,2.124465380075805765e+00
1.680277316489000082e+09,4.500000000000000000e+01,-3.843319732646633402e-01,-7.317991020687024672e-01,-7.787903468493977410e-01,-5.095907630217922923e-01,-1.351658021902244489e+00,2.124465380075805765e+00
1.680277316493999958e+09,4.500000000000000000e+01,-3.830299576426756114e-01,-7.332442346893537355e-01,-7.797328246454747758e-01,-5.098979409701434040e-01,-1.350589880400024034e+00,2.120934578999021269e+00
1.680277316500000000e+09,4.500000000000000000e+01,-3.813910934750529003e-01,-7.350384331604039589e-01,-7.809056859028149500e-01,-5.102731867593220949e-01,-1.349237250229728291e+00,2.116520641320727592e+00
1.680277316506000042e+09,4.500000000000000000e+01,-3.813910934750529003e-01,-7.350384331604039589e-01,-7.809056859028149500e-01,-5.102731867593220949e-01,-1.349237250229728291e+00,2.116520641320727592e+00
1.680277316509999990e+09,4.500000000000000000e+01,-3.796736894910904270e-01,-7.369233887525578064e-01,-7.821326523669669406e-01,-5.106484325485008968e-01,-1.347811316230849155e+00,2.111914717424714372e+00
1.680277316519000053e+09,4.600000000000000000e+01,-3.779562855071280647e-01,-7.387978723691996930e-01,-7.833596188311189312e-01,-5.110254236669317107e-01,-1.346387127561221808e+00,2.107270396285157776e+00
1.680277316525000095e+09,4.600000000000000000e+01,-3.760957645245021075e-01,-7.407474051436773177e-01,-7.846302185265708884e-01,-5.113832161635906148e-01,-1.344873927099742517e+00,2.102280499953705917e+00
1.680277316529000044e+09,4.600000000000000000e+01,-3.760957645245021075e-01,-7.407474051436773177e-01,-7.846302185265708884e-01,-5.113832161635906148e-01,-1.344873927099742517e+00,2.102280499953705917e+00
1.680277316532999992e+09,4.600000000000000000e+01,-3.744429377228634670e-01,-7.423845239820480169e-01,-7.856704347607593730e-01,-5.116554875269017089e-01,-1.343575402136258923e+00,2.097791513117576390e+00
1.680277316536999941e+09,4.600000000000000000e+01,-3.744429377228634670e-01,-7.423845239820480169e-01,-7.856704347607593730e-01,-5.116554875269017089e-01,-1.343575402136258923e+00,2.097791513117576390e+00
1.680277316540999889e+09,4.600000000000000000e+01,-3.730641276137879325e-01,-7.435922918244280977e-01,-7.864383796316369857e-01,-5.118090765010772092e-01,-1.342559620511598162e+00,2.094030328579528533e+00
1.680277316545000076e+09,4.600000000000000000e+01,-3.730641276137879325e-01,-7.435922918244280977e-01,-7.864383796316369857e-01,-5.118090765010772092e-01,-1.342559620511598162e+00,2.094030328579528533e+00
1.680277316549000025e+09,4.600000000000000000e+01,-3.715805977495927337e-01,-7.447913330205482296e-01,-7.871836352222384425e-01,-5.119452121827327007e-01,-1.341526385594417503e+00,2.090000363336673495e+00
1.680277316552999973e+09,4.600000000000000000e+01,-3.715805977495927337e-01,-7.447913330205482296e-01,-7.871836352222384425e-01,-5.119452121827327007e-01,-1.341526385594417503e+00,2.090000363336673495e+00
1.680277316558000088e+09,4.600000000000000000e+01,-3.697584740105107071e-01,-7.462818442017513654e-01,-7.881034237380395435e-01,-5.120988011569082010e-01,-1.340245313923453807e+00,2.084933672518133996e+00
1.680277316562000036e+09,4.600000000000000000e+01,-3.697584740105107071e-01,-7.462818442017513654e-01,-7.881034237380395435e-01,-5.120988011569082010e-01,-1.340245313923453807e+00,2.084933672518133996e+00
1.680277316569000006e+09,4.600000000000000000e+01,-3.678717730891048476e-01,-7.478002806509863598e-01,-7.890459015341164672e-01,-5.122523901310837013e-01,-1.338910137045677962e+00,2.079790187212506858e+00
1.680277316575999975e+09,4.700000000000000000e+01,-3.659850721676989327e-01,-7.493099904539615164e-01,-7.899883793301933910e-01,-5.123728178494713070e-01,-1.337592413460422236e+00,2.074648447236131510e+00
1.680277316582000017e+09,4.700000000000000000e+01,-3.639936514911734089e-01,-7.508388988787085827e-01,-7.909203851507583538e-01,-5.124915002386070118e-01,-1.336220584668354583e+00,2.069197783982153371e+00
1.680277316588999987e+09,4.700000000000000000e+01,-3.622640302024470182e-01,-7.520553933673486124e-01,-7.916534234365960598e-01,-5.125264068236468074e-01,-1.335063431374282406e+00,2.064438271111964873e+00
1.680277316592999935e+09,4.700000000000000000e+01,-3.622640302024470182e-01,-7.520553933673486124e-01,-7.916534234365960598e-01,-5.125264068236468074e-01,-1.335063431374282406e+00,2.064438271111964873e+00
1.680277316596999884e+09,4.700000000000000000e+01,-3.608188975817957500e-01,-7.529053687130699002e-01,-7.921473516149103444e-01,-5.124915002386070118e-01,-1.334190766748285295e+00,2.060485100356197918e+00
1.680277316601000071e+09,4.700000000000000000e+01,-3.608188975817957500e-01,-7.529053687130699002e-01,-7.921473516149103444e-01,-5.124915002386070118e-01,-1.334190766748285295e+00,2.060485100356197918e+00
1.680277316605000019e+09,4.700000000000000000e+01,-3.592184306577169695e-01,-7.537850146560749476e-01,-7.926395344639728391e-01,-5.124059791052592017e-01,-1.333265742244728269e+00,2.055996113520067947e+00
1.680277316608999968e+09,4.700000000000000000e+01,-3.592184306577169695e-01,-7.537850146560749476e-01,-7.926395344639728391e-01,-5.124059791052592017e-01,-1.333265742244728269e+00,2.055996113520067947e+00
1.680277316615000010e+09,4.700000000000000000e+01,-3.572147926764274173e-01,-7.548636281338075849e-01,-7.932416730559107565e-01,-5.123047500086436168e-01,-1.332089390328884182e+00,2.050468655779002169e+00
1.680277316619999886e+09,4.700000000000000000e+01,-3.551587948175781162e-01,-7.559614402333119099e-01,-7.938560289526128688e-01,-5.121843222902559001e-01,-1.330879877157252089e+00,2.044789354393012459e+00
1.680277316624000072e+09,4.700000000000000000e+01,-3.551587948175781162e-01,-7.559614402333119099e-01,-7.938560289526128688e-01,-5.121843222902559001e-01,-1.330879877157252089e+00,2.044789354393012459e+00
1.680277316631000042e+09,4.800000000000000000e+01,-3.531045422879808271e-01,-7.570697243083283068e-01,-7.944808568248268310e-01,-5.120656399011204174e-01,-1.329668618656367984e+00,2.039069910434227140e+00
1.680277316635999918e+09,4.800000000000000000e+01,-3.509961845515716661e-01,-7.581204125180289743e-01,-7.950620514657409377e-01,-5.118945976344249083e-01,-1.328457360155483880e+00,2.033275417317605971e+00
1.680277316640000105e+09,4.800000000000000000e+01,-3.509961845515716661e-01,-7.581204125180289743e-01,-7.950620514657409377e-01,-5.118945976344249083e-01,-1.328457360155483880e+00,2.033275417317605971e+00
1.680277316644999981e+09,4.800000000000000000e+01,-3.491356635689457089e-01,-7.589354812787103555e-01,-7.954774398277155711e-01,-5.116903941119415045e-01,-1.327460777152595250e+00,2.028131932011978833e+00
1.680277316648999929e+09,4.800000000000000000e+01,-3.491356635689457089e-01,-7.589354812787103555e-01,-7.954774398277155711e-01,-5.116903941119415045e-01,-1.327460777152595250e+00,2.028131932011978833e+00
1.680277316653000116e+09,4.800000000000000000e+01,-3.475351966448668728e-01,-7.594939866393484174e-01,-7.957409845447666052e-01,-5.114687372969383139e-01,-1.326659671025929743e+00,2.023717994333685155e+00
1.680277316657000065e+09,4.800000000000000000e+01,-3.475351966448668728e-01,-7.594939866393484174e-01,-7.957409845447666052e-01,-5.114687372969383139e-01,-1.326659671025929743e+00,2.023717994333685155e+00
1.680277316661000013e+09,4.800000000000000000e+01,-3.458561899044483301e-01,-7.599879148176628130e-01,-7.959486787257540330e-01,-5.111790126411072110e-01,-1.325876018191784356e+00,2.019035275950584296e+00
1.680277316664999962e+09,4.800000000000000000e+01,-3.458561899044483301e-01,-7.599879148176628130e-01,-7.959486787257540330e-01,-5.111790126411072110e-01,-1.325876018191784356e+00,2.019035275950584296e+00
1.680277316673000097e+09,4.800000000000000000e+01,-3.437216522292592669e-01,-7.606005253851129133e-01,-7.962017514672932172e-01,-5.108020215226763971e-01,-1.324861981896375829e+00,2.013125591103331224e+00
1.680277316677999973e+09,4.800000000000000000e+01,-3.414981027622185361e-01,-7.612323345743348124e-01,-7.964635508550923504e-01,-5.103936144777098116e-01,-1.323811293686675050e+00,2.006985522794815235e+00
1.680277316687000036e+09,4.900000000000000000e+01,-3.392588453319097530e-01,-7.618536717880448617e-01,-7.967166235966315346e-01,-5.099834621034911031e-01,-1.322760605476974494e+00,2.000843709157047456e+00
1.680277316693000078e+09,4.900000000000000000e+01,-3.369951532920730797e-01,-7.624296304412028213e-01,-7.969347897531308123e-01,-5.095401484734846109e-01,-1.321727370559793835e+00,1.994588449117899565e+00
1.680277316697999954e+09,4.900000000000000000e+01,-3.369951532920730797e-01,-7.624296304412028213e-01,-7.969347897531308123e-01,-5.095401484734846109e-01,-1.321727370559793835e+00,1.994588449117899565e+00
1.680277316704999924e+09,4.900000000000000000e+01,-3.349531180672397634e-01,-7.628328014984135930e-01,-7.970342735204944962e-01,-5.090793815509579989e-01,-1.320837252641276605e+00,1.988945799646202106e+00
1.680277316710000038e+09,4.900000000000000000e+01,-3.331449569621736662e-01,-7.630439863379049337e-01,-7.970342735204944962e-01,-5.086011613359116001e-01,-1.320142611598982940e+00,1.983957648644002258e+00
1.680277316716000080e+09,4.900000000000000000e+01,-3.313612304666354591e-01,-7.631347434590086687e-01,-7.969347897531308123e-01,-5.080897798650771957e-01,-1.319502075763500981e+00,1.979044546799638260e+00
1.680277316720000029e+09,4.900000000000000000e+01,-3.313612304666354591e-01,-7.631347434590086687e-01,-7.969347897531308123e-01,-5.080897798650771957e-01,-1.319502075763500981e+00,1.979044546799638260e+00
1.680277316723999977e+09,4.900000000000000000e+01,-3.290975384267987303e-01,-7.632359725556243646e-01,-7.968143620347432066e-01,-5.074405173833353988e-01,-1.318700969636835696e+00,1.972825938674782398e+00
1.680277316727999926e+09,4.900000000000000000e+01,-3.290975384267987303e-01,-7.632359725556243646e-01,-7.968143620347432066e-01,-5.074405173833353988e-01,-1.318700969636835696e+00,1.972825938674782398e+00
1.680277316732000113e+09,4.900000000000000000e+01,-3.267029466930625459e-01,-7.633354563229879375e-01,-7.966834623408436400e-01,-5.067423856825375994e-01,-1.317863211595878381e+00,1.966263500687283949e+00
1.680277316737999916e+09,4.900000000000000000e+01,-3.267029466930625459e-01,-7.633354563229879375e-01,-7.966834623408436400e-01,-5.067423856825375994e-01,-1.317863211595878381e+00,1.966263500687283949e+00
1.680277316746999979e+09,5.000000000000000000e+01,-3.218893286160622313e-01,-7.634733373338955520e-01,-7.963535951122167056e-01,-5.052745637816103974e-01,-1.316171987550695865e+00,1.953023432981654928e+00
1.680277316752000093e+09,5.000000000000000000e+01,-3.218893286160622313e-01,-7.634733373338955520e-01,-7.963535951122167056e-01,-5.052745637816103974e-01,-1.316171987550695865e+00,1.953023432981654928e+00
1.680277316756000042e+09,5.000000000000000000e+01,-3.196518165150054602e-01,-7.633825802127918170e-01,-7.960917957244174614e-01,-5.045397801665207904e-01,-1.315477346508402201e+00,1.946958413830974344e+00
1.680277316759999990e+09,5.000000000000000000e+01,-3.196518165150054602e-01,-7.633825802127918170e-01,-7.960917957244174614e-01,-5.045397801665207904e-01,-1.315477346508402201e+00,1.946958413830974344e+00
1.680277316763999939e+09,5.000000000000000000e+01,-3.176481785337159636e-01,-7.631713953733005873e-01,-7.957619284957906380e-01,-5.038067418806831954e-01,-1.314908369172252067e+00,1.941471098662704398e+00
1.680277316767999887e+09,5.000000000000000000e+01,-3.176481785337159636e-01,-7.631713953733005873e-01,-7.957619284957906380e-01,-5.038067418806831954e-01,-1.314908369172252067e+00,1.941471098662704398e+00
1.680277316773000002e+09,5.000000000000000000e+01,-3.157352976735302019e-01,-7.628328014984135930e-01,-7.953570121093279655e-01,-5.030737035948456004e-01,-1.314463310212993230e+00,1.936250818869989176e+00
1.680277316776999950e+09,5.000000000000000000e+01,-3.157352976735302019e-01,-7.628328014984135930e-01,-7.953570121093279655e-01,-5.030737035948456004e-01,-1.314463310212993230e+00,1.936250818869989176e+00
1.680277316780999899e+09,5.000000000000000000e+01,-3.133791031833378926e-01,-7.623929785269110138e-01,-7.948421399799896481e-01,-5.021347164572725896e-01,-1.313911786169363216e+00,1.929841969856666006e+00
1.680277316785000086e+09,5.000000000000000000e+01,-3.133791031833378926e-01,-7.623929785269110138e-01,-7.948421399799896481e-01,-5.021347164572725896e-01,-1.313911786169363216e+00,1.929841969856666006e+00
1.680277316789000034e+09,5.000000000000000000e+01,-3.108291771461741404e-01,-7.619095223241086901e-01,-7.942836346193513641e-01,-5.011276614788718886e-01,-1.313306156918921053e+00,1.922933956677272516e+00
1.680277316792999983e+09,5.000000000000000000e+01,-3.108291771461741404e-01,-7.619095223241086901e-01,-7.942836346193513641e-01,-5.011276614788718886e-01,-1.313306156918921053e+00,1.922933956677272516e+00
1.680277316803999901e+09,5.100000000000000000e+01,-3.056891824990508599e-01,-7.608658154314159594e-01,-7.930898294109872682e-01,-4.990629369737625831e-01,-1.312131550332328755e+00,1.908962596015058022e+00
1.680277316808000088e+09,5.100000000000000000e+01,-3.056891824990508599e-01,-7.608658154314159594e-01,-7.930898294109872682e-01,-4.990629369737625831e-01,-1.312131550332328755e+00,1.908962596015058022e+00
1.680277316812000036e+09,5.100000000000000000e+01,-3.032963360945666320e-01,-7.602252795959340004e-01,-7.924318402829854113e-01,-4.980227207395739875e-01,-1.311667292751298675e+00,1.902515349758191032e+00
1.680277316815999985e+09,5.100000000000000000e+01,-3.032963360945666320e-01,-7.602252795959340004e-01,-7.924318402829854113e-01,-4.980227207395739875e-01,-1.311667292751298675e+00,1.902515349758191032e+00
1.680277316819999933e+09,5.100000000000000000e+01,-3.010972212370537360e-01,-7.595027132856084773e-01,-7.917302179236836990e-01,-4.970331190536931842e-01,-1.311328698876411680e+00,1.896605664910938183e+00
1.680277316823999882e+09,5.100000000000000000e+01,-3.010972212370537360e-01,-7.595027132856084773e-01,-7.917302179236836990e-01,-4.970331190536931842e-01,-1.311328698876411680e+00,1.896605664910938183e+00
1.680277316828000069e+09,5.100000000000000000e+01,-2.990534406829684078e-01,-7.586981165004390570e-01,-7.909849623330821311e-01,-4.960609706603323343e-01,-1.311080862122628421e+00,1.891116604413415780e+00
1.680277316832000017e+09,5.100000000000000000e+01,-2.990534406829684078e-01,-7.586981165004390570e-01,-7.909849623330821311e-01,-4.960609706603323343e-01,-1.311080862122628421e+00,1.891116604413415780e+00
1.680277316836999893e+09,5.100000000000000000e+01,-2.966204517056882928e-01,-7.576823348757782961e-01,-7.900547018417691802e-01,-4.948828734152361797e-01,-1.310813826747073252e+00,1.884592563669461152e+00
1.680277316841000080e+09,5.100000000000000000e+01,-2.966204517056882928e-01,-7.576823348757782961e-01,-7.900547018417691802e-01,-4.948828734152361797e-01,-1.310813826747073252e+00,1.884592563669461152e+00
1.680277316848000050e+09,5.100000000000000000e+01,-2.939413713038769860e-01,-7.565653241545019503e-01,-7.890354295586043953e-01,-4.935860937810043758e-01,-1.310510139457226053e+00,1.877415769785260480e+00
1.680277316855000019e+09,5.200000000000000000e+01,-2.912465829387977934e-01,-7.554395867869655445e-01,-7.880056852999278716e-01,-4.922718608542526741e-01,-1.310225650789151208e+00,1.870237230571807796e+00
1.680277316859999895e+09,5.200000000000000000e+01,-2.885151426594266266e-01,-7.542335642738374757e-01,-7.869200905051874084e-01,-4.909244666717130223e-01,-1.309958615413596039e+00,1.862906847713431624e+00
1.680277316864000082e+09,5.200000000000000000e+01,-2.885151426594266266e-01,-7.542335642738374757e-01,-7.869200905051874084e-01,-4.909244666717130223e-01,-1.309958615413596039e+00,1.862906847713431624e+00
1.680277316868000031e+09,5.200000000000000000e+01,-2.859512539882470006e-01,-7.529786725416536264e-01,-7.858135517594230235e-01,-4.896102337449613207e-01,-1.309780591829892593e+00,1.856075629021125550e+00
1.680277316871999979e+09,5.200000000000000000e+01,-2.859512539882470006e-01,-7.529786725416536264e-01,-7.858135517594230235e-01,-4.896102337449613207e-01,-1.309780591829892593e+00,1.856075629021125550e+00
1.680277316875999928e+09,5.200000000000000000e+01,-2.835968048273065922e-01,-7.516801475781698105e-01,-7.846965410381465666e-01,-4.883483606957693679e-01,-1.309709033330560990e+00,1.849820368981978103e+00
1.680277316880000114e+09,5.200000000000000000e+01,-2.835968048273065922e-01,-7.516801475781698105e-01,-7.846965410381465666e-01,-4.883483606957693679e-01,-1.309709033330560990e+00,1.849820368981978103e+00
1.680277316888000011e+09,5.200000000000000000e+01,-2.814099072745577246e-01,-7.503449707003941871e-01,-7.835673130121062480e-01,-4.871353568656333066e-01,-1.309726486623080666e+00,1.844062527779648741e+00
1.680277316892999887e+09,5.200000000000000000e+01,-2.789263037489697616e-01,-7.487532304225753554e-01,-7.822303908050786125e-01,-4.857373481347858624e-01,-1.309780591829892593e+00,1.837500089792150293e+00
1.680277316897000074e+09,5.200000000000000000e+01,-2.789263037489697616e-01,-7.487532304225753554e-01,-7.822303908050786125e-01,-4.857373481347858624e-01,-1.309780591829892593e+00,1.837500089792150293e+00
1.680277316904000044e+09,5.200000000000000000e+01,-2.761285409580228611e-01,-7.469590319515252430e-01,-7.807294076483635159e-01,-4.841665518079910080e-01,-1.309852150329224418e+00,1.830131309690230079e+00
1.680277316908999920e+09,5.300000000000000000e+01,-2.733307781670759606e-01,-7.451578521634670826e-01,-7.792179525161363474e-01,-4.825975008104480546e-01,-1.309923708828556244e+00,1.822762529588309866e+00
1.680277316914999962e+09,5.300000000000000000e+01,-2.704684381938052828e-01,-7.432362446570212056e-01,-7.776174855920575668e-01,-4.809429286795574576e-01,-1.310047627205447762e+00,1.815201763268670554e+00
1.680277316918999910e+09,5.300000000000000000e+01,-2.704684381938052828e-01,-7.432362446570212056e-01,-7.776174855920575668e-01,-4.809429286795574576e-01,-1.310047627205447762e+00,1.815201763268670554e+00
1.680277316924000025e+09,5.300000000000000000e+01,-2.677614325239620618e-01,-7.412954385288036407e-01,-7.760292359727427591e-01,-4.793546790602425944e-01,-1.310243104081671106e+00,1.808101763871557521e+00
1.680277316927999973e+09,5.300000000000000000e+01,-2.677614325239620618e-01,-7.412954385288036407e-01,-7.760292359727427591e-01,-4.793546790602425944e-01,-1.310243104081671106e+00,1.808101763871557521e+00
1.680277316931999922e+09,5.300000000000000000e+01,-2.652499037303421847e-01,-7.393651043760978148e-01,-7.744514583289398013e-01,-4.778536959035274978e-01,-1.310510139457226053e+00,1.801539325884059073e+00
1.680277316936000109e+09,5.300000000000000000e+01,-2.652499037303421847e-01,-7.393651043760978148e-01,-7.744514583289398013e-01,-4.778536959035274978e-01,-1.310510139457226053e+00,1.801539325884059073e+00
1.680277316940000057e+09,5.300000000000000000e+01,-2.629478144469616918e-01,-7.374452421989040607e-01,-7.729068419409249602e-01,-4.764207805876401469e-01,-1.310848733332113047e+00,1.795551101220466350e+00
1.680277316944000006e+09,5.300000000000000000e+01,-2.629478144469616918e-01,-7.374452421989040607e-01,-7.729068419409249602e-01,-4.764207805876401469e-01,-1.310848733332113047e+00,1.795551101220466350e+00
1.680277316948999882e+09,5.300000000000000000e+01,-2.604101057145619680e-01,-7.352583446461552485e-01,-7.711527860426705683e-01,-4.748342762975772957e-01,-1.311276338998851765e+00,1.789027060476511499e+00
1.680277316954999924e+09,5.300000000000000000e+01,-2.575477657412912347e-01,-7.327607784865513008e-01,-7.691596200368930880e-01,-4.730243698632591864e-01,-1.311773757835670073e+00,1.781581485887503868e+00
1.680277316959000111e+09,5.300000000000000000e+01,-2.575477657412912347e-01,-7.327607784865513008e-01,-7.691596200368930880e-01,-4.730243698632591864e-01,-1.311773757835670073e+00,1.781581485887503868e+00
1.680277316967000008e+09,5.400000000000000000e+01,-2.546854257680205569e-01,-7.302527403514355031e-01,-7.671542367263516349e-01,-4.712162087581930336e-01,-1.312272922001740616e+00,1.774135911298495794e+00
1.680277316970999956e+09,5.400000000000000000e+01,-2.517061487348662419e-01,-7.275719146203721843e-01,-7.650179537219105042e-01,-4.693225265197791818e-01,-1.312861097959662660e+00,1.766383158761137162e+00
1.680277316976000071e+09,5.400000000000000000e+01,-2.517061487348662419e-01,-7.275719146203721843e-01,-7.650179537219105042e-01,-4.693225265197791818e-01,-1.312861097959662660e+00,1.766383158761137162e+00
1.680277316982000113e+09,5.400000000000000000e+01,-2.488822060051394114e-01,-7.249015608648208264e-01,-7.629026146684934062e-01,-4.674969121221931312e-01,-1.313484180502624499e+00,1.759091173146304810e+00
1.680277316986999989e+09,5.400000000000000000e+01,-2.462659574563998977e-01,-7.222853123160812849e-01,-7.608431261511400256e-01,-4.657725268212227765e-01,-1.314159622923146475e+00,1.752336748941086819e+00
1.680277316990999937e+09,5.400000000000000000e+01,-2.462659574563998977e-01,-7.222853123160812849e-01,-7.608431261511400256e-01,-4.657725268212227765e-01,-1.314159622923146475e+00,1.752336748941086819e+00
1.680277316994999886e+09,5.400000000000000000e+01,-2.438591484178997126e-01,-7.197318956204136198e-01,-7.588482148161105334e-01,-4.641528612753720306e-01,-1.314890915879731947e+00,1.746156538059774777e+00
1.680277316999000072e+09,5.400000000000000000e+01,-2.438591484178997126e-01,-7.197318956204136198e-01,-7.588482148161105334e-01,-4.641528612753720306e-01,-1.314890915879731947e+00,1.746156538059774777e+00
1.680277317003999949e+09,5.400000000000000000e+01,-2.413231850147519730e-01,-7.169411141464746562e-01,-7.566787705558816191e-01,-4.624110226818816671e-01,-1.315726928591437250e+00,1.739709291802907787e+00
1.680277317007999897e+09,5.400000000000000000e+01,-2.413231850147519730e-01,-7.169411141464746562e-01,-7.566787705558816191e-01,-4.624110226818816671e-01,-1.315726928591437250e+00,1.739709291802907787e+00
1.680277317012000084e+09,5.400000000000000000e+01,-2.384207024686854082e-01,-7.137297083228051342e-01,-7.541916763717897432e-01,-4.604318193101201162e-01,-1.316706058301805982e+00,1.732302114457443976e+00
1.680277317016000032e+09,5.400000000000000000e+01,-2.384207024686854082e-01,-7.137297083228051342e-01,-7.541916763717897432e-01,-4.604318193101201162e-01,-1.316706058301805982e+00,1.732302114457443976e+00
1.680277317022000074e+09,5.500000000000000000e+01,-2.355321825566347727e-01,-7.105008492066156034e-01,-7.516818929074218225e-01,-4.584700692308784631e-01,-1.317685188012174935e+00,1.724894937111979942e+00
1.680277317026999950e+09,5.500000000000000000e+01,-2.324883283411566803e-01,-7.070241533366429243e-01,-7.489871045423426299e-01,-4.563878914332492598e-01,-1.318789981428687197e+00,1.717065390087533450e+00
1.680277317030999899e+09,5.500000000000000000e+01,-2.324883283411566803e-01,-7.070241533366429243e-01,-7.489871045423426299e-01,-4.563878914332492598e-01,-1.318789981428687197e+00,1.717065390087533450e+00
1.680277317036000013e+09,5.500000000000000000e+01,-2.295736284903261426e-01,-7.035753827347021039e-01,-7.463359494085631818e-01,-4.543755268056997587e-01,-1.319929681430239699e+00,1.709619815498525375e+00
1.680277317039999962e+09,5.500000000000000000e+01,-2.295736284903261426e-01,-7.035753827347021039e-01,-7.463359494085631818e-01,-4.543755268056997587e-01,-1.319929681430239699e+00,1.709619815498525375e+00
1.680277317043999910e+09,5.500000000000000000e+01,-2.268788401252468945e-01,-7.002348225463850273e-01,-7.437720607373835557e-01,-4.524643912747659535e-01,-1.321086834724311876e+00,1.702788596806219745e+00
1.680277317048000097e+09,5.500000000000000000e+01,-2.268788401252468945e-01,-7.002348225463850273e-01,-7.437720607373835557e-01,-4.524643912747659535e-01,-1.321086834724311876e+00,1.702788596806219745e+00
1.680277317052000046e+09,5.500000000000000000e+01,-2.243952365996589593e-01,-6.970146900764554454e-01,-7.413181278090795745e-01,-4.506893914254877509e-01,-1.322261441310904173e+00,1.696493194194276022e+00
1.680277317055999994e+09,5.500000000000000000e+01,-2.243952365996589593e-01,-6.970146900764554454e-01,-7.413181278090795745e-01,-4.506893914254877509e-01,-1.322261441310904173e+00,1.696493194194276022e+00
1.680277317059999943e+09,5.500000000000000000e+01,-2.218697451720231528e-01,-6.936304966568384023e-01,-7.387420218331358646e-01,-4.488812303204216536e-01,-1.323544258311119881e+00,1.690161139668040713e+00
1.680277317063999891e+09,5.500000000000000000e+01,-2.218697451720231528e-01,-6.936304966568384023e-01,-7.387420218331358646e-01,-4.488812303204216536e-01,-1.323544258311119881e+00,1.690161139668040713e+00
1.680277317068000078e+09,5.500000000000000000e+01,-2.189951878939885022e-01,-6.897227044616230929e-01,-7.357732167754935659e-01,-4.467990525227923393e-01,-1.325040005480079053e+00,1.682869154053208582e+00
1.680277317072000027e+09,5.500000000000000000e+01,-2.189951878939885022e-01,-6.897227044616230929e-01,-7.357732167754935659e-01,-4.467990525227923393e-01,-1.325040005480079053e+00,1.682869154053208582e+00
1.680277317075999975e+09,5.500000000000000000e+01,-2.161066679819378666e-01,-6.857887323276279368e-01,-7.327817224375753336e-01,-4.447168747251631360e-01,-1.326553205941558122e+00,1.675577168438376230e+00
1.680277317079999924e+09,5.500000000000000000e+01,-2.161066679819378666e-01,-6.857887323276279368e-01,-7.327817224375753336e-01,-4.447168747251631360e-01,-1.326553205941558122e+00,1.675577168438376230e+00
1.680277317085999966e+09,5.600000000000000000e+01,-2.134380595556385762e-01,-6.821200502399358268e-01,-7.299979222806443069e-01,-4.428057391942293308e-01,-1.327977394611185691e+00,1.668820998903906005e+00
1.680277317091000080e+09,5.600000000000000000e+01,-2.111621502110379300e-01,-6.789365696842981635e-01,-7.275771506081282203e-01,-4.411843283191265730e-01,-1.329241012989629267e+00,1.663026505787285059e+00
1.680277317095000029e+09,5.600000000000000000e+01,-2.111621502110379300e-01,-6.789365696842981635e-01,-7.275771506081282203e-01,-4.411843283191265730e-01,-1.329241012989629267e+00,1.663026505787285059e+00
1.680277317099999905e+09,5.600000000000000000e+01,-2.090415751698648239e-01,-6.758525728960241841e-01,-7.252541173737236946e-01,-4.396327306141036839e-01,-1.330506376697325299e+00,1.657691034263938379e+00
1.680277317104000092e+09,5.600000000000000000e+01,-2.090415751698648239e-01,-6.758525728960241841e-01,-7.252541173737236946e-01,-4.396327306141036839e-01,-1.330506376697325299e+00,1.657691034263938379e+00
1.680277317108000040e+09,5.600000000000000000e+01,-2.070885517368831752e-01,-6.728802771798777504e-01,-7.230183506019189910e-01,-4.381980699689643211e-01,-1.331769995075769097e+00,1.652779677748826170e+00
1.680277317111999989e+09,5.600000000000000000e+01,-2.070885517368831752e-01,-6.728802771798777504e-01,-7.230183506019189910e-01,-4.381980699689643211e-01,-1.331769995075769097e+00,1.652779677748826170e+00
1.680277317115999937e+09,5.600000000000000000e+01,-2.052419933882731751e-01,-6.699708133168033042e-01,-7.208384343661781157e-01,-4.368175145306367746e-01,-1.333033613454213118e+00,1.648212151096356992e+00
1.680277317119999886e+09,5.600000000000000000e+01,-2.052419933882731751e-01,-6.699708133168033042e-01,-7.208384343661781157e-01,-4.368175145306367746e-01,-1.333033613454213118e+00,1.648212151096356992e+00
1.680277317127000093e+09,5.600000000000000000e+01,-2.030690584695402368e-01,-6.664853908005705652e-01,-7.182309124636985231e-01,-4.351786503630141745e-01,-1.334583465829983995e+00,1.642799885085922673e+00
1.680277317131000042e+09,5.600000000000000000e+01,-2.004405926160368057e-01,-6.622302780842084236e-01,-7.150421959203048239e-01,-4.331994469912525680e-01,-1.336470166751389854e+00,1.636199049854879961e+00
1.680277317134999990e+09,5.600000000000000000e+01,-2.004405926160368057e-01,-6.622302780842084236e-01,-7.150421959203048239e-01,-4.331994469912525680e-01,-1.336470166751389854e+00,1.636199049854879961e+00
1.680277317140000105e+09,5.600000000000000000e+01,-1.975904699475300452e-01,-6.576103915541794409e-01,-7.115916799891121025e-01,-4.310841079378354701e-01,-1.338554089878271069e+00,1.629099050457767373e+00
1.680277317148000002e+09,5.700000000000000000e+01,-1.949236068504827113e-01,-6.532365964486817056e-01,-7.083261689586306531e-01,-4.291206125293418050e-01,-1.340529802591528874e+00,1.622383023496092980e+00
1.680277317154999971e+09,5.700000000000000000e+01,-1.925813749943063313e-01,-6.493305495827182972e-01,-7.054114691078001709e-01,-4.273805192651035090e-01,-1.342310038428562891e+00,1.616509990563132160e+00
1.680277317158999920e+09,5.700000000000000000e+01,-1.925813749943063313e-01,-6.493305495827182972e-01,-7.054114691078001709e-01,-4.273805192651035090e-01,-1.342310038428562891e+00,1.616509990563132160e+00
1.680277317163000107e+09,5.700000000000000000e+01,-1.903560801980135331e-01,-6.455239864841186836e-01,-7.025735637440574388e-01,-4.257259471342128010e-01,-1.344090274265597129e+00,1.610907483664230089e+00
1.680277317167000055e+09,5.700000000000000000e+01,-1.903560801980135331e-01,-6.455239864841186836e-01,-7.025735637440574388e-01,-4.257259471342128010e-01,-1.344090274265597129e+00,1.610907483664230089e+00
1.680277317171000004e+09,5.700000000000000000e+01,-1.882355051568404269e-01,-6.418011991896148682e-01,-6.998124528674023459e-01,-4.241551508074179466e-01,-1.345872255431883158e+00,1.605648806627971270e+00
1.680277317174999952e+09,5.700000000000000000e+01,-1.882355051568404269e-01,-6.418011991896148682e-01,-6.998124528674023459e-01,-4.241551508074179466e-01,-1.345872255431883158e+00,1.605648806627971270e+00
1.680277317178999901e+09,5.700000000000000000e+01,-1.862440844803149032e-01,-6.381778956624746257e-01,-6.971281364778351142e-01,-4.226541676507028500e-01,-1.347633292647145709e+00,1.600697307540063452e+00
1.680277317184000015e+09,5.700000000000000000e+01,-1.862440844803149032e-01,-6.381778956624746257e-01,-6.971281364778351142e-01,-4.226541676507028500e-01,-1.347633292647145709e+00,1.600697307540063452e+00
1.680277317187999964e+09,5.700000000000000000e+01,-1.843189863153651686e-01,-6.345633187815943321e-01,-6.944542920637797323e-01,-4.211706377865076512e-01,-1.349415273813431737e+00,1.595901142755583146e+00
1.680277317191999912e+09,5.700000000000000000e+01,-1.843189863153651686e-01,-6.345633187815943321e-01,-6.944542920637797323e-01,-4.211706377865076512e-01,-1.349415273813431737e+00,1.595901142755583146e+00
1.680277317198999882e+09,5.700000000000000000e+01,-1.820552942755284953e-01,-6.303012247482241426e-01,-6.913092087516859996e-01,-4.194637057780571943e-01,-1.351534103525352970e+00,1.590335287770973105e+00
1.680277317203000069e+09,5.700000000000000000e+01,-1.794268284220250642e-01,-6.252868938072445593e-01,-6.875951481034420221e-01,-4.174845024062956433e-01,-1.354043886989720891e+00,1.583772849783474435e+00
1.680277317207000017e+09,5.700000000000000000e+01,-1.794268284220250642e-01,-6.252868938072445593e-01,-6.875951481034420221e-01,-4.174845024062956433e-01,-1.354043886989720891e+00,1.583772849783474435e+00
1.680277317213999987e+09,5.800000000000000000e+01,-1.767861452637576325e-01,-6.202184576594529375e-01,-6.838583981749222218e-01,-4.155052990345340369e-01,-1.356607775660900517e+00,1.577172014552431945e+00
1.680277317219000101e+09,5.800000000000000000e+01,-1.743915535300213926e-01,-6.155793725076520451e-01,-6.804392981702652721e-01,-4.137302991852557787e-01,-1.358976187455856799e+00,1.571222187132383263e+00
1.680277317223000050e+09,5.800000000000000000e+01,-1.743915535300213926e-01,-6.155793725076520451e-01,-6.804392981702652721e-01,-4.137302991852557787e-01,-1.358976187455856799e+00,1.571222187132383263e+00
1.680277317226999998e+09,5.800000000000000000e+01,-1.721016815514048448e-01,-6.110153365136868908e-01,-6.770760487016721507e-01,-4.120233671768053219e-01,-1.361325400629041171e+00,1.565504488502849734e+00
1.680277317230999947e+09,5.800000000000000000e+01,-1.721016815514048448e-01,-6.110153365136868908e-01,-6.770760487016721507e-01,-4.120233671768053219e-01,-1.361325400629041171e+00,1.565504488502849734e+00
1.680277317234999895e+09,5.800000000000000000e+01,-1.698903493891280314e-01,-6.065403123115734596e-01,-6.737895937201668906e-01,-4.103687950459147249e-01,-1.363676359131477556e+00,1.560015428005327554e+00
1.680277317239000082e+09,5.800000000000000000e+01,-1.698903493891280314e-01,-6.065403123115734596e-01,-6.737895937201668906e-01,-4.103687950459147249e-01,-1.363676359131477556e+00,1.560015428005327554e+00
1.680277317246999979e+09,5.800000000000000000e+01,-1.677819916527188981e-01,-6.021403372672957666e-01,-6.705572439454733358e-01,-4.087997440483718270e-01,-1.366009864341393820e+00,1.554795148212612776e+00
1.680277317252000093e+09,5.800000000000000000e+01,-1.657643910374134444e-01,-5.978223926978616376e-01,-6.674016886578676422e-01,-4.072795622698847651e-01,-1.368341624222058295e+00,1.549768599966868887e+00
1.680277317259000063e+09,5.800000000000000000e+01,-1.637607530561239477e-01,-5.934573242386239622e-01,-6.642129721144740540e-01,-4.057785791131696684e-01,-1.370710036017014577e+00,1.544855498122504889e+00
1.680277317263000011e+09,5.800000000000000000e+01,-1.637607530561239477e-01,-5.934573242386239622e-01,-6.642129721144740540e-01,-4.057785791131696684e-01,-1.370710036017014577e+00,1.544855498122504889e+00
1.680277317266999960e+09,5.800000000000000000e+01,-1.614708810775073999e-01,-5.884080867126042502e-01,-6.605198554172539982e-01,-4.040559391414512702e-01,-1.373469401564417769e+00,1.539176196736515401e+00
1.680277317270999908e+09,5.800000000000000000e+01,-1.614708810775073999e-01,-5.884080867126042502e-01,-6.605198554172539982e-01,-4.040559391414512702e-01,-1.373469401564417769e+00,1.539176196736515401e+00
1.680277317275000095e+09,5.800000000000000000e+01,-1.590117121614473827e-01,-5.829731314218938865e-01,-6.565422500519589866e-01,-4.022460327071331609e-01,-1.376478349194855788e+00,1.533111177585835039e+00
1.680277317279000044e+09,5.800000000000000000e+01,-1.590117121614473827e-01,-5.829731314218938865e-01,-6.565422500519589866e-01,-4.022460327071331609e-01,-1.376478349194855788e+00,1.533111177585835039e+00
1.680277317286000013e+09,5.900000000000000000e+01,-1.568911371202742766e-01,-5.782432891489892590e-01,-6.530917341207661542e-01,-4.006944350021102164e-01,-1.379096343072847564e+00,1.527815848635284413e+00
1.680277317290999889e+09,5.900000000000000000e+01,-1.549782562600884872e-01,-5.738974193115234934e-01,-6.499134895528844158e-01,-3.992946809420107046e-01,-1.381534568037883437e+00,1.523017938521551873e+00
1.680277317295000076e+09,5.900000000000000000e+01,-1.549782562600884872e-01,-5.738974193115234934e-01,-6.499134895528844158e-01,-3.992946809420107046e-01,-1.381534568037883437e+00,1.523017938521551873e+00
1.680277317299000025e+09,5.900000000000000000e+01,-1.530915553386826000e-01,-5.695515494740575058e-01,-6.467474622897667613e-01,-3.979298334669511550e-01,-1.383991991624691442e+00,1.518335220138451236e+00
1.680277317302999973e+09,5.900000000000000000e+01,-1.530915553386826000e-01,-5.695515494740575058e-01,-6.467474622897667613e-01,-3.979298334669511550e-01,-1.383991991624691442e+00,1.518335220138451236e+00
1.680277317306999922e+09,5.900000000000000000e+01,-1.512310343560566428e-01,-5.651969529903317913e-01,-6.435814350266489958e-01,-3.965824392844115587e-01,-1.386466868504019345e+00,1.513767693485981836e+00
1.680277317311000109e+09,5.900000000000000000e+01,-1.512310343560566428e-01,-5.651969529903317913e-01,-6.435814350266489958e-01,-3.965824392844115587e-01,-1.386466868504019345e+00,1.513767693485981836e+00
1.680277317315000057e+09,5.900000000000000000e+01,-1.494228732509905178e-01,-5.608406111773538427e-01,-6.404258797390433022e-01,-3.952507530651398482e-01,-1.388959198675867368e+00,1.509276961320600519e+00
1.680277317319000006e+09,5.900000000000000000e+01,-1.494228732509905178e-01,-5.608406111773538427e-01,-6.404258797390433022e-01,-3.952507530651398482e-01,-1.388959198675867368e+00,1.509276961320600519e+00
1.680277317322999954e+09,5.900000000000000000e+01,-1.476391467554523107e-01,-5.564860146936280172e-01,-6.372703244514376086e-01,-3.939539734309080443e-01,-1.391488180762007199e+00,1.504864768971558631e+00
1.680277317326999903e+09,5.900000000000000000e+01,-1.476391467554523107e-01,-5.564860146936280172e-01,-6.372703244514376086e-01,-3.939539734309080443e-01,-1.391488180762007199e+00,1.504864768971558631e+00
1.680277317331000090e+09,5.900000000000000000e+01,-1.458711282231820727e-01,-5.520668410275784144e-01,-6.340693906032800475e-01,-3.926746470891962493e-01,-1.394069522725706944e+00,1.500489228536808994e+00
1.680277317335000038e+09,5.900000000000000000e+01,-1.458711282231820727e-01,-5.520668410275784144e-01,-6.340693906032800475e-01,-3.926746470891962493e-01,-1.394069522725706944e+00,1.500489228536808994e+00
1.680277317342000008e+09,5.900000000000000000e+01,-1.438535276078766467e-01,-5.470088768552988645e-01,-6.304216524666117483e-01,-3.912242784807889451e-01,-1.397043563771105168e+00,1.495537729448901176e+00
1.680277317346999884e+09,5.900000000000000000e+01,-1.416020528728039463e-01,-5.412807062502534849e-01,-6.262799861516292754e-01,-3.896203208982061406e-01,-1.400426011861470199e+00,1.489935222549999327e+00
1.680277317351000071e+09,5.900000000000000000e+01,-1.416020528728039463e-01,-5.412807062502534849e-01,-6.262799861516292754e-01,-3.896203208982061406e-01,-1.400426011861470199e+00,1.489935222549999327e+00
1.680277317357000113e+09,6.000000000000000000e+01,-1.395338377091906723e-01,-5.360115572384825944e-01,-6.224664417360217250e-01,-3.881524989972789386e-01,-1.403560623198051749e+00,1.484791737244371967e+00
1.680277317361999989e+09,6.000000000000000000e+01,-1.376471367877847851e-01,-5.311351073084104035e-01,-6.189391313177411424e-01,-3.868382660705271814e-01,-1.406480559036638489e+00,1.480109018861271331e+00
1.680277317365999937e+09,6.000000000000000000e+01,-1.376471367877847851e-01,-5.311351073084104035e-01,-6.189391313177411424e-01,-3.868382660705271814e-01,-1.406480559036638489e+00,1.480109018861271331e+00
1.680277317371000051e+09,6.000000000000000000e+01,-1.357866158051588557e-01,-5.262586573783382127e-01,-6.154205475457206198e-01,-3.855414864362953775e-01,-1.409417948167744905e+00,1.475464697721714291e+00
1.680277317375000000e+09,6.000000000000000000e+01,-1.357866158051588557e-01,-5.262586573783382127e-01,-6.154205475457206198e-01,-3.855414864362953775e-01,-1.409417948167744905e+00,1.475464697721714291e+00
1.680277317378999949e+09,6.000000000000000000e+01,-1.339644920660767735e-01,-5.213630088264941120e-01,-6.119037091029519981e-01,-3.842796133871035358e-01,-1.412391989213143129e+00,1.470937313642040944e+00
1.680277317382999897e+09,6.000000000000000000e+01,-1.339644920660767735e-01,-5.213630088264941120e-01,-6.119037091029519981e-01,-3.842796133871035358e-01,-1.412391989213143129e+00,1.470937313642040944e+00
1.680277317387000084e+09,6.000000000000000000e+01,-1.321563309610106207e-01,-5.164778322501619723e-01,-6.083868706601833765e-01,-3.830509015936994777e-01,-1.415383483551061472e+00,1.466484978720203447e+00
1.680277317391000032e+09,6.000000000000000000e+01,-1.321563309610106207e-01,-5.164778322501619723e-01,-6.083868706601833765e-01,-3.830509015936994777e-01,-1.415383483551061472e+00,1.466484978720203447e+00
1.680277317397000074e+09,6.000000000000000000e+01,-1.303865670994883985e-01,-5.115839290275698836e-01,-6.048700322174148658e-01,-3.818396430928154284e-01,-1.418409884474019833e+00,1.462109438285453811e+00
1.680277317403000116e+09,6.000000000000000000e+01,-1.286429831767460508e-01,-5.066882804757257830e-01,-6.013636657501582050e-01,-3.806615458477192737e-01,-1.421436285396977972e+00,1.457810692337791592e+00
1.680277317407000065e+09,6.000000000000000000e+01,-1.286429831767460508e-01,-5.066882804757257830e-01,-6.013636657501582050e-01,-3.806615458477192737e-01,-1.421436285396977972e+00,1.457810692337791592e+00
1.680277317411000013e+09,6.000000000000000000e+01,-1.268610020104598279e-01,-5.015831924136424647e-01,-5.977037103087260439e-01,-3.794502873468351689e-01,-1.424623256611119437e+00,1.453358357415954094e+00
1.680277317414999962e+09,6.000000000000000000e+01,-1.268610020104598279e-01,-5.015831924136424647e-01,-5.977037103087260439e-01,-3.794502873468351689e-01,-1.424623256611119437e+00,1.453358357415954094e+00
1.680277317418999910e+09,6.000000000000000000e+01,-1.248172214563744858e-01,-4.957468113949733413e-01,-5.935184107624437155e-01,-3.781028931642955726e-01,-1.428291938698811547e+00,1.448330063840958415e+00
1.680277317423000097e+09,6.000000000000000000e+01,-1.248172214563744858e-01,-4.957468113949733413e-01,-5.935184107624437155e-01,-3.781028931642955726e-01,-1.428291938698811547e+00,1.448330063840958415e+00
1.680277317428999901e+09,6.100000000000000000e+01,-1.228537260478808485e-01,-4.900640193504798292e-01,-5.894535389345489929e-01,-3.768061135300638242e-01,-1.431869863665399922e+00,1.443457104569390248e+00
1.680277317434000015e+09,6.100000000000000000e+01,-1.210438196135627392e-01,-4.847669450706770244e-01,-5.856626837992171541e-01,-3.756454695774875674e-01,-1.435234858463245056e+00,1.438966372404008931e+00
1.680277317437999964e+09,6.100000000000000000e+01,-1.210438196135627392e-01,-4.847669450706770244e-01,-5.856626837992171541e-01,-3.756454695774875674e-01,-1.435234858463245056e+00,1.438966372404008931e+00
1.680277317441999912e+09,6.100000000000000000e+01,-1.192618384472765164e-01,-4.794698707908742197e-01,-5.818700833346336365e-01,-3.745022789174312638e-01,-1.438619051882862099e+00,1.434514037482171211e+00
1.680277317446000099e+09,6.100000000000000000e+01,-1.192618384472765164e-01,-4.794698707908742197e-01,-5.818700833346336365e-01,-3.745022789174312638e-01,-1.438619051882862099e+00,1.434514037482171211e+00
1.680277317450999975e+09,6.100000000000000000e+01,-1.174920745857542664e-01,-4.741640698648114660e-01,-5.780914455040657707e-01,-3.733765415498949691e-01,-1.442018953265747028e+00,1.430138497047421575e+00
1.680277317454999924e+09,6.100000000000000000e+01,-1.174920745857542664e-01,-4.741640698648114660e-01,-5.780914455040657707e-01,-3.733765415498949691e-01,-1.442018953265747028e+00,1.430138497047421575e+00
1.680277317461999893e+09,6.100000000000000000e+01,-1.157624532970278897e-01,-4.688582689387487679e-01,-5.743110623442461149e-01,-3.722839654381465135e-01,-1.445438053270403866e+00,1.425839751099759356e+00
1.680277317467000008e+09,6.100000000000000000e+01,-1.140450493130654719e-01,-4.635507226834339467e-01,-5.705411511599383090e-01,-3.712262959114379091e-01,-1.448892059860100723e+00,1.421581147724893190e+00
1.680277317470999956e+09,6.100000000000000000e+01,-1.140450493130654719e-01,-4.635507226834339467e-01,-5.705411511599383090e-01,-3.712262959114379091e-01,-1.448892059860100723e+00,1.421581147724893190e+00
1.680277317474999905e+09,6.100000000000000000e+01,-1.123520799386309721e-01,-4.582361951111111886e-01,-5.667607680001186532e-01,-3.702017876405171992e-01,-1.452346066449797579e+00,1.417397593507862874e+00
1.680277317479000092e+09,6.100000000000000000e+01,-1.123520799386309721e-01,-4.582361951111111886e-01,-5.667607680001186532e-01,-3.702017876405171992e-01,-1.452346066449797579e+00,1.417397593507862874e+00
1.680277317483000040e+09,6.100000000000000000e+01,-1.106870358322283865e-01,-4.529024689170165763e-01,-5.629803848402988864e-01,-3.691947326621165537e-01,-1.455854178246305919e+00,1.413290833777920419e+00
1.680277317486999989e+09,6.100000000000000000e+01,-1.106870358322283865e-01,-4.529024689170165763e-01,-5.629803848402988864e-01,-3.691947326621165537e-01,-1.455854178246305919e+00,1.413290833777920419e+00
1.680277317493000031e+09,6.100000000000000000e+01,-1.088666574223982886e-01,-4.470276906548036333e-01,-5.588282465498044527e-01,-3.681039018796201101e-01,-1.459716591880969361e+00,1.408761704368995060e+00
1.680277317497999907e+09,6.100000000000000000e+01,-1.070183537445363181e-01,-4.410534286252270064e-01,-5.545870964674581849e-01,-3.670287790603915523e-01,-1.463669762636736538e+00,1.404194177716525882e+00
1.680277317502000093e+09,6.100000000000000000e+01,-1.070183537445363181e-01,-4.410534286252270064e-01,-5.545870964674581849e-01,-3.670287790603915523e-01,-1.463669762636736538e+00,1.404194177716525882e+00
1.680277317509000063e+09,6.200000000000000000e+01,-1.054301041252214688e-01,-4.358575834420398976e-01,-5.509061970750021020e-01,-3.661246985078584482e-01,-1.467123769226433394e+00,1.400241006960758705e+00
1.680277317513999939e+09,6.200000000000000000e+01,-1.039867168338221570e-01,-4.310544373405515439e-01,-5.475097863506211970e-01,-3.653043937594211421e-01,-1.470329939062346991e+00,1.396595014153342751e+00
1.680277317517999887e+09,6.200000000000000000e+01,-1.039867168338221570e-01,-4.310544373405515439e-01,-5.475097863506211970e-01,-3.653043937594211421e-01,-1.470329939062346991e+00,1.396595014153342751e+00
1.680277317522000074e+09,6.200000000000000000e+01,-1.025415842131708610e-01,-4.262600178853230837e-01,-5.441238476017521419e-01,-3.645032876327557458e-01,-1.473534363569008576e+00,1.393025815833013992e+00
1.680277317526000023e+09,6.200000000000000000e+01,-1.025415842131708610e-01,-4.262600178853230837e-01,-5.441238476017521419e-01,-3.645032876327557458e-01,-1.473534363569008576e+00,1.393025815833013992e+00
1.680277317529999971e+09,6.200000000000000000e+01,-1.011365941653154105e-01,-4.214743250763546834e-01,-5.407501261576471707e-01,-3.637178894693583464e-01,-1.476756241368190281e+00,1.389533411999773538e+00
1.680277317533999920e+09,6.200000000000000000e+01,-1.011365941653154105e-01,-4.214743250763546834e-01,-5.407501261576471707e-01,-3.637178894693583464e-01,-1.476756241368190281e+00,1.389533411999773538e+00
1.680277317538000107e+09,6.200000000000000000e+01,-9.973160411745997378e-02,-4.166903775966382395e-01,-5.373746593842900765e-01,-3.629673978910007981e-01,-1.479997317789143674e+00,1.386079405410076681e+00
1.680277317542000055e+09,6.200000000000000000e+01,-9.973160411745997378e-02,-4.166903775966382395e-01,-5.373746593842900765e-01,-3.629673978910007981e-01,-1.479997317789143674e+00,1.386079405410076681e+00
1.680277317546999931e+09,6.200000000000000000e+01,-9.836501131314842605e-02,-4.119238834094416934e-01,-5.340218818912090271e-01,-3.622500675684310889e-01,-1.483238394210097066e+00,1.382702193307467686e+00
1.680277317553999901e+09,6.200000000000000000e+01,-9.700016383808884868e-02,-4.071573892222451474e-01,-5.306795763736398275e-01,-3.615344825751134472e-01,-1.486477725301798447e+00,1.379363378448402511e+00
1.680277317558000088e+09,6.200000000000000000e+01,-9.700016383808884868e-02,-4.071573892222451474e-01,-5.306795763736398275e-01,-3.615344825751134472e-01,-1.486477725301798447e+00,1.379363378448402511e+00
1.680277317562000036e+09,6.200000000000000000e+01,-9.558121115621746877e-02,-4.021238596594934878e-01,-5.271522659553593559e-01,-3.608171522525437380e-01,-1.489933477220747315e+00,1.375870974615161835e+00
1.680277317565999985e+09,6.200000000000000000e+01,-9.558121115621746877e-02,-4.021238596594934878e-01,-5.271522659553593559e-01,-3.608171522525437380e-01,-1.489933477220747315e+00,1.375870974615161835e+00
1.680277317573999882e+09,6.200000000000000000e+01,-9.395456429335875825e-02,-3.963328572013763429e-01,-5.230978661029764831e-01,-3.599985928333583884e-01,-1.493904101269034390e+00,1.371917803859394658e+00
1.680277317578999996e+09,6.200000000000000000e+01,-9.226334024817624269e-02,-3.902119875146322636e-01,-5.188235547648424317e-01,-3.591625801216530856e-01,-1.498122562071104724e+00,1.367695852398820522e+00
1.680277317588999987e+09,6.300000000000000000e+01,-9.077981038398105773e-02,-3.848328827599856727e-01,-5.150553889097866378e-01,-3.584627030916033852e-01,-1.501843604036356750e+00,1.364011462347860526e+00
1.680277317594000101e+09,6.300000000000000000e+01,-8.941321757966951000e-02,-3.798552037332978415e-01,-5.115594944180419379e-01,-3.578308939023814306e-01,-1.505316809247825294e+00,1.360634250245251531e+00
1.680277317598000050e+09,6.300000000000000000e+01,-8.941321757966951000e-02,-3.798552037332978415e-01,-5.115594944180419379e-01,-3.578308939023814306e-01,-1.505316809247825294e+00,1.360634250245251531e+00
1.680277317605999947e+09,6.300000000000000000e+01,-8.807280471413785061e-02,-3.748879966821220266e-01,-5.080967611820852436e-01,-3.572165380056794293e-01,-1.508770815837522150e+00,1.357332087300478163e+00
1.680277317609999895e+09,6.300000000000000000e+01,-8.674635448262217607e-02,-3.699295162772061052e-01,-5.046462452508924112e-01,-3.566196354014973813e-01,-1.512242275719738904e+00,1.354070066928500626e+00
1.680277317614000082e+09,6.300000000000000000e+01,-8.674635448262217607e-02,-3.699295162772061052e-01,-5.046462452508924112e-01,-3.566196354014973813e-01,-1.512242275719738904e+00,1.354070066928500626e+00
1.680277317618000031e+09,6.300000000000000000e+01,-8.543212155587043277e-02,-3.649989611403221534e-01,-5.012062012952115397e-01,-3.560558940531032279e-01,-1.515696282309435761e+00,1.350884841043611173e+00
1.680277317621999979e+09,6.300000000000000000e+01,-8.543212155587043277e-02,-3.649989611403221534e-01,-5.012062012952115397e-01,-3.560558940531032279e-01,-1.515696282309435761e+00,1.350884841043611173e+00
1.680277317625999928e+09,6.300000000000000000e+01,-8.414406856789863332e-02,-3.600753873204461386e-01,-4.977871012905547565e-01,-3.555270592897489257e-01,-1.519169487520904305e+00,1.347738012402265317e+00
1.680277317630000114e+09,6.300000000000000000e+01,-8.414406856789863332e-02,-3.600753873204461386e-01,-4.977871012905547565e-01,-3.555270592897489257e-01,-1.519169487520904305e+00,1.347738012402265317e+00
1.680277317637000084e+09,6.300000000000000000e+01,-8.286823288469076509e-02,-3.551727574515941011e-01,-4.943906905661737405e-01,-3.549982245263946234e-01,-1.522640947403121059e+00,1.344629581004463503e+00
1.680277317641000032e+09,6.300000000000000000e+01,-8.158017989671895176e-02,-3.501863517786462654e-01,-4.909384293057289517e-01,-3.544868430555603300e-01,-1.526166512492149518e+00,1.341559546850205509e+00
1.680277317645999908e+09,6.300000000000000000e+01,-8.158017989671895176e-02,-3.501863517786462654e-01,-4.909384293057289517e-01,-3.544868430555603300e-01,-1.526166512492149518e+00,1.341559546850205509e+00
1.680277317650000095e+09,6.300000000000000000e+01,-8.013679260531963999e-02,-3.445402116484446164e-01,-4.870376184275216347e-01,-3.539405549996860745e-01,-1.530189496417996509e+00,1.338065397687712599e+00
1.680277317654000044e+09,6.300000000000000000e+01,-8.013679260531963999e-02,-3.445402116484446164e-01,-4.870376184275216347e-01,-3.539405549996860745e-01,-1.530189496417996509e+00,1.338065397687712599e+00
1.680277317657999992e+09,6.300000000000000000e+01,-7.858868555880066387e-02,-3.384385405834724470e-01,-4.828191576254513562e-01,-3.533611056880239243e-01,-1.534535366255462385e+00,1.334304213149664964e+00
1.680277317661999941e+09,6.300000000000000000e+01,-7.858868555880066387e-02,-3.384385405834724470e-01,-4.828191576254513562e-01,-3.533611056880239243e-01,-1.534535366255462385e+00,1.334304213149664964e+00
1.680277317674000025e+09,6.400000000000000000e+01,-7.594625707128124792e-02,-3.279264224987105680e-01,-4.755550972786509178e-01,-3.524395718429709778e-01,-1.542066461977817937e+00,1.327895364136341794e+00
1.680277317677999973e+09,6.400000000000000000e+01,-7.594625707128124792e-02,-3.279264224987105680e-01,-4.755550972786509178e-01,-3.524395718429709778e-01,-1.542066461977817937e+00,1.327895364136341794e+00
1.680277317681999922e+09,6.400000000000000000e+01,-7.469834665610530777e-02,-3.228859116189509715e-01,-4.720818920671822627e-01,-3.520294194687522693e-01,-1.545698492151218018e+00,1.324902124469171438e+00
1.680277317686000109e+09,6.400000000000000000e+01,-7.469834665610530777e-02,-3.228859116189509715e-01,-4.720818920671822627e-01,-3.520294194687522693e-01,-1.545698492151218018e+00,1.324902124469171438e+00
1.680277317690000057e+09,6.400000000000000000e+01,-7.344869091167738340e-02,-3.178541273854513238e-01,-4.686191588312255130e-01,-3.516541736795734674e-01,-1.549330522324618320e+00,1.321947282045545125e+00
1.680277317694000006e+09,6.400000000000000000e+01,-7.344869091167738340e-02,-3.178541273854513238e-01,-4.686191588312255130e-01,-3.516541736795734674e-01,-1.549330522324618320e+00,1.321947282045545125e+00
1.680277317698999882e+09,6.400000000000000000e+01,-7.222521510602934736e-02,-3.128397964444715740e-01,-4.651791148755446414e-01,-3.512789278903947210e-01,-1.552962552498018622e+00,1.319029091536210396e+00
1.680277317706000090e+09,6.400000000000000000e+01,-7.101570193439728229e-02,-3.078446641252638449e-01,-4.617600148708878027e-01,-3.509385886862558257e-01,-1.556594582671418703e+00,1.316189440843215763e+00
1.680277317710000038e+09,6.400000000000000000e+01,-7.101570193439728229e-02,-3.078446641252638449e-01,-4.617600148708878027e-01,-3.509385886862558257e-01,-1.556594582671418703e+00,1.316189440843215763e+00
1.680277317713999987e+09,6.400000000000000000e+01,-6.981840606752916234e-02,-3.028669850985760137e-01,-4.583531321709948814e-01,-3.506314107379048250e-01,-1.560226612844819005e+00,1.313388187393764728e+00
1.680277317717999935e+09,6.400000000000000000e+01,-6.981840606752916234e-02,-3.028669850985760137e-01,-4.583531321709948814e-01,-3.506314107379048250e-01,-1.560226612844819005e+00,1.313388187393764728e+00
1.680277317721999884e+09,6.400000000000000000e+01,-6.863507283467701336e-02,-2.978805794256281780e-01,-4.549445041418499480e-01,-3.503242327895538244e-01,-1.563860388347471098e+00,1.310663728431401776e+00
1.680277317726000071e+09,6.400000000000000000e+01,-6.863507283467701336e-02,-2.978805794256281780e-01,-4.549445041418499480e-01,-3.503242327895538244e-01,-1.563860388347471098e+00,1.310663728431401776e+00
1.680277317730000019e+09,6.400000000000000000e+01,-6.732083990792528394e-02,-2.923740656355861001e-01,-4.511972822378181314e-01,-3.500170548412028237e-01,-1.567900825565838208e+00,1.307630346191435589e+00
1.680277317734999895e+09,6.400000000000000000e+01,-6.732083990792528394e-02,-2.923740656355861001e-01,-4.511972822378181314e-01,-3.500170548412028237e-01,-1.567900825565838208e+00,1.307630346191435589e+00
1.680277317742000103e+09,6.400000000000000000e+01,-6.591584986006984725e-02,-2.863806049842375634e-01,-4.471114664588993759e-01,-3.497098768928518231e-01,-1.572299055280863778e+00,1.304368325819458274e+00
1.680277317746000051e+09,6.500000000000000000e+01,-6.465223148162595190e-02,-2.809927735833310236e-01,-4.434392937127032974e-01,-3.494533134928086704e-01,-1.576269679329150630e+00,1.301413483395831738e+00
1.680277317753000021e+09,6.500000000000000000e+01,-6.349507818755370514e-02,-2.759871692886113337e-01,-4.400324110128103761e-01,-3.492316566778053688e-01,-1.579973268001882758e+00,1.298727421677012606e+00
1.680277317756999969e+09,6.500000000000000000e+01,-6.349507818755370514e-02,-2.759871692886113337e-01,-4.400324110128103761e-01,-3.492316566778053688e-01,-1.579973268001882758e+00,1.298727421677012606e+00
1.680277317762000084e+09,6.500000000000000000e+01,-6.233617956422947415e-02,-2.709920369694035491e-01,-4.366464722639413765e-01,-3.490274531553220760e-01,-1.583676856674614664e+00,1.296079757201737070e+00
1.680277317766000032e+09,6.500000000000000000e+01,-6.233617956422947415e-02,-2.709920369694035491e-01,-4.366464722639413765e-01,-3.490274531553220760e-01,-1.583676856674614664e+00,1.296079757201737070e+00
1.680277317769999981e+09,6.500000000000000000e+01,-6.119124357492119332e-02,-2.660143579427157179e-01,-4.332727508198363497e-01,-3.488564108886265669e-01,-1.587380445347346569e+00,1.293507141884297384e+00
1.680277317773999929e+09,6.500000000000000000e+01,-6.119124357492119332e-02,-2.660143579427157179e-01,-4.332727508198363497e-01,-3.488564108886265669e-01,-1.587380445347346569e+00,1.293507141884297384e+00
1.680277317778000116e+09,6.500000000000000000e+01,-6.006027021962886264e-02,-2.610471508915398475e-01,-4.299199733267552448e-01,-3.487028219144510666e-01,-1.591066580727558799e+00,1.290974669139653752e+00
1.680277317782000065e+09,6.500000000000000000e+01,-6.006027021962886264e-02,-2.610471508915398475e-01,-4.299199733267552448e-01,-3.487028219144510666e-01,-1.591066580727558799e+00,1.290974669139653752e+00
1.680277317789000034e+09,6.500000000000000000e+01,-5.894151416910050484e-02,-2.561061237791439349e-01,-4.265776678091860452e-01,-3.485666862327955196e-01,-1.594770169400290705e+00,1.288518990882097759e+00
1.680277317793999910e+09,6.500000000000000000e+01,-5.783497542333609909e-02,-2.511755686422599276e-01,-4.232580515718928904e-01,-3.484637118069278672e-01,-1.598454559451250701e+00,1.286099964538833573e+00
1.680277317798000097e+09,6.500000000000000000e+01,-5.783497542333609909e-02,-2.511755686422599276e-01,-4.232580515718928904e-01,-3.484637118069278672e-01,-1.598454559451250701e+00,1.286099964538833573e+00
1.680277317802000046e+09,6.500000000000000000e+01,-5.672843667757169334e-02,-2.462537401516359248e-01,-4.199489073101115855e-01,-3.483781906735801126e-01,-1.602140694831462708e+00,1.283759478011909261e+00
1.680277317805999994e+09,6.500000000000000000e+01,-5.672843667757169334e-02,-2.462537401516359248e-01,-4.199489073101115855e-01,-3.483781906735801126e-01,-1.602140694831462708e+00,1.283759478011909261e+00
1.680277317809999943e+09,6.500000000000000000e+01,-5.553114081070358726e-02,-2.408920886895093427e-01,-4.163535290510033127e-01,-3.482926695402324135e-01,-1.606182877379081608e+00,1.281225259938013394e+00
1.680277317813999891e+09,6.500000000000000000e+01,-5.553114081070358726e-02,-2.408920886895093427e-01,-4.163535290510033127e-01,-3.482926695402324135e-01,-1.606182877379081608e+00,1.281225259938013394e+00
1.680277317818000078e+09,6.500000000000000000e+01,-5.424308782273176699e-02,-2.350644343171002792e-01,-4.124544635020480077e-01,-3.482420549919245656e-01,-1.610581107094107400e+00,1.278462403732106401e+00
1.680277317822000027e+09,6.500000000000000000e+01,-5.424308782273176699e-02,-2.350644343171002792e-01,-4.124544635020480077e-01,-3.482420549919245656e-01,-1.610581107094107400e+00,1.278462403732106401e+00
1.680277317832999945e+09,6.600000000000000000e+01,-5.203175566045494665e-02,-2.249903938745890231e-01,-4.057035299553339303e-01,-3.481914404436167176e-01,-1.618201214608314453e+00,1.273741288105461722e+00
1.680277317836999893e+09,6.600000000000000000e+01,-5.203175566045494665e-02,-2.249903938745890231e-01,-4.057035299553339303e-01,-3.481914404436167176e-01,-1.618201214608314453e+00,1.273741288105461722e+00
1.680277317841000080e+09,6.600000000000000000e+01,-5.097757679225037308e-02,-2.201610678343207117e-01,-4.024833974854043483e-01,-3.481914404436167176e-01,-1.621868151366754551e+00,1.271554390552712688e+00
1.680277317845000029e+09,6.600000000000000000e+01,-5.097757679225037308e-02,-2.201610678343207117e-01,-4.024833974854043483e-01,-3.481914404436167176e-01,-1.621868151366754551e+00,1.271554390552712688e+00
1.680277317848999977e+09,6.600000000000000000e+01,-4.992339792404579951e-02,-2.153474497573203417e-01,-3.992842089664987992e-01,-3.482246016994046123e-01,-1.625519380161926764e+00,1.269405890243507695e+00
1.680277317852999926e+09,6.600000000000000000e+01,-4.992339792404579951e-02,-2.153474497573203417e-01,-3.992842089664987992e-01,-3.482246016994046123e-01,-1.625519380161926764e+00,1.269405890243507695e+00
1.680277317857000113e+09,6.600000000000000000e+01,-4.889539899462114203e-02,-2.105635022776038701e-01,-3.960954924231051555e-01,-3.482752162477124602e-01,-1.629186316920366862e+00,1.267370836335682371e+00
1.680277317861000061e+09,6.600000000000000000e+01,-4.889539899462114203e-02,-2.105635022776038701e-01,-3.960954924231051555e-01,-3.482752162477124602e-01,-1.629186316920366862e+00,1.267370836335682371e+00
1.680277317865000010e+09,6.600000000000000000e+01,-4.786740006519647761e-02,-2.057970080904073795e-01,-3.929399371354993509e-01,-3.483607373810601593e-01,-1.632837545715539074e+00,1.265375925000652879e+00
1.680277317868999958e+09,6.600000000000000000e+01,-4.786740006519647761e-02,-2.057970080904073795e-01,-3.929399371354993509e-01,-3.483607373810601593e-01,-1.632837545715539074e+00,1.265375925000652879e+00
1.680277317872999907e+09,6.600000000000000000e+01,-4.684114646502381824e-02,-2.010479671957308145e-01,-3.898053257989175235e-01,-3.484462585144079139e-01,-1.636469575888939154e+00,1.263456062823459014e+00
1.680277317877000093e+09,6.600000000000000000e+01,-4.684114646502381824e-02,-2.010479671957308145e-01,-3.898053257989175235e-01,-3.484462585144079139e-01,-1.636469575888939154e+00,1.263456062823459014e+00
1.680277317881000042e+09,6.600000000000000000e+01,-4.582536484036311281e-02,-1.963093982765662104e-01,-3.866829317670997246e-01,-3.485666862327955196e-01,-1.640119059354859354e+00,1.261576343219061203e+00
1.680277317884999990e+09,6.600000000000000000e+01,-4.582536484036311281e-02,-1.963093982765662104e-01,-3.866829317670997246e-01,-3.485666862327955196e-01,-1.640119059354859354e+00,1.261576343219061203e+00
1.680277317888999939e+09,6.600000000000000000e+01,-4.471882609459870705e-02,-1.911310063858990271e-01,-3.832638317624427748e-01,-3.487202752069710199e-01,-1.644107136695666549e+00,1.259541289311235657e+00
1.680277317892999887e+09,6.600000000000000000e+01,-4.471882609459870705e-02,-1.911310063858990271e-01,-3.832638317624427748e-01,-3.487202752069710199e-01,-1.644107136695666549e+00,1.259541289311235657e+00
1.680277317898000002e+09,6.600000000000000000e+01,-4.353549286174655808e-02,-1.855319901455012299e-01,-3.795829323699867475e-01,-3.488895721444144615e-01,-1.648416354618840396e+00,1.257392789002030886e+00
1.680277317907000065e+09,6.700000000000000000e+01,-4.248131399354198451e-02,-1.805368578262934454e-01,-3.762947320592294198e-01,-3.490780677036298685e-01,-1.652280513582755850e+00,1.255434529581293202e+00
1.680277317913000107e+09,6.700000000000000000e+01,-4.151789224644111126e-02,-1.759152259670124785e-01,-3.732613498192632884e-01,-3.492491099703253221e-01,-1.655875891841864345e+00,1.253708398951070890e+00
1.680277317917000055e+09,6.700000000000000000e+01,-4.151789224644111126e-02,-1.759152259670124785e-01,-3.732613498192632884e-01,-3.492491099703253221e-01,-1.655875891841864345e+00,1.253708398951070890e+00
1.680277317924999952e+09,6.700000000000000000e+01,-4.055621582859223612e-02,-1.713145380587554056e-01,-3.702471662010690667e-01,-3.494707667853285682e-01,-1.659455562137704732e+00,1.252018920235140165e+00
1.680277317930000067e+09,6.700000000000000000e+01,-3.959279408149136287e-02,-1.667400300892782627e-01,-3.672556718631508343e-01,-3.496924236003319253e-01,-1.663016033811772987e+00,1.250407981335549534e+00
1.680277317936000109e+09,6.700000000000000000e+01,-3.864333496840645366e-02,-1.621829754123211009e-01,-3.642973387810203856e-01,-3.499472416711230105e-01,-1.666559052193321566e+00,1.248910488837338351e+00
1.680277317940000057e+09,6.700000000000000000e+01,-3.864333496840645366e-02,-1.621829754123211009e-01,-3.642973387810203856e-01,-3.499472416711230105e-01,-1.666559052193321566e+00,1.248910488837338351e+00
1.680277317944999933e+09,6.700000000000000000e+01,-3.769387585532153750e-02,-1.576643179789077587e-01,-3.613494776744020087e-01,-3.502038050711662187e-01,-1.670102070574870146e+00,1.247451393582670987e+00
1.680277317948999882e+09,6.700000000000000000e+01,-3.769387585532153750e-02,-1.576643179789077587e-01,-3.613494776744020087e-01,-3.502038050711662187e-01,-1.670102070574870146e+00,1.247451393582670987e+00
1.680277317953999996e+09,6.700000000000000000e+01,-3.675663404700058035e-02,-1.531631138380143975e-01,-3.584365231528234275e-01,-3.505109830195172194e-01,-1.673646834285670293e+00,1.246109235387887537e+00
1.680277317960999966e+09,6.700000000000000000e+01,-3.581939223867962319e-02,-1.486514377216090199e-01,-3.555218233019929452e-01,-3.508181609678682200e-01,-1.677189852667218872e+00,1.244803729107395673e+00
1.680277317964999914e+09,6.700000000000000000e+01,-3.581939223867962319e-02,-1.486514377216090199e-01,-3.555218233019929452e-01,-3.508181609678682200e-01,-1.677189852667218872e+00,1.244803729107395673e+00
1.680277317969000101e+09,6.700000000000000000e+01,-3.477917600449100671e-02,-1.436283801343693767e-01,-3.522894735272994460e-01,-3.511934067570470219e-01,-1.681141278093734037e+00,1.243383031096272351e+00
1.680277317973000050e+09,6.700000000000000000e+01,-3.477917600449100671e-02,-1.436283801343693767e-01,-3.522894735272994460e-01,-3.511934067570470219e-01,-1.681141278093734037e+00,1.243383031096272351e+00
1.680277317976999998e+09,6.700000000000000000e+01,-3.368659989274255112e-02,-1.383138525620466464e-01,-3.488599015471305353e-01,-3.516035591312656194e-01,-1.685344030932536485e+00,1.241887283927313179e+00
1.680277317980999947e+09,6.700000000000000000e+01,-3.368659989274255112e-02,-1.383138525620466464e-01,-3.488599015471305353e-01,-3.516035591312656194e-01,-1.685344030932536485e+00,1.241887283927313179e+00
1.680277317987999916e+09,6.800000000000000000e+01,-3.272317814564168481e-02,-1.336381154959538353e-01,-3.458352459534244083e-01,-3.519788049204444214e-01,-1.689047619605268391e+00,1.240543380403277496e+00
1.680277317994999886e+09,6.800000000000000000e+01,-3.183829621488055983e-02,-1.293114442802598685e-01,-3.430636631012574100e-01,-3.523365974171032700e-01,-1.692484172902445350e+00,1.239391463096961354e+00
1.680277318000000000e+09,6.800000000000000000e+01,-3.096563158888339384e-02,-1.250196796496058083e-01,-3.403025522246024281e-01,-3.527292964988020252e-01,-1.695884074285330279e+00,1.238318085606984864e+00
1.680277318003999949e+09,6.800000000000000000e+01,-3.096563158888339384e-02,-1.250196796496058083e-01,-3.403025522246024281e-01,-3.527292964988020252e-01,-1.695884074285330279e+00,1.238318085606984864e+00
1.680277318007999897e+09,6.800000000000000000e+01,-3.008074965812226886e-02,-1.207558402869836761e-01,-3.375850745792471908e-01,-3.531394488730206782e-01,-1.699285720997467219e+00,1.237319757274844001e+00
1.680277318012000084e+09,6.800000000000000000e+01,-3.008074965812226886e-02,-1.207558402869836761e-01,-3.375850745792471908e-01,-3.531394488730206782e-01,-1.699285720997467219e+00,1.237319757274844001e+00
1.680277318016999960e+09,6.800000000000000000e+01,-2.922204766614105650e-02,-1.165199261923934304e-01,-3.348780689094040253e-01,-3.535827625030272259e-01,-1.702668169087832251e+00,1.236436620673335041e+00
1.680277318020999908e+09,6.800000000000000000e+01,-2.922204766614105650e-02,-1.165199261923934304e-01,-3.348780689094040253e-01,-3.535827625030272259e-01,-1.702668169087832251e+00,1.236436620673335041e+00
1.680277318025000095e+09,6.800000000000000000e+01,-2.835112836939588862e-02,-1.123206640120950756e-01,-3.322042244953486989e-01,-3.540260761330337735e-01,-1.706050617178197060e+00,1.235668675802457317e+00
1.680277318029000044e+09,6.800000000000000000e+01,-2.835112836939588862e-02,-1.123206640120950756e-01,-3.322042244953486989e-01,-3.540260761330337735e-01,-1.706050617178197060e+00,1.235668675802457317e+00
1.680277318032999992e+09,6.800000000000000000e+01,-2.749242637741467626e-02,-1.081406004535686582e-01,-3.295635413370812672e-01,-3.545042963480802278e-01,-1.709398158683522295e+00,1.234979270747919688e+00
1.680277318036999941e+09,6.800000000000000000e+01,-2.749242637741467626e-02,-1.081406004535686582e-01,-3.295635413370812672e-01,-3.545042963480802278e-01,-1.709398158683522295e+00,1.234979270747919688e+00
1.680277318040999889e+09,6.800000000000000000e+01,-2.660754444665355475e-02,-1.038767610909465122e-01,-3.268687529720020191e-01,-3.550156778189145768e-01,-1.712834711980699032e+00,1.234326517607673646e+00
1.680277318045000076e+09,6.800000000000000000e+01,-2.660754444665355475e-02,-1.038767610909465122e-01,-3.268687529720020191e-01,-3.550156778189145768e-01,-1.712834711980699032e+00,1.234326517607673646e+00
1.680277318049999952e+09,6.800000000000000000e+01,-2.560572545600880989e-02,-9.901950978264628667e-02,-3.237899921714840201e-01,-3.556125804230966247e-01,-1.716752976151426413e+00,1.233635367223884005e+00
1.680277318056999922e+09,6.800000000000000000e+01,-2.458994383134811140e-02,-9.404183075595846930e-02,-3.206553808349021928e-01,-3.562269363197986261e-01,-1.720775960077273181e+00,1.232905819596550323e+00
1.680277318061000109e+09,6.800000000000000000e+01,-2.458994383134811140e-02,-9.404183075595846930e-02,-3.206553808349021928e-01,-3.562269363197986261e-01,-1.720775960077273181e+00,1.232905819596550323e+00
1.680277318065000057e+09,6.900000000000000000e+01,-2.371902453460293658e-02,-8.973261283278446965e-02,-3.179379031895470664e-01,-3.567906776681927794e-01,-1.724266618581262067e+00,1.232291463699848322e+00
1.680277318072000027e+09,6.900000000000000000e+01,-2.291268242018155640e-02,-8.577071543075732996e-02,-3.154403370299431741e-01,-3.573195124315470816e-01,-1.727488496380443550e+00,1.231753902290233960e+00
1.680277318075999975e+09,6.900000000000000000e+01,-2.291268242018155640e-02,-8.577071543075732996e-02,-3.154403370299431741e-01,-3.573195124315470816e-01,-1.727488496380443550e+00,1.231753902290233960e+00
1.680277318081000090e+09,6.900000000000000000e+01,-2.210634030576017622e-02,-8.183674329676211834e-02,-3.129864041016391374e-01,-3.578832537799412350e-01,-1.730692920887105135e+00,1.231371675184047554e+00
1.680277318085000038e+09,6.900000000000000000e+01,-2.210634030576017622e-02,-8.183674329676211834e-02,-3.129864041016391374e-01,-3.578832537799412350e-01,-1.730692920887105135e+00,1.231371675184047554e+00
1.680277318088999987e+09,6.900000000000000000e+01,-2.131221549610275851e-02,-7.793942307705878370e-02,-3.105429431488470615e-01,-3.584627030916033852e-01,-1.733862438808726925e+00,1.231102894479240373e+00
1.680277318092999935e+09,6.900000000000000000e+01,-2.131221549610275851e-02,-7.793942307705878370e-02,-3.105429431488470615e-01,-3.584627030916033852e-01,-1.733862438808726925e+00,1.231102894479240373e+00
1.680277318096999884e+09,6.900000000000000000e+01,-2.051809068644533732e-02,-7.407875477164731215e-02,-3.081431154273548967e-01,-3.590421524032654799e-01,-1.737031956730348714e+00,1.230949305505064650e+00
1.680277318101000071e+09,6.900000000000000000e+01,-2.051809068644533732e-02,-7.407875477164731215e-02,-3.081431154273548967e-01,-3.590421524032654799e-01,-1.737031956730348714e+00,1.230949305505064650e+00
1.680277318105000019e+09,6.900000000000000000e+01,-1.972396587678791960e-02,-7.024426640501578445e-02,-3.057659769861386101e-01,-3.596739615924874345e-01,-1.740184021359450384e+00,1.230910908261520831e+00
1.680277318108999968e+09,6.900000000000000000e+01,-1.972396587678791960e-02,-7.024426640501578445e-02,-3.057659769861386101e-01,-3.596739615924874345e-01,-1.740184021359450384e+00,1.230910908261520831e+00
1.680277318112999916e+09,6.900000000000000000e+01,-1.893158639638249305e-02,-6.644817528192811795e-02,-3.034097824959462453e-01,-3.603057707817093891e-01,-1.743336085988552053e+00,1.230987702748608692e+00
1.680277318117000103e+09,6.900000000000000000e+01,-1.893158639638249305e-02,-6.644817528192811795e-02,-3.034097824959462453e-01,-3.603057707817093891e-01,-1.743336085988552053e+00,1.230987702748608692e+00
1.680277318121000051e+09,6.900000000000000000e+01,-1.807288440440128416e-02,-6.235014219824543125e-02,-3.008790550805544584e-01,-3.610213557750270308e-01,-1.746718534078917084e+00,1.231141291722783970e+00
1.680277318128000021e+09,6.900000000000000000e+01,-1.709550002328445728e-02,-5.763775321786073630e-02,-2.979748272052359370e-01,-3.618416605234643924e-01,-1.750635052920392454e+00,1.231294880696959693e+00
1.680277318131999969e+09,6.900000000000000000e+01,-1.709550002328445728e-02,-5.763775321786073630e-02,-2.979748272052359370e-01,-3.618416605234643924e-01,-1.750635052920392454e+00,1.231294880696959693e+00
1.680277318138000011e+09,7.000000000000000000e+01,-1.616000354421549476e-02,-5.309117051641551455e-02,-2.951700830972809886e-01,-3.626602199426497419e-01,-1.754410200092456185e+00,1.231486866914679013e+00
1.680277318144999981e+09,7.000000000000000000e+01,-1.528733891821833224e-02,-4.888143636060518493e-02,-2.925835051458254288e-01,-3.634456181060471414e-01,-1.757918311888964746e+00,1.231715505046690362e+00
1.680277318148999929e+09,7.000000000000000000e+01,-1.528733891821833224e-02,-4.888143636060518493e-02,-2.925835051458254288e-01,-3.634456181060471414e-01,-1.757918311888964746e+00,1.231715505046690362e+00
1.680277318153000116e+09,7.000000000000000000e+01,-1.442863692623712162e-02,-4.471882609459870705e-02,-2.900318337794097201e-01,-3.642467242327125931e-01,-1.761389771771181278e+00,1.232099477482129002e+00
1.680277318157000065e+09,7.000000000000000000e+01,-1.442863692623712162e-02,-4.471882609459870705e-02,-2.900318337794097201e-01,-3.642467242327125931e-01,-1.761389771771181278e+00,1.232099477482129002e+00
1.680277318163000107e+09,7.000000000000000000e+01,-1.355771762949195200e-02,-4.059286774288412003e-02,-2.874993610347659212e-01,-3.650827369444178960e-01,-1.764861231653398033e+00,1.232598641648199322e+00
1.680277318167999983e+09,7.000000000000000000e+01,-1.269901563751074137e-02,-3.649483465920143332e-02,-2.850122668506739898e-01,-3.659362029486430967e-01,-1.768315238243094667e+00,1.233289792031989185e+00
1.680277318171999931e+09,7.000000000000000000e+01,-1.269901563751074137e-02,-3.649483465920143332e-02,-2.850122668506739898e-01,-3.659362029486430967e-01,-1.768315238243094667e+00,1.233289792031989185e+00
1.680277318178999901e+09,7.000000000000000000e+01,-1.184031364552953249e-02,-3.244218013607060025e-02,-2.825478619468580477e-01,-3.668071222453883062e-01,-1.771751791540271848e+00,1.234096134146410506e+00
1.680277318184000015e+09,7.000000000000000000e+01,-1.098161165354832186e-02,-2.842443219797965298e-02,-2.801148729695778772e-01,-3.676937495054014016e-01,-1.775170891544928686e+00,1.235056065235007328e+00
1.680277318187999964e+09,7.000000000000000000e+01,-1.098161165354832186e-02,-2.842443219797965298e-02,-2.801148729695778772e-01,-3.676937495054014016e-01,-1.775170891544928686e+00,1.235056065235007328e+00
1.680277318191999912e+09,7.000000000000000000e+01,-1.010894702755115761e-02,-2.436305102858884325e-02,-2.776609400412738959e-01,-3.686327366429743013e-01,-1.778642351427145218e+00,1.236167839968527860e+00
1.680277318196000099e+09,7.000000000000000000e+01,-1.010894702755115761e-02,-2.436305102858884325e-02,-2.776609400412738959e-01,-3.686327366429743013e-01,-1.778642351427145218e+00,1.236167839968527860e+00
1.680277318200000048e+09,7.000000000000000000e+01,-9.133307975686327101e-03,-1.986184688769546819e-02,-2.749539343714306749e-01,-3.696904061696829058e-01,-1.782489057098540775e+00,1.237434949005475682e+00
1.680277318203999996e+09,7.000000000000000000e+01,-9.133307975686327101e-03,-1.986184688769546819e-02,-2.749539343714306749e-01,-3.696904061696829058e-01,-1.782489057098540775e+00,1.237434949005475682e+00
1.680277318210999966e+09,7.100000000000000000e+01,-8.260643349689161113e-03,-1.578126709653272786e-02,-2.725000014431266382e-01,-3.706625545630437557e-01,-1.785997168895049558e+00,1.238548469068248004e+00
1.680277318216000080e+09,7.100000000000000000e+01,-7.454301235267780934e-03,-1.203055453399691326e-02,-2.702537626958099737e-01,-3.715840884080967021e-01,-1.789219046694231041e+00,1.239698641045312355e+00
1.680277318220000029e+09,7.100000000000000000e+01,-7.454301235267780934e-03,-1.203055453399691326e-02,-2.702537626958099737e-01,-3.715840884080967021e-01,-1.789219046694231041e+00,1.239698641045312355e+00
1.680277318223999977e+09,7.100000000000000000e+01,-6.660176425610361481e-03,-8.325220532012952285e-03,-2.680302132287691874e-01,-3.725230755456697129e-01,-1.792423471200892626e+00,1.241004147325803997e+00
1.680277318227999926e+09,7.100000000000000000e+01,-6.660176425610361481e-03,-8.325220532012952285e-03,-2.680302132287691874e-01,-3.725230755456697129e-01,-1.792423471200892626e+00,1.241004147325803997e+00
1.680277318232000113e+09,7.100000000000000000e+01,-5.853834311188981301e-03,-4.665265090580842343e-03,-2.658485516637762447e-01,-3.734777706465106095e-01,-1.795610442415034091e+00,1.242501639824015180e+00
1.680277318236000061e+09,7.100000000000000000e+01,-5.853834311188981301e-03,-4.665265090580842343e-03,-2.658485516637762447e-01,-3.734777706465106095e-01,-1.795610442415034091e+00,1.242501639824015180e+00
1.680277318240000010e+09,7.100000000000000000e+01,-5.047492196767601122e-03,-1.041961563440614797e-03,-2.637017966838232641e-01,-3.744673723323914127e-01,-1.798799158958427791e+00,1.244189373210693672e+00
1.680277318243999958e+09,7.100000000000000000e+01,-5.047492196767601122e-03,-1.041961563440614797e-03,-2.637017966838232641e-01,-3.744673723323914127e-01,-1.798799158958427791e+00,1.244189373210693672e+00
1.680277318247999907e+09,7.100000000000000000e+01,-4.227187448330266446e-03,2.534218073895766216e-03,-2.615759856548941498e-01,-3.754744273107921138e-01,-1.801949478258277670e+00,1.246032440900799676e+00
1.680277318252000093e+09,7.100000000000000000e+01,-4.227187448330266446e-03,2.534218073895766216e-03,-2.615759856548941498e-01,-3.754744273107921138e-01,-1.801949478258277670e+00,1.246032440900799676e+00
1.680277318256999969e+09,7.100000000000000000e+01,-3.420845333908885833e-03,6.073745796940266568e-03,-2.594938078572649465e-01,-3.764989355817127681e-01,-1.805101542887379340e+00,1.248104146722917029e+00
1.680277318263999939e+09,7.100000000000000000e+01,-2.535963403147760854e-03,9.944886077863689458e-03,-2.572144078541603318e-01,-3.776421262417690716e-01,-1.808555549477076196e+00,1.250407981335549534e+00
1.680277318267999887e+09,7.100000000000000000e+01,-2.535963403147760854e-03,9.944886077863689458e-03,-2.572144078541603318e-01,-3.776421262417690716e-01,-1.808555549477076196e+00,1.250407981335549534e+00
1.680277318272000074e+09,7.100000000000000000e+01,-1.574286985298885277e-03,1.410749634387016560e-02,-2.547604749258562951e-01,-3.788865459984410156e-01,-1.812259138149808102e+00,1.252902056836649347e+00
1.680277318276000023e+09,7.100000000000000000e+01,-1.574286985298885277e-03,1.410749634387016560e-02,-2.547604749258562951e-01,-3.788865459984410156e-01,-1.812259138149808102e+00,1.252902056836649347e+00
1.680277318282000065e+09,7.200000000000000000e+01,-7.539822368615503850e-04,1.770287460297848350e-02,-2.526573531772031145e-01,-3.799616688176695178e-01,-1.815481015948989807e+00,1.255050557145854340e+00
1.680277318289000034e+09,7.200000000000000000e+01,0.000000000000000000e+00,2.095965898719990422e-02,-2.507497083047733333e-01,-3.809687237960702744e-01,-1.818402697116828337e+00,1.257124008297223705e+00
1.680277318295000076e+09,7.200000000000000000e+01,7.539822368615503850e-04,2.416233816460949813e-02,-2.488769700173834309e-01,-3.819932320669909287e-01,-1.821303434333642723e+00,1.259426097580604198e+00
1.680277318299000025e+09,7.200000000000000000e+01,7.539822368615503850e-04,2.416233816460949813e-02,-2.488769700173834309e-01,-3.819932320669909287e-01,-1.821303434333642723e+00,1.259426097580604198e+00
1.680277318302999973e+09,7.200000000000000000e+01,1.507964473723100770e-03,2.731789345221524376e-02,-2.470356476565293835e-01,-3.830334483011795799e-01,-1.824171010294669548e+00,1.261921918410956245e+00
1.680277318306999922e+09,7.200000000000000000e+01,1.507964473723100770e-03,2.731789345221524376e-02,-2.470356476565293835e-01,-3.830334483011795799e-01,-1.824171010294669548e+00,1.261921918410956245e+00
1.680277318311000109e+09,7.200000000000000000e+01,2.275909344600605434e-03,3.042807017926914270e-02,-2.452379585269752471e-01,-3.841085711204080266e-01,-1.827036840926444139e+00,1.264646377373319197e+00
1.680277318315999985e+09,7.200000000000000000e+01,2.275909344600605434e-03,3.042807017926914270e-02,-2.452379585269752471e-01,-3.841085711204080266e-01,-1.827036840926444139e+00,1.264646377373319197e+00
1.680277318319999933e+09,7.200000000000000000e+01,3.056071520242071259e-03,3.348414169951121483e-02,-2.434629586776970167e-01,-3.851836939396365844e-01,-1.829886963594950844e+00,1.267601219796945733e+00
1.680277318323999882e+09,7.200000000000000000e+01,3.056071520242071259e-03,3.348414169951121483e-02,-2.434629586776970167e-01,-3.851836939396365844e-01,-1.829886963594950844e+00,1.267601219796945733e+00
1.680277318328000069e+09,7.200000000000000000e+01,3.864158963915445642e-03,3.667809423066083901e-02,-2.416233816460949813e-01,-3.863443378922127858e-01,-1.832876712603616953e+00,1.270863240168923047e+00
1.680277318332000017e+09,7.200000000000000000e+01,3.864158963915445642e-03,3.667809423066083901e-02,-2.416233816460949813e-01,-3.863443378922127858e-01,-1.832876712603616953e+00,1.270863240168923047e+00
1.680277318338999987e+09,7.200000000000000000e+01,4.825835381764321218e-03,4.042880679319664494e-02,-2.394644093613780000e-01,-3.877091853672723354e-01,-1.836402277692645857e+00,1.274701219194058543e+00
1.680277318346999884e+09,7.300000000000000000e+01,5.777039824101231139e-03,4.411494217340867358e-02,-2.373490703079608743e-01,-3.890565795498119872e-01,-1.839856284282342269e+00,1.278500800975650220e+00
1.680277318351000071e+09,7.300000000000000000e+01,6.635741816082440896e-03,4.744503038621385171e-02,-2.354326987892710887e-01,-3.903027446357359431e-01,-1.843008348911444161e+00,1.282069999295978757e+00
1.680277318355999947e+09,7.300000000000000000e+01,6.635741816082440896e-03,4.744503038621385171e-02,-2.354326987892710887e-01,-3.903027446357359431e-01,-1.843008348911444161e+00,1.282069999295978757e+00
1.680277318359999895e+09,7.300000000000000000e+01,7.506661112827611379e-03,5.069308812417530619e-02,-2.335809044529051082e-01,-3.915646176849277849e-01,-1.846106308333734125e+00,1.285869581077570212e+00
1.680277318364000082e+09,7.300000000000000000e+01,7.506661112827611379e-03,5.069308812417530619e-02,-2.335809044529051082e-01,-3.915646176849277849e-01,-1.846106308333734125e+00,1.285869581077570212e+00
1.680277318368000031e+09,7.300000000000000000e+01,8.379325738824777367e-03,5.385911538729301618e-02,-2.317727433478389831e-01,-3.928282360633717496e-01,-1.849151907878464174e+00,1.289899546320425250e+00
1.680277318371999979e+09,7.300000000000000000e+01,8.379325738824777367e-03,5.385911538729301618e-02,-2.317727433478389831e-01,-3.928282360633717496e-01,-1.849151907878464174e+00,1.289899546320425250e+00
1.680277318377000093e+09,7.300000000000000000e+01,9.250245035569946983e-03,5.694311217556699556e-02,-2.300082154740727136e-01,-3.940901091125635913e-01,-1.852178308801422313e+00,1.294121497780999386e+00
1.680277318384000063e+09,7.300000000000000000e+01,1.012116433231511660e-02,5.994333315974524623e-02,-2.283100101118822611e-01,-3.953537274910075561e-01,-1.855133151225048849e+00,1.298573832702837105e+00
1.680277318388000011e+09,7.300000000000000000e+01,1.012116433231511660e-02,5.994333315974524623e-02,-2.283100101118822611e-01,-3.953537274910075561e-01,-1.855133151225048849e+00,1.298573832702837105e+00
1.680277318391999960e+09,7.300000000000000000e+01,1.103222620185615767e-02,6.294355414392349690e-02,-2.266118047496917531e-01,-3.966679604177592577e-01,-1.858142098855487090e+00,1.303371742816569423e+00
1.680277318395999908e+09,7.300000000000000000e+01,1.103222620185615767e-02,6.294355414392349690e-02,-2.266118047496917531e-01,-3.966679604177592577e-01,-1.858142098855487090e+00,1.303371742816569423e+00
1.680277318400000095e+09,7.300000000000000000e+01,1.206022513128081688e-02,6.636614480708438735e-02,-2.246727439507260615e-01,-3.981689435744744099e-01,-1.861561198860143929e+00,1.308820660741295772e+00
1.680277318404000044e+09,7.300000000000000000e+01,1.206022513128081688e-02,6.636614480708438735e-02,-2.246727439507260615e-01,-3.981689435744744099e-01,-1.861561198860143929e+00,1.308820660741295772e+00
1.680277318410000086e+09,7.400000000000000000e+01,1.302364687838168666e-02,6.954962536272203677e-02,-2.228750548211718974e-01,-3.995512443420539128e-01,-1.864748170074285616e+00,1.313925748803379090e+00
1.680277318415999889e+09,7.400000000000000000e+01,1.389456617512685802e-02,7.234040683666097260e-02,-2.212972771773690228e-01,-4.007799561354579154e-01,-1.867579094121020411e+00,1.318608467186479949e+00
1.680277318420000076e+09,7.400000000000000000e+01,1.389456617512685802e-02,7.234040683666097260e-02,-2.212972771773690228e-01,-4.007799561354579154e-01,-1.867579094121020411e+00,1.318608467186479949e+00
1.680277318424000025e+09,7.400000000000000000e+01,1.475326816710806864e-02,7.499330729969234943e-02,-2.197962940206538984e-01,-4.020086679288619180e-01,-1.870303553083383585e+00,1.323443029214504074e+00
1.680277318427999973e+09,7.400000000000000000e+01,1.475326816710806864e-02,7.499330729969234943e-02,-2.197962940206538984e-01,-4.020086679288619180e-01,-1.870303553083383585e+00,1.323443029214504074e+00
1.680277318431999922e+09,7.400000000000000000e+01,1.559975285432531854e-02,7.749960010555621837e-02,-2.183825773265384851e-01,-4.032024731372260140e-01,-1.872921546961375139e+00,1.328394528302412114e+00
1.680277318436000109e+09,7.400000000000000000e+01,1.559975285432531854e-02,7.749960010555621837e-02,-2.183825773265384851e-01,-4.032024731372260140e-01,-1.872921546961375139e+00,1.328394528302412114e+00
1.680277318443000078e+09,7.400000000000000000e+01,1.645845484630652569e-02,7.986975722976451253e-02,-2.170578724242747948e-01,-4.043631170898022154e-01,-1.875431330425742837e+00,1.333538013608039252e+00
1.680277318447999954e+09,7.400000000000000000e+01,1.730493953352377906e-02,8.211075998932522435e-02,-2.157977447043348818e-01,-4.055237610423784722e-01,-1.877871300720030945e+00,1.338871739802133920e+00
1.680277318453999996e+09,7.400000000000000000e+01,1.829279589015256682e-02,8.468162997751287058e-02,-2.143613387299435624e-01,-4.068537019323981707e-01,-1.880665572852473710e+00,1.345128745170533824e+00
1.680277318459000111e+09,7.400000000000000000e+01,1.829279589015256682e-02,8.468162997751287058e-02,-2.143613387299435624e-01,-4.068537019323981707e-01,-1.880665572852473710e+00,1.345128745170533824e+00
1.680277318463000059e+09,7.400000000000000000e+01,1.939933463591697257e-02,8.752826198751562092e-02,-2.127626171351167661e-01,-4.083215238333253727e-01,-1.883782730896535806e+00,1.351998361106383495e+00
1.680277318467000008e+09,7.400000000000000000e+01,1.939933463591697257e-02,8.752826198751562092e-02,-2.127626171351167661e-01,-4.083215238333253727e-01,-1.883782730896535806e+00,1.351998361106383495e+00
1.680277318473999977e+09,7.500000000000000000e+01,2.037497368778180135e-02,9.005200808589942929e-02,-2.113384284654893919e-01,-4.096008501750372233e-01,-1.886524643151418879e+00,1.358138429414899484e+00
1.680277318480000019e+09,7.500000000000000000e+01,2.124763831377896733e-02,9.220225372435643385e-02,-2.101324059523612953e-01,-4.107265875425736290e-01,-1.888910508238895058e+00,1.363589092668877845e+00
1.680277318486000061e+09,7.500000000000000000e+01,2.209237767174422259e-02,9.416051314509407688e-02,-2.090363391821088712e-01,-4.117842570692821225e-01,-1.891118349742667792e+00,1.369038010593604193e+00
1.680277318492000103e+09,7.500000000000000000e+01,2.209237767174422259e-02,9.416051314509407688e-02,-2.090363391821088712e-01,-4.117842570692821225e-01,-1.891118349742667792e+00,1.369038010593604193e+00
1.680277318496000051e+09,7.500000000000000000e+01,2.289871978616560624e-02,9.591631437260036974e-02,-2.080397561792201033e-01,-4.127756040844149377e-01,-1.893148167662737080e+00,1.374450276604038512e+00
1.680277318500000000e+09,7.500000000000000000e+01,2.289871978616560624e-02,9.591631437260036974e-02,-2.080397561792201033e-01,-4.127756040844149377e-01,-1.893148167662737080e+00,1.374450276604038512e+00
1.680277318506000042e+09,7.500000000000000000e+01,2.369284459582302396e-02,9.747314806537932252e-02,-2.071636008947189411e-01,-4.137128458927358809e-01,-1.895017415291623042e+00,1.379860797285220819e+00
1.680277318512000084e+09,7.500000000000000000e+01,2.453932928304027039e-02,9.900031116087434913e-02,-2.063083895612417284e-01,-4.146849942860966753e-01,-1.896904116213029123e+00,1.385657035731094222e+00
1.680277318516000032e+09,7.500000000000000000e+01,2.453932928304027039e-02,9.900031116087434913e-02,-2.063083895612417284e-01,-4.146849942860966753e-01,-1.896904116213029123e+00,1.385657035731094222e+00
1.680277318519999981e+09,7.500000000000000000e+01,2.556732821246493481e-02,1.008573414849963101e-01,-2.052559560222891599e-01,-4.158456382386729322e-01,-1.899200969508653580e+00,1.392718637884662991e+00
1.680277318526999950e+09,7.500000000000000000e+01,2.669830156775725855e-02,1.029063580268376604e-01,-2.041057840452248640e-01,-4.170918033245968881e-01,-1.901712498302273513e+00,1.400471390422022067e+00
1.680277318530999899e+09,7.500000000000000000e+01,2.669830156775725855e-02,1.029063580268376604e-01,-2.041057840452248640e-01,-4.170918033245968881e-01,-1.901712498302273513e+00,1.400471390422022067e+00
1.680277318538000107e+09,7.600000000000000000e+01,2.767394061962208732e-02,1.046551779373359747e-01,-2.031092010423360961e-01,-4.181494728513054926e-01,-1.903866234599234541e+00,1.407110622896608376e+00
1.680277318542999983e+09,7.600000000000000000e+01,2.854660524561925330e-02,1.061544157647991149e-01,-2.022539897088588834e-01,-4.190884599888783923e-01,-1.905754680849892191e+00,1.413060450316657057e+00
1.680277318546999931e+09,7.600000000000000000e+01,2.854660524561925330e-02,1.061544157647991149e-01,-2.022539897088588834e-01,-4.190884599888783923e-01,-1.905754680849892191e+00,1.413060450316657057e+00
1.680277318551000118e+09,7.600000000000000000e+01,2.941752454236442466e-02,1.074913379718267781e-01,-2.014877901672333660e-01,-4.199576339563715899e-01,-1.907480811480114724e+00,1.419046929650997768e+00
1.680277318555000067e+09,7.600000000000000000e+01,2.941752454236442466e-02,1.074913379718267781e-01,-2.014877901672333660e-01,-4.199576339563715899e-01,-1.907480811480114724e+00,1.419046929650997768e+00
1.680277318559999943e+09,7.600000000000000000e+01,3.027622653434563355e-02,1.086799071924349075e-01,-2.008088570882075874e-01,-4.207779387048088959e-01,-1.909083023733445517e+00,1.424958359827502408e+00
1.680277318568000078e+09,7.600000000000000000e+01,3.112271122156288344e-02,1.096956888170955990e-01,-2.002171904717815198e-01,-4.215615915389543944e-01,-1.910543864317364671e+00,1.430868044674755035e+00
1.680277318575000048e+09,7.600000000000000000e+01,3.198141321354409233e-02,1.105823160771087221e-01,-1.997023183424431747e-01,-4.222963751540439459e-01,-1.911879041195140294e+00,1.436854524009095746e+00
1.680277318578999996e+09,7.600000000000000000e+01,3.198141321354409233e-02,1.105823160771087221e-01,-1.997023183424431747e-01,-4.222963751540439459e-01,-1.911879041195140294e+00,1.436854524009095746e+00
1.680277318582999945e+09,7.600000000000000000e+01,3.296926957017288357e-02,1.115719177629895115e-01,-1.991106517260171072e-01,-4.231323878657493043e-01,-1.913409694949139483e+00,1.443802679761285068e+00
1.680277318586999893e+09,7.600000000000000000e+01,3.296926957017288357e-02,1.115719177629895115e-01,-1.991106517260171072e-01,-4.231323878657493043e-01,-1.913409694949139483e+00,1.443802679761285068e+00
1.680277318591000080e+09,7.600000000000000000e+01,3.412816819349712150e-02,1.127151084230458011e-01,-1.984299733177393166e-01,-4.240870829665902009e-01,-1.915189930786173500e+00,1.451824213003451325e+00
1.680277318595000029e+09,7.600000000000000000e+01,3.412816819349712150e-02,1.127151084230458011e-01,-1.984299733177393166e-01,-4.240870829665902009e-01,-1.915189930786173500e+00,1.451824213003451325e+00
1.680277318601999998e+09,7.700000000000000000e+01,3.519456436646566100e-02,1.137675419619983697e-01,-1.978051454455253266e-01,-4.249230956782954483e-01,-1.916811341661276424e+00,1.459154595861827275e+00
1.680277318607000113e+09,7.700000000000000000e+01,3.615798611356652037e-02,1.146454425757515161e-01,-1.972693293651630875e-01,-4.256578792933850552e-01,-1.918218077038383873e+00,1.465793828336413807e+00
1.680277318611000061e+09,7.700000000000000000e+01,3.615798611356652037e-02,1.146454425757515161e-01,-1.972693293651630875e-01,-4.256578792933850552e-01,-1.918218077038383873e+00,1.465793828336413807e+00
1.680277318615000010e+09,7.700000000000000000e+01,3.713362516543135955e-02,1.153767355323371407e-01,-1.968085624426365865e-01,-4.263577563234348111e-01,-1.919481695416827671e+00,1.472394663567456297e+00
1.680277318618999958e+09,7.700000000000000000e+01,3.713362516543135955e-02,1.153767355323371407e-01,-1.968085624426365865e-01,-4.263577563234348111e-01,-1.919481695416827671e+00,1.472394663567456297e+00
1.680277318624000072e+09,7.700000000000000000e+01,3.809704691253222586e-02,1.159631661610072417e-01,-1.964368073119618086e-01,-4.269878201834047537e-01,-1.920621395418379951e+00,1.479033896042042828e+00
1.680277318630000114e+09,7.700000000000000000e+01,3.907268596439705810e-02,1.164012438032578228e-01,-1.961401013391227410e-01,-4.275864681168387582e-01,-1.921635431713788922e+00,1.485598079358793289e+00
1.680277318634999990e+09,7.700000000000000000e+01,3.907268596439705810e-02,1.164012438032578228e-01,-1.961401013391227410e-01,-4.275864681168387582e-01,-1.921635431713788922e+00,1.485598079358793289e+00
1.680277318638999939e+09,7.700000000000000000e+01,4.003610771149792441e-02,1.166944591175928664e-01,-1.959219351826234634e-01,-4.281484641359809551e-01,-1.922508096339786032e+00,1.492160517346292181e+00
1.680277318642999887e+09,7.700000000000000000e+01,4.003610771149792441e-02,1.166944591175928664e-01,-1.959219351826234634e-01,-4.281484641359809551e-01,-1.922508096339786032e+00,1.492160517346292181e+00
1.680277318648000002e+09,7.700000000000000000e+01,4.105014400690663173e-02,1.168864453353122418e-01,-1.957561289036839902e-01,-4.286772988993352573e-01,-1.923309202466451318e+00,1.499030133282141630e+00
1.680277318654999971e+09,7.700000000000000000e+01,4.224743987377473781e-02,1.171150834673235080e-01,-1.955589066982086621e-01,-4.292916547960372586e-01,-1.924253425591780253e+00,1.507013269280763845e+00
1.680277318658999920e+09,7.700000000000000000e+01,4.224743987377473781e-02,1.171150834673235080e-01,-1.955589066982086621e-01,-4.292916547960372586e-01,-1.924253425591780253e+00,1.507013269280763845e+00
1.680277318664999962e+09,7.800000000000000000e+01,4.337841322906706154e-02,1.173262683068148071e-01,-1.953616844927332785e-01,-4.298379428519115142e-01,-1.925143543510297262e+00,1.514574035600403157e+00
1.680277318671000004e+09,7.800000000000000000e+01,4.442037479250768306e-02,1.174449506959504286e-01,-1.952203128233217511e-01,-4.302987097744379597e-01,-1.925892289759402853e+00,1.521482048779796648e+00
1.680277318674999952e+09,7.800000000000000000e+01,4.442037479250768306e-02,1.174449506959504286e-01,-1.952203128233217511e-01,-4.302987097744379597e-01,-1.925892289759402853e+00,1.521482048779796648e+00
1.680277318681999922e+09,7.800000000000000000e+01,4.548677096547621562e-02,1.174082987816585516e-01,-1.951539903117459618e-01,-4.307245701119246095e-01,-1.926478720388072885e+00,1.528351664715646541e+00
1.680277318687999964e+09,7.800000000000000000e+01,4.654094983368078919e-02,1.172250392101991390e-01,-1.951766795920218955e-01,-4.310998159011033559e-01,-1.926941232639851620e+00,1.535184628737204182e+00
1.680277318694999933e+09,7.800000000000000000e+01,4.760734600664932870e-02,1.168777186890522790e-01,-1.952866353348975126e-01,-4.314419004344942632e-01,-1.927244919929698597e+00,1.542015847429510034e+00
1.680277318698999882e+09,7.800000000000000000e+01,4.760734600664932870e-02,1.168777186890522790e-01,-1.952866353348975126e-01,-4.314419004344942632e-01,-1.927244919929698597e+00,1.542015847429510034e+00
1.680277318703000069e+09,7.800000000000000000e+01,4.868770481363381836e-02,1.163837905107378834e-01,-1.954838575403728962e-01,-4.317316250903253105e-01,-1.927422943513401821e+00,1.548770271634728246e+00
1.680277318707000017e+09,7.800000000000000000e+01,4.868770481363381836e-02,1.163837905107378834e-01,-1.954838575403728962e-01,-4.317316250903253105e-01,-1.927422943513401821e+00,1.548770271634728246e+00
1.680277318713999987e+09,7.800000000000000000e+01,4.978028092538226701e-02,1.157432546752559521e-01,-1.957456569281720571e-01,-4.319881884903685187e-01,-1.927457850098441838e+00,1.555639887570577917e+00
1.680277318719000101e+09,7.800000000000000000e+01,5.104215397457417119e-02,1.149753098043784505e-01,-1.960633068520349909e-01,-4.322430065611596595e-01,-1.927457850098441838e+00,1.563431037351480590e+00
1.680277318723000050e+09,7.800000000000000000e+01,5.104215397457417119e-02,1.149753098043784505e-01,-1.960633068520349909e-01,-4.322430065611596595e-01,-1.927457850098441838e+00,1.563431037351480590e+00
1.680277318730000019e+09,7.900000000000000000e+01,5.225341247545823437e-02,1.142509981648008044e-01,-1.963600128248740584e-01,-4.324664087054149730e-01,-1.927475303390961736e+00,1.570838214696944402e+00
1.680277318733999968e+09,7.900000000000000000e+01,5.335820589197064201e-02,1.135109785619552170e-01,-1.966671907732250590e-01,-4.326357056428584147e-01,-1.927405490220881923e+00,1.577592638902162392e+00
1.680277318737999916e+09,7.900000000000000000e+01,5.335820589197064201e-02,1.135109785619552170e-01,-1.966671907732250590e-01,-4.326357056428584147e-01,-1.927405490220881923e+00,1.577592638902162392e+00
1.680277318742000103e+09,7.900000000000000000e+01,5.447870727175100486e-02,1.126051526801701563e-01,-1.970721071596877039e-01,-4.327561333612460204e-01,-1.927155908137846874e+00,1.584272013949544755e+00
1.680277318746999979e+09,7.900000000000000000e+01,5.447870727175100486e-02,1.126051526801701563e-01,-1.970721071596877039e-01,-4.327561333612460204e-01,-1.927155908137846874e+00,1.584272013949544755e+00
1.680277318750999928e+09,7.900000000000000000e+01,5.560968062704332859e-02,1.115247938731856597e-01,-1.975642900087501153e-01,-4.328416544945937194e-01,-1.926763209056147952e+00,1.590872849180587467e+00
1.680277318755000114e+09,7.900000000000000000e+01,5.560968062704332859e-02,1.115247938731856597e-01,-1.975642900087501153e-01,-4.328416544945937194e-01,-1.926763209056147952e+00,1.590872849180587467e+00
1.680277318759000063e+09,7.900000000000000000e+01,5.674239931158765043e-02,1.102908460920256767e-01,-1.981559566251762106e-01,-4.328922690429015674e-01,-1.926194231719997818e+00,1.597435287168086138e+00
1.680277318763000011e+09,7.900000000000000000e+01,5.674239931158765043e-02,1.102908460920256767e-01,-1.981559566251762106e-01,-4.328922690429015674e-01,-1.926194231719997818e+00,1.597435287168086138e+00
1.680277318766999960e+09,7.900000000000000000e+01,5.787337266687997417e-02,1.088718934101542829e-01,-1.988471070089659620e-01,-4.328922690429015674e-01,-1.925464684092664358e+00,1.603922675997748959e+00
1.680277318770999908e+09,7.900000000000000000e+01,5.787337266687997417e-02,1.088718934101542829e-01,-1.988471070089659620e-01,-4.328922690429015674e-01,-1.925464684092664358e+00,1.603922675997748959e+00
1.680277318776999950e+09,7.900000000000000000e+01,5.903227129020420516e-02,1.072888797785954279e-01,-1.996255238553554245e-01,-4.328416544945937194e-01,-1.924574566174147128e+00,1.610408319498159768e+00
1.680277318782999992e+09,7.900000000000000000e+01,6.035872152171990052e-02,1.054510480762454044e-01,-2.005348403956444814e-01,-4.327561333612460204e-01,-1.923523877964446571e+00,1.617777099600079982e+00
1.680277318786999941e+09,7.900000000000000000e+01,6.035872152171990052e-02,1.054510480762454044e-01,-2.005348403956444814e-01,-4.327561333612460204e-01,-1.923523877964446571e+00,1.617777099600079982e+00
1.680277318792999983e+09,8.000000000000000000e+01,6.163455720492775486e-02,1.036935015194871135e-01,-2.013883063998697098e-01,-4.326706122278982658e-01,-1.922508096339786032e+00,1.624800304510105153e+00
1.680277318798000097e+09,8.000000000000000000e+01,6.280567313301595178e-02,1.020110041205645746e-01,-2.022208284530709888e-01,-4.325501845095106601e-01,-1.921511513336897181e+00,1.631170756279884282e+00
1.680277318802000046e+09,8.000000000000000000e+01,6.280567313301595178e-02,1.020110041205645746e-01,-2.022208284530709888e-01,-4.325501845095106601e-01,-1.921511513336897181e+00,1.631170756279884282e+00
1.680277318805999994e+09,8.000000000000000000e+01,6.397678906110414176e-02,1.001627004427025763e-01,-2.031423622981240185e-01,-4.323965955353351598e-01,-1.920336906750304884e+00,1.637389364404740144e+00
1.680277318809999943e+09,8.000000000000000000e+01,6.397678906110414176e-02,1.001627004427025763e-01,-2.031423622981240185e-01,-4.323965955353351598e-01,-1.920336906750304884e+00,1.637389364404740144e+00
1.680277318815000057e+09,8.000000000000000000e+01,6.514790498919233175e-02,9.815906246141309355e-02,-2.041616345812886923e-01,-4.321923920128518115e-01,-1.918982531250757351e+00,1.643452638226168494e+00
1.680277318819000006e+09,8.000000000000000000e+01,6.514790498919233175e-02,9.815906246141309355e-02,-2.041616345812886923e-01,-4.321923920128518115e-01,-1.918982531250757351e+00,1.643452638226168494e+00
1.680277318822999954e+09,8.000000000000000000e+01,6.630505828326457851e-02,9.598961820118412369e-02,-2.052786453025650659e-01,-4.319532819053286121e-01,-1.917469330789278281e+00,1.649402465646217175e+00
1.680277318826999903e+09,8.000000000000000000e+01,6.630505828326457851e-02,9.598961820118412369e-02,-2.052786453025650659e-01,-4.319532819053286121e-01,-1.917469330789278281e+00,1.649402465646217175e+00
1.680277318831000090e+09,8.000000000000000000e+01,6.746395690658882338e-02,9.365785832051971849e-02,-2.064951397912051234e-01,-4.316984638345374714e-01,-1.915795560036615663e+00,1.655196958762838566e+00
1.680277318835000038e+09,8.000000000000000000e+01,6.746395690658882338e-02,9.365785832051971849e-02,-2.064951397912051234e-01,-4.316984638345374714e-01,-1.915795560036615663e+00,1.655196958762838566e+00
1.680277318841000080e+09,8.000000000000000000e+01,6.864729013944097236e-02,9.112364024662394923e-02,-2.078198446934688137e-01,-4.313738325936665174e-01,-1.913926312407729702e+00,1.660993197208711525e+00
1.680277318845999956e+09,8.000000000000000000e+01,7.001388294375253396e-02,8.819497776177746828e-02,-2.093539891059718328e-01,-4.309985868044877710e-01,-1.911753377488996763e+00,1.667594032439754015e+00
1.680277318849999905e+09,8.000000000000000000e+01,7.001388294375253396e-02,8.819497776177746828e-02,-2.093539891059718328e-01,-4.309985868044877710e-01,-1.911753377488996763e+00,1.667594032439754015e+00
1.680277318857000113e+09,8.100000000000000000e+01,7.138047574806409556e-02,8.528551389870291100e-02,-2.108776615429628631e-01,-4.306058877227890158e-01,-1.909582187899515837e+00,1.674118073183708866e+00
1.680277318861999989e+09,8.100000000000000000e+01,7.262838616324003571e-02,8.255058296082780356e-02,-2.123123221881022260e-01,-4.302131886410902606e-01,-1.907515718065154520e+00,1.680029503360213727e+00
1.680277318865999937e+09,8.100000000000000000e+01,7.262838616324003571e-02,8.255058296082780356e-02,-2.123123221881022260e-01,-4.302131886410902606e-01,-1.907515718065154520e+00,1.680029503360213727e+00
1.680277318871000051e+09,8.100000000000000000e+01,7.386582460290401497e-02,7.970569628007703744e-02,-2.138255226495812955e-01,-4.298030362668716076e-01,-1.905344528475673593e+00,1.685708804746203215e+00
1.680277318875000000e+09,8.100000000000000000e+01,7.386582460290401497e-02,7.970569628007703744e-02,-2.138255226495812955e-01,-4.298030362668716076e-01,-1.905344528475673593e+00,1.685708804746203215e+00
1.680277318881999969e+09,8.100000000000000000e+01,7.506137514052013682e-02,7.675958050271060318e-02,-2.154033002933841701e-01,-4.293597226368650599e-01,-1.903011023265757107e+00,1.691121070756637534e+00
1.680277318885999918e+09,8.100000000000000000e+01,7.624645370262428390e-02,7.370350898246853799e-02,-2.170578724242747948e-01,-4.288989557143385589e-01,-1.900572798300721233e+00,1.696301207976556924e+00
1.680277318890000105e+09,8.100000000000000000e+01,7.624645370262428390e-02,7.370350898246853799e-02,-2.170578724242747948e-01,-4.288989557143385589e-01,-1.900572798300721233e+00,1.696301207976556924e+00
1.680277318894000053e+09,8.100000000000000000e+01,7.739138969193255779e-02,7.052875507309086522e-02,-2.187892390422531697e-01,-4.284224808285441166e-01,-1.897991456337021487e+00,1.701214309820920700e+00
1.680277318898000002e+09,8.100000000000000000e+01,7.739138969193255779e-02,7.052875507309086522e-02,-2.187892390422531697e-01,-4.284224808285441166e-01,-1.897991456337021487e+00,1.701214309820920700e+00
1.680277318901999950e+09,8.100000000000000000e+01,7.856250562002074778e-02,6.717074159225376595e-02,-2.206410333786191502e-01,-4.279093540284577002e-01,-1.895230345460366506e+00,1.706089014421741101e+00
1.680277318905999899e+09,8.100000000000000000e+01,7.856250562002074778e-02,6.717074159225376595e-02,-2.206410333786191502e-01,-4.279093540284577002e-01,-1.895230345460366506e+00,1.706089014421741101e+00
1.680277318910000086e+09,8.100000000000000000e+01,7.992909842433232326e-02,6.325596808003047800e-02,-2.227877883585721586e-01,-4.272949981317557544e-01,-1.892008467661185023e+00,1.711691521320642728e+00
1.680277318914000034e+09,8.100000000000000000e+01,7.992909842433232326e-02,6.325596808003047800e-02,-2.227877883585721586e-01,-4.272949981317557544e-01,-1.892008467661185023e+00,1.711691521320642728e+00
1.680277318917999983e+09,8.100000000000000000e+01,8.136026841096766216e-02,5.914746302083583734e-02,-2.250444990814008395e-01,-4.266474809792658585e-01,-1.888626019570819992e+00,1.717564554253603770e+00
1.680277318921999931e+09,8.100000000000000000e+01,8.136026841096766216e-02,5.914746302083583734e-02,-2.250444990814008395e-01,-4.266474809792658585e-01,-1.888626019570819992e+00,1.717564554253603770e+00
1.680277318928999901e+09,8.200000000000000000e+01,8.263435876492353227e-02,5.553288613995557843e-02,-2.270394104164303595e-01,-4.260662863383517518e-01,-1.885651978525421768e+00,1.722667896986435077e+00
1.680277318934000015e+09,8.200000000000000000e+01,8.374089751068793108e-02,5.234940558431792207e-02,-2.287917209854326839e-01,-4.255374515749974496e-01,-1.882999078062390197e+00,1.727081834664728754e+00
1.680277318937999964e+09,8.200000000000000000e+01,8.374089751068793108e-02,5.234940558431792207e-02,-2.287917209854326839e-01,-4.255374515749974496e-01,-1.882999078062390197e+00,1.727081834664728754e+00
1.680277318941999912e+09,8.200000000000000000e+01,8.475493380609662453e-02,4.928460741781587329e-02,-2.305021436523871092e-01,-4.250435233966831094e-01,-1.880435189391210571e+00,1.730996608176952112e+00
1.680277318946000099e+09,8.200000000000000000e+01,8.475493380609662453e-02,4.928460741781587329e-02,-2.305021436523871092e-01,-4.250435233966831094e-01,-1.880435189391210571e+00,1.730996608176952112e+00
1.680277318950999975e+09,8.200000000000000000e+01,8.569217561441758169e-02,4.632976499418947625e-02,-2.321567157832777617e-01,-4.245653031816366552e-01,-1.877923660597590638e+00,1.734527409253736607e+00
1.680277318957999945e+09,8.200000000000000000e+01,8.653866030163484546e-02,4.350233160595866344e-02,-2.337676546828685031e-01,-4.241045362591100987e-01,-1.875485435632554765e+00,1.737559046164450782e+00
1.680277318961999893e+09,8.200000000000000000e+01,8.653866030163484546e-02,4.350233160595866344e-02,-2.337676546828685031e-01,-4.241045362591100987e-01,-1.875485435632554765e+00,1.737559046164450782e+00
1.680277318966000080e+09,8.200000000000000000e+01,8.733278511129226318e-02,4.066617157146788092e-02,-2.353890655579712610e-01,-4.236437693365835977e-01,-1.873028012045746538e+00,1.740362044943153830e+00
1.680277318970000029e+09,8.200000000000000000e+01,8.733278511129226318e-02,4.066617157146788092e-02,-2.353890655579712610e-01,-4.236437693365835977e-01,-1.873028012045746538e+00,1.740362044943153830e+00
1.680277318973999977e+09,8.200000000000000000e+01,8.829446152914113832e-02,3.728197815185087249e-02,-2.373281263569369248e-01,-4.231149345732292955e-01,-1.870073169622120224e+00,1.743662462558674964e+00
1.680277318977999926e+09,8.200000000000000000e+01,8.829446152914113832e-02,3.728197815185087249e-02,-2.373281263569369248e-01,-4.231149345732292955e-01,-1.870073169622120224e+00,1.743662462558674964e+00
1.680277318984999895e+09,8.200000000000000000e+01,8.942718021368545323e-02,3.326423021375992523e-02,-2.396284703110654613e-01,-4.224674174207394550e-01,-1.866582511118131560e+00,1.747538838827354279e+00
1.680277318990999937e+09,8.200000000000000000e+01,9.074141314043718265e-02,2.864434368373093565e-02,-2.422796254448448539e-01,-4.217151805131298947e-01,-1.862576980484804468e+00,1.751991173749191777e+00
1.680277319000000000e+09,8.300000000000000000e+01,9.201550349439305276e-02,2.418851810338941075e-02,-2.448435141160245077e-01,-4.209821422272922442e-01,-1.858695368228369338e+00,1.756288174367601984e+00
1.680277319005000114e+09,8.300000000000000000e+01,9.320058205649719985e-02,2.002590783738293634e-02,-2.472433418375167280e-01,-4.202997184897624416e-01,-1.855063338054969035e+00,1.760164550636281300e+00
1.680277319009000063e+09,8.300000000000000000e+01,9.320058205649719985e-02,2.002590783738293634e-02,-2.472433418375167280e-01,-4.202997184897624416e-01,-1.855063338054969035e+00,1.760164550636281300e+00
1.680277319013000011e+09,8.300000000000000000e+01,9.435773535056943273e-02,1.586329757137646193e-02,-2.496658588392848543e-01,-4.196172947522326946e-01,-1.851412109259797045e+00,1.763887337930785115e+00
1.680277319017999887e+09,8.300000000000000000e+01,9.435773535056943273e-02,1.586329757137646193e-02,-2.496658588392848543e-01,-4.196172947522326946e-01,-1.851412109259797045e+00,1.763887337930785115e+00
1.680277319022000074e+09,8.300000000000000000e+01,9.550267133987772050e-02,1.167276203733807506e-02,-2.520971024873129851e-01,-4.189174177221829387e-01,-1.847727719208837049e+00,1.767458281580365664e+00
1.680277319026000023e+09,8.300000000000000000e+01,9.550267133987772050e-02,1.167276203733807506e-02,-2.520971024873129851e-01,-4.189174177221829387e-01,-1.847727719208837049e+00,1.767458281580365664e+00
1.680277319029999971e+09,8.300000000000000000e+01,9.660921008564213319e-02,7.482226503299690794e-03,-2.545632527203809392e-01,-4.182349939846531917e-01,-1.844024130536104700e+00,1.770873890926518479e+00
1.680277319033999920e+09,8.300000000000000000e+01,9.660921008564213319e-02,7.482226503299690794e-03,-2.545632527203809392e-01,-4.182349939846531917e-01,-1.844024130536104700e+00,1.770873890926518479e+00
1.680277319038000107e+09,8.300000000000000000e+01,9.770178619739057491e-02,3.265511030481390436e-03,-2.570503469044728706e-01,-4.175525702471233891e-01,-1.840283889949080987e+00,1.774097514054952196e+00
1.680277319042000055e+09,8.300000000000000000e+01,9.770178619739057491e-02,3.265511030481390436e-03,-2.570503469044728706e-01,-4.175525702471233891e-01,-1.840283889949080987e+00,1.774097514054952196e+00
1.680277319049000025e+09,8.300000000000000000e+01,9.878214500437505763e-02,-9.512044423369095955e-04,-2.595479130640767629e-01,-4.168875998021135398e-01,-1.836510488106269268e+00,1.777167548209210191e+00
1.680277319055000067e+09,8.300000000000000000e+01,9.983632387257963814e-02,-5.213298475707063041e-03,-2.620908577842324672e-01,-4.162051760645837928e-01,-1.832698689019913729e+00,1.780083993389292463e+00
1.680277319062000036e+09,8.300000000000000000e+01,1.010196571054318010e-01,-9.971066016643605548e-03,-2.649392351234872156e-01,-4.154372311937062912e-01,-1.828443576303551588e+00,1.783307616517726180e+00
1.680277319065999985e+09,8.300000000000000000e+01,1.010196571054318010e-01,-9.971066016643605548e-03,-2.649392351234872156e-01,-4.154372311937062912e-01,-1.828443576303551588e+00,1.783307616517726180e+00
1.680277319069999933e+09,8.300000000000000000e+01,1.023216727274195575e-01,-1.523148838215451426e-02,-2.680843184355810038e-01,-4.146012184820009883e-01,-1.823725951335410711e+00,1.786800020350966633e+00
1.680277319073999882e+09,8.300000000000000000e+01,1.023216727274195575e-01,-1.523148838215451426e-02,-2.680843184355810038e-01,-4.146012184820009883e-01,-1.823725951335410711e+00,1.786800020350966633e+00
1.680277319082000017e+09,8.400000000000000000e+01,1.035311858990516365e-01,-2.006255975167481678e-02,-2.709763290061356078e-01,-4.138158203186035333e-01,-1.819399280119716744e+00,1.790025388808652362e+00
1.680277319089999914e+09,8.400000000000000000e+01,1.046639045835959653e-01,-2.458296251434013285e-02,-2.736938066514907897e-01,-4.130810367035139263e-01,-1.815339644279578168e+00,1.792980231232278676e+00
1.680277319094000101e+09,8.400000000000000000e+01,1.057826606341243231e-01,-2.912081856952539183e-02,-2.764339735771219053e-01,-4.123479984176763313e-01,-1.811262555146919251e+00,1.795819881925273531e+00
1.680277319098000050e+09,8.400000000000000000e+01,1.057826606341243231e-01,-2.912081856952539183e-02,-2.764339735771219053e-01,-4.123479984176763313e-01,-1.811262555146919251e+00,1.795819881925273531e+00
1.680277319101999998e+09,8.400000000000000000e+01,1.068874540506367377e-01,-3.366740127097062052e-02,-2.791950844537769427e-01,-4.116306680951066777e-01,-1.807166267392488646e+00,1.798505943644092886e+00
1.680277319105999947e+09,8.400000000000000000e+01,1.068874540506367377e-01,-3.366740127097062052e-02,-2.791950844537769427e-01,-4.116306680951066777e-01,-1.807166267392488646e+00,1.798505943644092886e+00
1.680277319109999895e+09,8.400000000000000000e+01,1.079817754916371636e-01,-3.823318259418777981e-02,-2.819771392814558464e-01,-4.108976298092690271e-01,-1.803036818382270035e+00,1.801155353448620211e+00
1.680277319114000082e+09,8.400000000000000000e+01,1.079817754916371636e-01,-3.823318259418777981e-02,-2.819771392814558464e-01,-4.108976298092690271e-01,-1.803036818382270035e+00,1.801155353448620211e+00
1.680277319118000031e+09,8.400000000000000000e+01,1.090603889693696760e-01,-4.280769056366492270e-02,-2.847818833894107948e-01,-4.101802994866993735e-01,-1.798888170750279736e+00,1.803649428949720024e+00
1.680277319125999928e+09,8.400000000000000000e+01,1.101285304715901997e-01,-4.740837847192197474e-02,-2.876093167776415660e-01,-4.094647144933816763e-01,-1.794720324496517083e+00,1.806028312720188378e+00
1.680277319130000114e+09,8.400000000000000000e+01,1.101285304715901997e-01,-4.740837847192197474e-02,-2.876093167776415660e-01,-4.094647144933816763e-01,-1.794720324496517083e+00,1.806028312720188378e+00
1.680277319134000063e+09,8.400000000000000000e+01,1.111827093397947802e-01,-5.201081170943101795e-02,-2.904576941168963145e-01,-4.087473841708120226e-01,-1.790519316986966869e+00,1.808332147332820883e+00
1.680277319138000011e+09,8.400000000000000000e+01,1.111827093397947802e-01,-5.201081170943101795e-02,-2.904576941168963145e-01,-4.087473841708120226e-01,-1.790519316986966869e+00,1.808332147332820883e+00
1.680277319144999981e+09,8.400000000000000000e+01,1.123014653903231380e-01,-5.690646026127511165e-02,-2.934928216861144579e-01,-4.079968925924544743e-01,-1.786066982065129372e+00,1.810672633859745195e+00
1.680277319150000095e+09,8.400000000000000000e+01,1.135633384395150491e-01,-6.244962596560910822e-02,-2.969346109710472859e-01,-4.071434265882292181e-01,-1.781010763222101501e+00,1.813320298335020730e+00
1.680277319154000044e+09,8.400000000000000000e+01,1.135633384395150491e-01,-6.244962596560910822e-02,-2.969346109710472859e-01,-4.071434265882292181e-01,-1.781010763222101501e+00,1.813320298335020730e+00
1.680277319157999992e+09,8.400000000000000000e+01,1.148775713662667647e-01,-6.812194603459066633e-02,-3.004619213893278129e-01,-4.062567993282161227e-01,-1.775848079294702231e+00,1.816008105383091875e+00
1.680277319165999889e+09,8.500000000000000000e+01,1.160486872943549685e-01,-7.315373026809032786e-02,-3.035965327259096402e-01,-4.054714011648186678e-01,-1.771271825995973215e+00,1.818348591910016410e+00
1.680277319173000097e+09,8.500000000000000000e+01,1.171412634061034241e-01,-7.787484589473499252e-02,-3.065426485032760606e-01,-4.047383628789810728e-01,-1.766962608072799368e+00,1.820498837548473414e+00
1.680277319177000046e+09,8.500000000000000000e+01,1.171412634061034241e-01,-7.787484589473499252e-02,-3.065426485032760606e-01,-4.047383628789810728e-01,-1.766962608072799368e+00,1.820498837548473414e+00
1.680277319181999922e+09,8.500000000000000000e+01,1.182216222130879069e-01,-8.260468816763961997e-02,-3.095009815854064539e-01,-4.040035792638914103e-01,-1.762653390149625299e+00,1.822608940614134587e+00
1.680277319187999964e+09,8.500000000000000000e+01,1.193141983248363486e-01,-8.735372906231619883e-02,-3.124924759233246863e-01,-4.032705409780537598e-01,-1.758309265641411434e+00,1.824603851949164079e+00
1.680277319193000078e+09,8.500000000000000000e+01,1.193141983248363486e-01,-8.735372906231619883e-02,-3.124924759233246863e-01,-4.032705409780537598e-01,-1.758309265641411434e+00,1.824603851949164079e+00
1.680277319197999954e+09,8.500000000000000000e+01,1.203945571318208591e-01,-9.212022324951271712e-02,-3.155066595415189634e-01,-4.025375026922162203e-01,-1.753947687840677450e+00,1.826523714126357723e+00
1.680277319203999996e+09,8.500000000000000000e+01,1.214609533047893847e-01,-9.690591605848115908e-02,-3.185417871107371068e-01,-4.018201723696465111e-01,-1.749566911418171777e+00,1.828366781816463726e+00
1.680277319209000111e+09,8.500000000000000000e+01,1.214609533047893847e-01,-9.690591605848115908e-02,-3.185417871107371068e-01,-4.018201723696465111e-01,-1.749566911418171777e+00,1.828366781816463726e+00
1.680277319213000059e+09,8.500000000000000000e+01,1.225273494777579103e-01,-1.017090621599695544e-01,-3.216083306064911329e-01,-4.010871340838088606e-01,-1.745151228410626087e+00,1.830131309690230079e+00
1.680277319217000008e+09,8.500000000000000000e+01,1.225273494777579103e-01,-1.017090621599695544e-01,-3.216083306064911329e-01,-4.010871340838088606e-01,-1.745151228410626087e+00,1.830131309690230079e+00
1.680277319220999956e+09,8.500000000000000000e+01,1.235954909799784479e-01,-1.065209349077179263e-01,-3.246888367362611438e-01,-4.003698037612392069e-01,-1.740718092110560500e+00,1.831820788406160583e+00
1.680277319224999905e+09,8.500000000000000000e+01,1.235954909799784479e-01,-1.065209349077179263e-01,-3.246888367362611438e-01,-4.003698037612392069e-01,-1.740718092110560500e+00,1.831820788406160583e+00
1.680277319229000092e+09,8.500000000000000000e+01,1.247002843964908625e-01,-1.115719177629895115e-01,-3.279316584864666040e-01,-3.996193121828816586e-01,-1.736070280312499658e+00,1.833546919036383116e+00
1.680277319233000040e+09,8.500000000000000000e+01,1.247002843964908625e-01,-1.115719177629895115e-01,-3.279316584864666040e-01,-3.996193121828816586e-01,-1.736070280312499658e+00,1.833546919036383116e+00
1.680277319236999989e+09,8.500000000000000000e+01,1.259761200796987168e-01,-1.172896163925229440e-01,-3.316020859034106705e-01,-3.987658461786564579e-01,-1.730818584593248666e+00,1.835466781213576759e+00
1.680277319240999937e+09,8.500000000000000000e+01,1.259761200796987168e-01,-1.172896163925229440e-01,-3.316020859034106705e-01,-3.987658461786564579e-01,-1.730818584593248666e+00,1.835466781213576759e+00
1.680277319246000051e+09,8.500000000000000000e+01,1.273549301887742236e-01,-1.235099698466307211e-01,-3.356128525244935767e-01,-3.978268590410835026e-01,-1.725085178000447472e+00,1.837500089792150293e+00
1.680277319256000042e+09,8.600000000000000000e+01,1.286429831767460508e-01,-1.292294138054161379e-01,-3.392937519169496596e-01,-3.969576850735903051e-01,-1.719850935573716377e+00,1.839381554725800116e+00
1.680277319260999918e+09,8.600000000000000000e+01,1.298524963483781158e-01,-1.346172452063226499e-01,-3.427669571284183703e-01,-3.961548336176729523e-01,-1.714901181815060571e+00,1.841107685356022428e+00
1.680277319265000105e+09,8.600000000000000000e+01,1.298524963483781158e-01,-1.346172452063226499e-01,-3.427669571284183703e-01,-3.961548336176729523e-01,-1.714901181815060571e+00,1.841107685356022428e+00
1.680277319272000074e+09,8.600000000000000000e+01,1.310759721540261380e-01,-1.400330018752610484e-01,-3.462733235956749756e-01,-3.953362741984875472e-01,-1.709914776142112514e+00,1.842758766828409112e+00
1.680277319278000116e+09,8.600000000000000000e+01,1.322994479596741602e-01,-1.454592305197114077e-01,-3.498128513187194755e-01,-3.945334227425701945e-01,-1.704912662505896792e+00,1.844369705727999742e+00
1.680277319285000086e+09,8.600000000000000000e+01,1.335089611313062252e-01,-1.509116391029416970e-01,-3.533628510172759918e-01,-3.937148633233848449e-01,-1.699891350247909383e+00,1.845867198226210926e+00
1.680277319289000034e+09,8.600000000000000000e+01,1.335089611313062252e-01,-1.509116391029416970e-01,-3.533628510172759918e-01,-3.937148633233848449e-01,-1.699891350247909383e+00,1.845867198226210926e+00
1.680277319292999983e+09,8.600000000000000000e+01,1.347324369369542474e-01,-1.563745196616839472e-01,-3.569460119716202917e-01,-3.929137571967194487e-01,-1.694852584697401632e+00,1.847326293480878068e+00
1.680277319296999931e+09,8.600000000000000000e+01,1.347324369369542474e-01,-1.563745196616839472e-01,-3.569460119716202917e-01,-3.929137571967194487e-01,-1.694852584697401632e+00,1.847326293480878068e+00
1.680277319302000046e+09,8.600000000000000000e+01,1.359681300473662424e-01,-1.618635801592061274e-01,-3.605501168769886244e-01,-3.920934524482820871e-01,-1.689777167232602073e+00,1.848745246162749378e+00
1.680277319309999943e+09,8.600000000000000000e+01,1.371916058530142646e-01,-1.673700939492482331e-01,-3.641873830381447408e-01,-3.912923463216166908e-01,-1.684686041804534629e+00,1.850050752443241464e+00
1.680277319315999985e+09,8.600000000000000000e+01,1.384272989634262596e-01,-1.728975516903142606e-01,-3.678368665040649410e-01,-3.904894948656993381e-01,-1.679575717754695274e+00,1.851316116150937052e+00
1.680277319321000099e+09,8.600000000000000000e+01,1.384272989634262596e-01,-1.728975516903142606e-01,-3.678368665040649410e-01,-3.904894948656993381e-01,-1.679575717754695274e+00,1.851316116150937052e+00
1.680277319325000048e+09,8.600000000000000000e+01,1.397415318901779890e-01,-1.788159631838270314e-01,-3.717586213332961798e-01,-3.896203208982061406e-01,-1.674109346537448806e+00,1.852621622431429138e+00
1.680277319328999996e+09,8.600000000000000000e+01,1.397415318901779890e-01,-1.788159631838270314e-01,-3.717586213332961798e-01,-3.896203208982061406e-01,-1.674109346537448806e+00,1.852621622431429138e+00
1.680277319335999966e+09,8.600000000000000000e+01,1.412250617543731601e-01,-1.853766558420737176e-01,-3.761201991340299977e-01,-3.886638804681132320e-01,-1.668037346069760618e+00,1.854080717686096058e+00
1.680277319344000101e+09,8.700000000000000000e+01,1.426300518022286246e-01,-1.915882826499215319e-01,-3.802409214979886598e-01,-3.877423466230602855e-01,-1.662303939476959203e+00,1.855384478637335910e+00
1.680277319348999977e+09,8.700000000000000000e+01,1.439704646677602562e-01,-1.974613155828824629e-01,-3.841522043517079377e-01,-3.868731726555670880e-01,-1.656874220174004986e+00,1.856613190430739913e+00
1.680277319352999926e+09,8.700000000000000000e+01,1.439704646677602562e-01,-1.974613155828824629e-01,-3.841522043517079377e-01,-3.868731726555670880e-01,-1.656874220174004986e+00,1.856613190430739913e+00
1.680277319357000113e+09,8.700000000000000000e+01,1.453230948380558607e-01,-2.033622737838752803e-01,-3.880966484612151102e-01,-3.860197066513418318e-01,-1.651425302249278637e+00,1.857765107737056276e+00
1.680277319361000061e+09,8.700000000000000000e+01,1.453230948380558607e-01,-2.033622737838752803e-01,-3.880966484612151102e-01,-3.860197066513418318e-01,-1.651425302249278637e+00,1.857765107737056276e+00
1.680277319365999937e+09,8.700000000000000000e+01,1.466774703376034494e-01,-2.092824306066400630e-01,-3.920620365217462044e-01,-3.851487873545966778e-01,-1.645941477739512271e+00,1.858838485227032766e+00
1.680277319372999907e+09,8.700000000000000000e+01,1.480440631419150110e-01,-2.152287673681847202e-01,-3.960623311673172053e-01,-3.842796133871035358e-01,-1.640440199937226451e+00,1.859875210802717449e+00
1.680277319377000093e+09,8.700000000000000000e+01,1.480440631419150110e-01,-2.152287673681847202e-01,-3.960623311673172053e-01,-3.842796133871035358e-01,-1.640440199937226451e+00,1.859875210802717449e+00
1.680277319381000042e+09,8.700000000000000000e+01,1.494089106169745607e-01,-2.211943027515013704e-01,-4.000835697639121835e-01,-3.834086940903583263e-01,-1.634919723513168277e+00,1.860835141891314271e+00
1.680277319384999990e+09,8.700000000000000000e+01,1.494089106169745607e-01,-2.211943027515013704e-01,-4.000835697639121835e-01,-3.834086940903583263e-01,-1.634919723513168277e+00,1.860835141891314271e+00
1.680277319388999939e+09,8.700000000000000000e+01,1.507894660553020794e-01,-2.271860180735978951e-01,-4.041257523115309724e-01,-3.825395201228651287e-01,-1.629364340504070308e+00,1.861718278492823453e+00
1.680277319392999887e+09,8.700000000000000000e+01,1.507894660553020794e-01,-2.271860180735978951e-01,-4.041257523115309724e-01,-3.825395201228651287e-01,-1.629364340504070308e+00,1.861718278492823453e+00
1.680277319398000002e+09,8.700000000000000000e+01,1.521804934691415867e-01,-2.331882053712063807e-01,-4.082028414441897790e-01,-3.816686008261199747e-01,-1.623791504202452440e+00,1.862563017850788594e+00
1.680277319404999971e+09,8.700000000000000000e+01,1.535854835169969956e-01,-2.392270445831067571e-01,-4.123008745278724518e-01,-3.807819735661068794e-01,-1.618183761315794778e+00,1.863329217392414305e+00
1.680277319408999920e+09,8.700000000000000000e+01,1.535854835169969956e-01,-2.392270445831067571e-01,-4.123008745278724518e-01,-3.807819735661068794e-01,-1.618183761315794778e+00,1.863329217392414305e+00
1.680277319413000107e+09,8.700000000000000000e+01,1.550166535036323623e-01,-2.454020194766626806e-01,-4.165193353299427304e-01,-3.798936009768417721e-01,-1.612432901430473242e+00,1.864058765019747765e+00
1.680277319417000055e+09,8.700000000000000000e+01,1.550166535036323623e-01,-2.454020194766626806e-01,-4.165193353299427304e-01,-3.798936009768417721e-01,-1.612432901430473242e+00,1.864058765019747765e+00
1.680277319421000004e+09,8.700000000000000000e+01,1.566171204277111428e-01,-2.522192755349525473e-01,-4.211636564694996587e-01,-3.789039992909609134e-01,-1.606111318879749783e+00,1.864826709890625267e+00
1.680277319424999952e+09,8.700000000000000000e+01,1.566171204277111428e-01,-2.522192755349525473e-01,-4.211636564694996587e-01,-3.789039992909609134e-01,-1.606111318879749783e+00,1.864826709890625267e+00
1.680277319433000088e+09,8.800000000000000000e+01,1.581530101694661739e-01,-2.587241176571354329e-01,-4.256020287573212824e-01,-3.779493041901200723e-01,-1.600075970326353403e+00,1.865517860274415129e+00
1.680277319437000036e+09,8.800000000000000000e+01,1.596243227288973721e-01,-2.648711672826594699e-01,-4.298100175838796000e-01,-3.770452236375870236e-01,-1.594377470318592005e+00,1.866132216171116909e+00
1.680277319440999985e+09,8.800000000000000000e+01,1.596243227288973721e-01,-2.648711672826594699e-01,-4.298100175838796000e-01,-3.770452236375870236e-01,-1.594377470318592005e+00,1.866132216171116909e+00
1.680277319444999933e+09,8.800000000000000000e+01,1.610938899590766138e-01,-2.710478875054673775e-01,-4.340389503614618394e-01,-3.761393977558019630e-01,-1.588644063725790589e+00,1.866706429495023301e+00
1.680277319448999882e+09,8.800000000000000000e+01,1.610938899590766138e-01,-2.710478875054673775e-01,-4.340389503614618394e-01,-3.761393977558019630e-01,-1.588644063725790589e+00,1.866706429495023301e+00
1.680277319453000069e+09,8.800000000000000000e+01,1.625896371280357577e-01,-2.772315890452832776e-01,-4.383010443948319734e-01,-3.752353172032689144e-01,-1.582910657132989396e+00,1.867167196417549802e+00
1.680277319457000017e+09,8.800000000000000000e+01,1.625896371280357577e-01,-2.772315890452832776e-01,-4.383010443948319734e-01,-3.752353172032689144e-01,-1.582910657132989396e+00,1.867167196417549802e+00
1.680277319463000059e+09,8.800000000000000000e+01,1.640871296262468859e-01,-2.834257625606111941e-01,-4.425753557329661358e-01,-3.743312366507358657e-01,-1.577142343955147963e+00,1.867551168852988441e+00
1.680277319469000101e+09,8.800000000000000000e+01,1.655950940999700027e-01,-2.896373893684589529e-01,-4.468688656928721525e-01,-3.734271560982027616e-01,-1.571354832155534620e+00,1.867896744044883262e+00
1.680277319473999977e+09,8.800000000000000000e+01,1.655950940999700027e-01,-2.896373893684589529e-01,-4.468688656928721525e-01,-3.734271560982027616e-01,-1.571354832155534620e+00,1.867896744044883262e+00
1.680277319480000019e+09,8.800000000000000000e+01,1.671187665369610609e-01,-2.958682147980787880e-01,-4.511868102623061150e-01,-3.725056222531497596e-01,-1.565551612392653613e+00,1.868127127506146401e+00
1.680277319484999895e+09,8.800000000000000000e+01,1.686529109494640521e-01,-3.021077668739584610e-01,-4.555152268072520383e-01,-3.716015417006167110e-01,-1.559729194008000475e+00,1.868319113723865943e+00
1.680277319490999937e+09,8.800000000000000000e+01,1.702010179959830283e-01,-3.083752442178701592e-01,-4.598750592787338998e-01,-3.706974611480836068e-01,-1.553889322330827660e+00,1.868395908210953582e+00
1.680277319496000051e+09,8.800000000000000000e+01,1.702010179959830283e-01,-3.083752442178701592e-01,-4.598750592787338998e-01,-3.706974611480836068e-01,-1.553889322330827660e+00,1.868395908210953582e+00
1.680277319500999928e+09,8.800000000000000000e+01,1.717770503105339186e-01,-3.147422053291454302e-01,-4.643239035420674288e-01,-3.697584740105107071e-01,-1.547923786947510871e+00,1.868434305454497624e+00
1.680277319505000114e+09,8.800000000000000000e+01,1.717770503105339186e-01,-3.147422053291454302e-01,-4.643239035420674288e-01,-3.697584740105107071e-01,-1.547923786947510871e+00,1.868434305454497624e+00
1.680277319512000084e+09,8.800000000000000000e+01,1.735188889040242544e-01,-3.217043237153508484e-01,-4.691898814966276587e-01,-3.687339657395899972e-01,-1.541425926142335978e+00,1.868434305454497624e+00
1.680277319517999887e+09,8.900000000000000000e+01,1.751978956444427971e-01,-3.283295935559212841e-01,-4.738132586851606098e-01,-3.677618173462292028e-01,-1.535264913882796067e+00,1.868395908210953582e+00
1.680277319523999929e+09,8.900000000000000000e+01,1.767861452637576325e-01,-3.345778722780609615e-01,-4.781957804369183496e-01,-3.668228302086561921e-01,-1.529425042205623031e+00,1.868319113723865943e+00
1.680277319528000116e+09,8.900000000000000000e+01,1.767861452637576325e-01,-3.345778722780609615e-01,-4.781957804369183496e-01,-3.668228302086561921e-01,-1.529425042205623031e+00,1.868319113723865943e+00
1.680277319532999992e+09,8.900000000000000000e+01,1.783866121878364408e-01,-3.408261510002006389e-01,-4.825783021886761448e-01,-3.659030416928552021e-01,-1.523585170528449995e+00,1.868127127506146401e+00
1.680277319536999941e+09,8.900000000000000000e+01,1.783866121878364408e-01,-3.408261510002006389e-01,-4.825783021886761448e-01,-3.659030416928552021e-01,-1.523585170528449995e+00,1.868127127506146401e+00
1.680277319543999910e+09,8.900000000000000000e+01,1.799992964166791942e-01,-3.470936283441123371e-01,-4.869939851962217792e-01,-3.649640545552823023e-01,-1.517726100229505048e+00,1.867858346801339442e+00
1.680277319548000097e+09,8.900000000000000000e+01,1.816259432795379047e-01,-3.533611056880239243e-01,-4.914096682037674135e-01,-3.640425207102292449e-01,-1.511868775259812114e+00,1.867512771609444622e+00
1.680277319552000046e+09,8.900000000000000000e+01,1.816259432795379047e-01,-3.533611056880239243e-01,-4.914096682037674135e-01,-3.640425207102292449e-01,-1.511868775259812114e+00,1.867512771609444622e+00
1.680277319555999994e+09,8.900000000000000000e+01,1.832648074471605604e-01,-3.596268377026836105e-01,-4.958358231868251198e-01,-3.631035335726563451e-01,-1.505974798375827151e+00,1.867052004686918121e+00
1.680277319559999943e+09,8.900000000000000000e+01,1.832648074471605604e-01,-3.596268377026836105e-01,-4.958358231868251198e-01,-3.631035335726563451e-01,-1.505974798375827151e+00,1.867052004686918121e+00
1.680277319565000057e+09,8.900000000000000000e+01,1.849176342487992286e-01,-3.659135136683671630e-01,-5.002846674501586488e-01,-3.621819997276032876e-01,-1.500080821491842409e+00,1.866476046033759939e+00
1.680277319572000027e+09,8.900000000000000000e+01,1.865966409892177713e-01,-3.721897176585387546e-01,-5.047562009937680561e-01,-3.612447579192823444e-01,-1.494171136644589559e+00,1.865825038222765908e+00
1.680277319576999903e+09,8.900000000000000000e+01,1.865966409892177713e-01,-3.721897176585387546e-01,-5.047562009937680561e-01,-3.612447579192823444e-01,-1.494171136644589559e+00,1.865825038222765908e+00
1.680277319582999945e+09,8.900000000000000000e+01,1.882739024003843020e-01,-3.784833749412303550e-01,-5.092259892081255623e-01,-3.603057707817093891e-01,-1.488240507846313010e+00,1.865095490595432448e+00
1.680277319588999987e+09,8.900000000000000000e+01,1.900052690183626769e-01,-3.849515651491213220e-01,-5.138388944211466081e-01,-3.593493303516165360e-01,-1.482151054086104702e+00,1.864212353993923266e+00
1.680277319595000029e+09,8.900000000000000000e+01,1.919181498785484663e-01,-3.919974593394224271e-01,-5.188689333253941882e-01,-3.582742075323879782e-01,-1.475510076282266159e+00,1.863252422905326444e+00
1.680277319599999905e+09,8.900000000000000000e+01,1.919181498785484663e-01,-3.919974593394224271e-01,-5.188689333253941882e-01,-3.582742075323879782e-01,-1.475510076282266159e+00,1.863252422905326444e+00
1.680277319607000113e+09,9.000000000000000000e+01,1.937001310448346891e-01,-3.985197547541252661e-01,-5.235132544649511166e-01,-3.572846058465072305e-01,-1.469385715937018055e+00,1.862371031633069274e+00
1.680277319611999989e+09,9.000000000000000000e+01,1.953913550900171769e-01,-4.046493510871292942e-01,-5.278975215459609238e-01,-3.563473640381862872e-01,-1.463598204137404934e+00,1.861449497788016272e+00
1.680277319615999937e+09,9.000000000000000000e+01,1.953913550900171769e-01,-4.046493510871292942e-01,-5.278975215459609238e-01,-3.563473640381862872e-01,-1.463598204137404934e+00,1.861449497788016272e+00
1.680277319621000051e+09,9.000000000000000000e+01,1.970965417692156496e-01,-4.107702207738734290e-01,-5.322905152732306799e-01,-3.554083769006132765e-01,-1.457829890959563723e+00,1.860412772212331589e+00
1.680277319627000093e+09,9.000000000000000000e+01,1.988139457531780674e-01,-4.168910904606175083e-01,-5.366835090005003250e-01,-3.544693897630403212e-01,-1.452044124489202392e+00,1.859222457662471406e+00
1.680277319631000042e+09,9.000000000000000000e+01,1.988139457531780674e-01,-4.168910904606175083e-01,-5.366835090005003250e-01,-3.544693897630403212e-01,-1.452044124489202392e+00,1.859222457662471406e+00
1.680277319634999990e+09,9.000000000000000000e+01,2.005313497371404852e-01,-4.230032335011016942e-01,-5.410782480570220931e-01,-3.535478559179873193e-01,-1.446256612689589272e+00,1.857918696711231776e+00
1.680277319640000105e+09,9.000000000000000000e+01,2.005313497371404852e-01,-4.230032335011016942e-01,-5.410782480570220931e-01,-3.535478559179873193e-01,-1.446256612689589272e+00,1.857918696711231776e+00
1.680277319648000002e+09,9.000000000000000000e+01,2.022627163551188878e-01,-4.291049045660738637e-01,-5.454712417842918493e-01,-3.526106141096663760e-01,-1.440451647597456253e+00,1.856497998700108454e+00
1.680277319651999950e+09,9.000000000000000000e+01,2.040185175826251529e-01,-4.351978489847860287e-01,-5.498764528163254672e-01,-3.516890802646134295e-01,-1.434648427834574802e+00,1.854925457044061421e+00
1.680277319655999899e+09,9.000000000000000000e+01,2.040185175826251529e-01,-4.351978489847860287e-01,-5.498764528163254672e-01,-3.516890802646134295e-01,-1.434648427834574802e+00,1.854925457044061421e+00
1.680277319660000086e+09,9.000000000000000000e+01,2.057743188101314458e-01,-4.412820667572383004e-01,-5.542816638483591962e-01,-3.507675464195603721e-01,-1.428843462742441783e+00,1.853274375571674737e+00
1.680277319664000034e+09,9.000000000000000000e+01,2.057743188101314458e-01,-4.412820667572383004e-01,-5.542816638483591962e-01,-3.507675464195603721e-01,-1.428843462742441783e+00,1.853274375571674737e+00
1.680277319667999983e+09,9.000000000000000000e+01,2.075440826716537235e-01,-4.473662845296905721e-01,-5.586973468559048861e-01,-3.498285592819874723e-01,-1.423021044357788867e+00,1.851469705125112775e+00
1.680277319671999931e+09,9.000000000000000000e+01,2.075440826716537235e-01,-4.473662845296905721e-01,-5.586973468559048861e-01,-3.498285592819874723e-01,-1.423021044357788867e+00,1.851469705125112775e+00
1.680277319680000067e+09,9.000000000000000000e+01,2.094569635318394851e-01,-4.539077785661653208e-01,-5.634516237383373483e-01,-3.488389575961066136e-01,-1.416753567013877113e+00,1.849436396546539241e+00
1.680277319684999943e+09,9.000000000000000000e+01,2.115129613906888140e-01,-4.608332450380787648e-01,-5.684816626425849284e-01,-3.477463814843581580e-01,-1.410130042502558467e+00,1.847287896237334470e+00
1.680277319694000006e+09,9.100000000000000000e+01,2.133612650685507983e-01,-4.670361451996666302e-01,-5.729846121127304404e-01,-3.467567797984774103e-01,-1.404201159033533930e+00,1.845368034060140605e+00
1.680277319700000048e+09,9.100000000000000000e+01,2.151048489912931461e-01,-4.728463462795557404e-01,-5.772135448903126242e-01,-3.458352459534244083e-01,-1.398645776024435960e+00,1.843449917212198752e+00
1.680277319703999996e+09,9.100000000000000000e+01,2.151048489912931461e-01,-4.728463462795557404e-01,-5.772135448903126242e-01,-3.458352459534244083e-01,-1.398645776024435960e+00,1.843449917212198752e+00
1.680277319710999966e+09,9.100000000000000000e+01,2.168606502187994389e-01,-4.786286220914129919e-01,-5.814320056923829583e-01,-3.449137121083714064e-01,-1.393090393015337991e+00,1.841376466060829609e+00
1.680277319716000080e+09,9.100000000000000000e+01,2.186181967755577160e-01,-4.843916992814982225e-01,-5.856504664944532923e-01,-3.440096315558383577e-01,-1.387535010006240022e+00,1.839151171264536755e+00
1.680277319720000029e+09,9.100000000000000000e+01,2.186181967755577160e-01,-4.843916992814982225e-01,-5.856504664944532923e-01,-3.440096315558383577e-01,-1.387535010006240022e+00,1.839151171264536755e+00
1.680277319723999977e+09,9.100000000000000000e+01,2.203862153078279817e-01,-4.901373231790635554e-01,-5.898479833454995935e-01,-3.431055510033052536e-01,-1.381979626997142052e+00,1.836732144921272569e+00
1.680277319727999926e+09,9.100000000000000000e+01,2.203862153078279817e-01,-4.901373231790635554e-01,-5.898479833454995935e-01,-3.431055510033052536e-01,-1.381979626997142052e+00,1.836732144921272569e+00
1.680277319732000113e+09,9.100000000000000000e+01,2.221699418033661888e-01,-4.958654937841089905e-01,-5.940559721720579667e-01,-3.422189237432921582e-01,-1.376424243988044083e+00,1.834161274933084895e+00
1.680277319736000061e+09,9.100000000000000000e+01,2.221699418033661888e-01,-4.958654937841089905e-01,-5.940559721720579667e-01,-3.422189237432921582e-01,-1.376424243988044083e+00,1.834161274933084895e+00
1.680277319743000031e+09,9.100000000000000000e+01,2.239519229696524116e-01,-5.015657391211224558e-01,-5.982412717183402950e-01,-3.413148431907591096e-01,-1.370851407686426215e+00,1.831436815970721721e+00
1.680277319747999907e+09,9.100000000000000000e+01,2.257478667699545638e-01,-5.072555124826240158e-01,-6.024370432401346953e-01,-3.404439238940139001e-01,-1.365278571384808348e+00,1.828518625461387437e+00
1.680277319752000093e+09,9.100000000000000000e+01,2.257478667699545638e-01,-5.072555124826240158e-01,-6.024370432401346953e-01,-3.404439238940139001e-01,-1.365278571384808348e+00,1.828518625461387437e+00
1.680277319757999897e+09,9.100000000000000000e+01,2.276083877525805210e-01,-5.130936388305450402e-01,-6.067427705048047404e-01,-3.395223900489608981e-01,-1.359545164792006711e+00,1.825410194063585401e+00
1.680277319763999939e+09,9.100000000000000000e+01,2.297167454889896543e-01,-5.196525861595396867e-01,-6.115860591790890366e-01,-3.384821738147723025e-01,-1.353099663864391733e+00,1.821879392986800683e+00
1.680277319767999887e+09,9.100000000000000000e+01,2.297167454889896543e-01,-5.196525861595396867e-01,-6.115860591790890366e-01,-3.384821738147723025e-01,-1.353099663864391733e+00,1.821879392986800683e+00
1.680277319775000095e+09,9.100000000000000000e+01,2.318233578961468311e-01,-5.261853535497544865e-01,-6.164066585730973991e-01,-3.374245042880636980e-01,-1.346690814851068785e+00,1.818348591910016410e+00
1.680277319782999992e+09,9.200000000000000000e+01,2.336978415127887454e-01,-5.319309774473197638e-01,-6.206478086554435558e-01,-3.364680638579707894e-01,-1.341046420050118870e+00,1.815201763268670554e+00
1.680277319786999941e+09,9.200000000000000000e+01,2.354536427402950383e-01,-5.372734302876744916e-01,-6.245922527649506728e-01,-3.355639833054377963e-01,-1.335792979001616310e+00,1.812170126357956379e+00
1.680277319796000004e+09,9.200000000000000000e+01,2.372111892970533154e-01,-5.425897031892491507e-01,-6.285366968744580118e-01,-3.346930640086926423e-01,-1.330541283282365095e+00,1.808908105985978843e+00
1.680277319799999952e+09,9.200000000000000000e+01,2.372111892970533154e-01,-5.425897031892491507e-01,-6.285366968744580118e-01,-3.346930640086926423e-01,-1.330541283282365095e+00,1.808908105985978843e+00
1.680277319803999901e+09,9.200000000000000000e+01,2.389809531585755653e-01,-5.478675788472799901e-01,-6.324601970329410960e-01,-3.338238900411994448e-01,-1.325287842233862312e+00,1.805454099396282208e+00
1.680277319809000015e+09,9.200000000000000000e+01,2.407507170200978153e-01,-5.531280012127909318e-01,-6.363714798866604294e-01,-3.329704240369741886e-01,-1.320018693222091422e+00,1.801767964016070200e+00
1.680277319815000057e+09,9.200000000000000000e+01,2.407507170200978153e-01,-5.531280012127909318e-01,-6.363714798866604294e-01,-3.329704240369741886e-01,-1.320018693222091422e+00,1.801767964016070200e+00
1.680277319819000006e+09,9.200000000000000000e+01,2.425326981863840381e-01,-5.583622436395219157e-01,-6.402722907648678019e-01,-3.321169580327489879e-01,-1.314747798881068297e+00,1.797893333076642897e+00
1.680277319823999882e+09,9.200000000000000000e+01,2.425326981863840381e-01,-5.583622436395219157e-01,-6.402722907648678019e-01,-3.321169580327489879e-01,-1.314747798881068297e+00,1.797893333076642897e+00
1.680277319829999924e+09,9.200000000000000000e+01,2.443286419866861903e-01,-5.635580888227089691e-01,-6.441608843383110905e-01,-3.312809453210437405e-01,-1.309476904540045616e+00,1.793748176103156178e+00
1.680277319835999966e+09,9.200000000000000000e+01,2.461228404577363860e-01,-5.687556793351481454e-01,-6.480407512654946522e-01,-3.304449326093383821e-01,-1.304171103613982918e+00,1.789411032911950361e+00
1.680277319839999914e+09,9.200000000000000000e+01,2.461228404577363860e-01,-5.687556793351481454e-01,-6.480407512654946522e-01,-3.304449326093383821e-01,-1.304171103613982918e+00,1.789411032911950361e+00
1.680277319844000101e+09,9.200000000000000000e+01,2.481142611342618820e-01,-5.744733779646816751e-01,-6.523360065546526254e-01,-3.295233987642853801e-01,-1.298331231936809882e+00,1.784536328311129960e+00
1.680277319851000071e+09,9.200000000000000000e+01,2.503779531740984998e-01,-5.808874629657607702e-01,-6.571461339731489160e-01,-3.284482759450568778e-01,-1.291761812632303164e+00,1.779047267813608002e+00
1.680277319855000019e+09,9.200000000000000000e+01,2.503779531740984998e-01,-5.808874629657607702e-01,-6.571461339731489160e-01,-3.284482759450568778e-01,-1.291761812632303164e+00,1.779047267813608002e+00
1.680277319859999895e+09,9.300000000000000000e+01,2.525124908492876186e-01,-5.868983769096292047e-01,-6.616490834432943169e-01,-3.274080597108682822e-01,-1.285618253665283151e+00,1.773905527837232654e+00
1.680277319867000103e+09,9.300000000000000000e+01,2.545283461353410326e-01,-5.925061197962869786e-01,-6.658570722698525790e-01,-3.264184580249874790e-01,-1.279867393779961837e+00,1.768915631505780794e+00
1.680277319871000051e+09,9.300000000000000000e+01,2.545283461353410326e-01,-5.925061197962869786e-01,-6.658570722698525790e-01,-3.264184580249874790e-01,-1.279867393779961837e+00,1.768915631505780794e+00
1.680277319875000000e+09,9.300000000000000000e+01,2.565459467506465141e-01,-5.980772107686528338e-01,-6.700423718161350184e-01,-3.254620175948946259e-01,-1.274116533894640302e+00,1.763658699798773988e+00
1.680277319878999949e+09,9.300000000000000000e+01,2.565459467506465141e-01,-5.980772107686528338e-01,-6.700423718161350184e-01,-3.254620175948946259e-01,-1.274116533894640302e+00,1.763658699798773988e+00
1.680277319882999897e+09,9.300000000000000000e+01,2.585618020366999836e-01,-6.036221218022388424e-01,-6.742171993869056079e-01,-3.244898692015337205e-01,-1.268348220716799313e+00,1.758092844814164168e+00
1.680277319887000084e+09,9.300000000000000000e+01,2.585618020366999836e-01,-6.036221218022388424e-01,-6.742171993869056079e-01,-3.244898692015337205e-01,-1.268348220716799313e+00,1.758092844814164168e+00
1.680277319891000032e+09,9.300000000000000000e+01,2.606055825907853118e-01,-6.091199089460209715e-01,-6.783693376774000416e-01,-3.235334287714408674e-01,-1.262560708917185970e+00,1.752259954453998958e+00
1.680277319894999981e+09,9.300000000000000000e+01,2.606055825907853118e-01,-6.091199089460209715e-01,-6.783693376774000416e-01,-3.235334287714408674e-01,-1.262560708917185970e+00,1.752259954453998958e+00
1.680277319900000095e+09,9.300000000000000000e+01,2.626615804496346129e-01,-6.145915161510232538e-01,-6.825005320168705536e-01,-3.225612803780800175e-01,-1.256757489154304963e+00,1.746118140816230957e+00
1.680277319907000065e+09,9.300000000000000000e+01,2.647297956132478869e-01,-6.200177447954735577e-01,-6.866090370760652428e-01,-3.216065852772391209e-01,-1.250952524062171722e+00,1.739670894559363745e+00
1.680277319911000013e+09,9.300000000000000000e+01,2.647297956132478869e-01,-6.200177447954735577e-01,-6.866090370760652428e-01,-3.216065852772391209e-01,-1.250952524062171722e+00,1.739670894559363745e+00
1.680277319914999962e+09,9.300000000000000000e+01,2.668119734108771457e-01,-6.254143028426399908e-01,-6.907070701597478601e-01,-3.206326915546262590e-01,-1.245112652384998686e+00,1.732954867597689796e+00
1.680277319918999910e+09,9.300000000000000000e+01,2.668119734108771457e-01,-6.254143028426399908e-01,-6.907070701597478601e-01,-3.206326915546262590e-01,-1.245112652384998686e+00,1.732954867597689796e+00
1.680277319923000097e+09,9.300000000000000000e+01,2.690110882683899862e-01,-6.310778962653615931e-01,-6.950127974244180162e-01,-3.196099286129576167e-01,-1.238969093417978673e+00,1.725701279226401264e+00
1.680277319927000046e+09,9.300000000000000000e+01,2.690110882683899862e-01,-6.310778962653615931e-01,-6.950127974244180162e-01,-3.196099286129576167e-01,-1.238969093417978673e+00,1.725701279226401264e+00
1.680277319930999994e+09,9.300000000000000000e+01,2.713917173681102413e-01,-6.371533873915539159e-01,-6.996257026374389509e-01,-3.184492846603813598e-01,-1.232363022199180147e+00,1.717833334958410951e+00
1.680277319934999943e+09,9.300000000000000000e+01,2.713917173681102413e-01,-6.371533873915539159e-01,-6.996257026374389509e-01,-3.184492846603813598e-01,-1.232363022199180147e+00,1.717833334958410951e+00
1.680277319941999912e+09,9.400000000000000000e+01,2.735384723480632774e-01,-6.425412187924604002e-01,-7.037237357211216793e-01,-3.173916151336728109e-01,-1.226523150522007333e+00,1.710846781962677587e+00
1.680277319947000027e+09,9.400000000000000000e+01,2.755421103293527740e-01,-6.475188978191481759e-01,-7.075041188809413351e-01,-3.163845601552721098e-01,-1.221093431219052672e+00,1.704169152244547236e+00
1.680277319950999975e+09,9.400000000000000000e+01,2.755421103293527740e-01,-6.475188978191481759e-01,-7.075041188809413351e-01,-3.163845601552721098e-01,-1.221093431219052672e+00,1.704169152244547236e+00
1.680277319956000090e+09,9.400000000000000000e+01,2.775457483106422707e-01,-6.524407263097722343e-01,-7.112618127604851681e-01,-3.153949584693912511e-01,-1.215644513294326545e+00,1.697145947334522065e+00
1.680277319963000059e+09,9.400000000000000000e+01,2.795633489259477522e-01,-6.573171762398443141e-01,-7.149758734087290346e-01,-3.144053567835105034e-01,-1.210160688784560401e+00,1.689738769989058031e+00
1.680277319967000008e+09,9.400000000000000000e+01,2.795633489259477522e-01,-6.573171762398443141e-01,-7.149758734087290346e-01,-3.144053567835105034e-01,-1.210160688784560401e+00,1.689738769989058031e+00
1.680277319970999956e+09,9.400000000000000000e+01,2.815931668460171511e-01,-6.621395209631047996e-01,-7.186689901059490904e-01,-3.133983018051097469e-01,-1.204676864274794257e+00,1.681909222964611539e+00
1.680277319974999905e+09,9.400000000000000000e+01,2.815931668460171511e-01,-6.621395209631047996e-01,-7.186689901059490904e-01,-3.133983018051097469e-01,-1.204676864274794257e+00,1.681909222964611539e+00
1.680277319979000092e+09,9.400000000000000000e+01,2.836491647048664522e-01,-6.669060151503013456e-01,-7.223289455473812515e-01,-3.123912468267091014e-01,-1.199175586472507993e+00,1.673734100748270226e+00
1.680277319983000040e+09,9.400000000000000000e+01,2.836491647048664522e-01,-6.669060151503013456e-01,-7.223289455473812515e-01,-3.123912468267091014e-01,-1.199175586472507993e+00,1.673734100748270226e+00
1.680277319986999989e+09,9.400000000000000000e+01,2.857173798684797261e-01,-6.716271307769459131e-01,-7.259557397330254069e-01,-3.113684838850404035e-01,-1.193655110048450041e+00,1.665175006096490051e+00
1.680277319990999937e+09,9.400000000000000000e+01,2.857173798684797261e-01,-6.716271307769459131e-01,-7.259557397330254069e-01,-3.113684838850404035e-01,-1.193655110048450041e+00,1.665175006096490051e+00
1.680277319994999886e+09,9.400000000000000000e+01,2.878641348484327622e-01,-6.764669287927261854e-01,-7.296802723567813453e-01,-3.102933610658119012e-01,-1.187921703455648403e+00,1.656003300877259887e+00
1.680277319999000072e+09,9.400000000000000000e+01,2.878641348484327622e-01,-6.764669287927261854e-01,-7.296802723567813453e-01,-3.102933610658119012e-01,-1.187921703455648403e+00,1.656003300877259887e+00
1.680277320003999949e+09,9.400000000000000000e+01,2.903617010080366545e-01,-6.820013678508002331e-01,-7.339423663901514239e-01,-3.089965814315800974e-01,-1.181369737443661805e+00,1.645487692133993818e+00
1.680277320013999939e+09,9.500000000000000000e+01,2.928348325581125455e-01,-6.874171245197385760e-01,-7.381171939609219024e-01,-3.076491872490404456e-01,-1.174941689808566503e+00,1.635085529792107639e+00
1.680277320017999887e+09,9.500000000000000000e+01,2.951369218414930939e-01,-6.923668782783944931e-01,-7.419307383765295638e-01,-3.063681155780766385e-01,-1.169012806339541966e+00,1.625261071432631654e+00
1.680277320022000074e+09,9.500000000000000000e+01,2.951369218414930939e-01,-6.923668782783944931e-01,-7.419307383765295638e-01,-3.063681155780766385e-01,-1.169012806339541966e+00,1.625261071432631654e+00
1.680277320026999950e+09,9.500000000000000000e+01,2.974407564541256543e-01,-6.971892230016548675e-01,-7.456570163295374032e-01,-3.050887892363647880e-01,-1.163118829455557224e+00,1.615129435124804447e+00
1.680277320030999899e+09,9.500000000000000000e+01,2.974407564541256543e-01,-6.971892230016548675e-01,-7.456570163295374032e-01,-3.050887892363647880e-01,-1.163118829455557224e+00,1.615129435124804447e+00
1.680277320035000086e+09,9.500000000000000000e+01,2.997306284327422299e-01,-7.018824133602676874e-01,-7.492942824906935195e-01,-3.037745563096130863e-01,-1.157296411070904085e+00,1.604650478295830629e+00
1.680277320039000034e+09,9.500000000000000000e+01,2.997306284327422299e-01,-7.018824133602676874e-01,-7.492942824906935195e-01,-3.037745563096130863e-01,-1.157296411070904085e+00,1.604650478295830629e+00
1.680277320042999983e+09,9.500000000000000000e+01,3.020344630453746793e-01,-7.064377227079728927e-01,-7.528215929089741021e-01,-3.024446154195933878e-01,-1.151510644600542754e+00,1.593789294360669961e+00
1.680277320049999952e+09,9.500000000000000000e+01,3.043365523287552277e-01,-7.108568963740224955e-01,-7.562511648891430127e-01,-3.010797679445337827e-01,-1.145794691300261237e+00,1.582582535233614252e+00
1.680277320055000067e+09,9.500000000000000000e+01,3.043365523287552277e-01,-7.108568963740224955e-01,-7.562511648891430127e-01,-3.010797679445337827e-01,-1.145794691300261237e+00,1.582582535233614252e+00
1.680277320059000015e+09,9.500000000000000000e+01,3.066403869413877326e-01,-7.151399343584164958e-01,-7.595934704067122123e-01,-2.996974671769542797e-01,-1.140115389914271971e+00,1.571068598158207763e+00
1.680277320062999964e+09,9.500000000000000000e+01,3.066403869413877326e-01,-7.151399343584164958e-01,-7.595934704067122123e-01,-2.996974671769542797e-01,-1.140115389914271971e+00,1.571068598158207763e+00
1.680277320066999912e+09,9.500000000000000000e+01,3.090210160411080431e-01,-7.194491522815905649e-01,-7.629567198753052226e-01,-2.982296452760270777e-01,-1.134310424822138730e+00,1.558863510699011412e+00
1.680277320071000099e+09,9.500000000000000000e+01,3.090210160411080431e-01,-7.194491522815905649e-01,-7.629567198753052226e-01,-2.982296452760270777e-01,-1.134310424822138730e+00,1.558863510699011412e+00
1.680277320075000048e+09,9.500000000000000000e+01,3.117018417721713064e-01,-7.241964478470152011e-01,-7.666603085480372393e-01,-2.965070053043086795e-01,-1.127882377187043650e+00,1.545239470557943751e+00
1.680277320082000017e+09,9.600000000000000000e+01,3.141470480542153942e-01,-7.284515605633773427e-01,-7.699921420900943669e-01,-2.948681411366860239e-01,-1.122096610716682319e+00,1.532957588611659316e+00
1.680277320088000059e+09,9.600000000000000000e+01,3.141470480542153942e-01,-7.284515605633773427e-01,-7.699921420900943669e-01,-2.948681411366860239e-01,-1.122096610716682319e+00,1.532957588611659316e+00
1.680277320095000029e+09,9.600000000000000000e+01,3.163845601552721098e-01,-7.322476516864649954e-01,-7.729609471477366656e-01,-2.933147981024110673e-01,-1.116879821582471344e+00,1.521635637753972370e+00
1.680277320101999998e+09,9.600000000000000000e+01,3.185452777692410753e-01,-7.357784527632494909e-01,-7.757325299999036083e-01,-2.917789083606560641e-01,-1.111893415909523508e+00,1.510390481383372840e+00
1.680277320107000113e+09,9.600000000000000000e+01,3.206396728716343070e-01,-7.390457091229829523e-01,-7.782964186710833454e-01,-2.902779252039408564e-01,-1.107140884356343058e+00,1.499298913986948811e+00
1.680277320111000061e+09,9.600000000000000000e+01,3.206396728716343070e-01,-7.390457091229829523e-01,-7.782964186710833454e-01,-2.902779252039408564e-01,-1.107140884356343058e+00,1.499298913986948811e+00
1.680277320118000031e+09,9.600000000000000000e+01,3.226572734869396775e-01,-7.420372034609011846e-01,-7.806630851367877266e-01,-2.887943953397457686e-01,-1.102636189556945645e+00,1.488322538321156685e+00
1.680277320124000072e+09,9.600000000000000000e+01,3.245963342859053968e-01,-7.447721343987763198e-01,-7.828325293970166410e-01,-2.873440267313384089e-01,-1.098379331511331491e+00,1.477422957142451976e+00
1.680277320130000114e+09,9.600000000000000000e+01,3.264568552685313541e-01,-7.472330486440882380e-01,-7.847942794762583496e-01,-2.859442726712390082e-01,-1.094356347585484501e+00,1.466676964937922989e+00
1.680277320134000063e+09,9.600000000000000000e+01,3.264568552685313541e-01,-7.472330486440882380e-01,-7.847942794762583496e-01,-2.859442726712390082e-01,-1.094356347585484501e+00,1.466676964937922989e+00
1.680277320138999939e+09,9.600000000000000000e+01,3.284203506770249636e-01,-7.497410867792041467e-01,-7.867891908112878419e-01,-2.844083829294840049e-01,-1.090136141454162155e+00,1.455124630618972459e+00
1.680277320142999887e+09,9.600000000000000000e+01,3.284203506770249636e-01,-7.497410867792041467e-01,-7.867891908112878419e-01,-2.844083829294840049e-01,-1.090136141454162155e+00,1.455124630618972459e+00
1.680277320150000095e+09,9.600000000000000000e+01,3.307241852896575240e-01,-7.526226253742468453e-01,-7.891000067409282837e-01,-2.825653152393780010e-01,-1.085275399487358072e+00,1.441729228609915925e+00
1.680277320154999971e+09,9.600000000000000000e+01,3.331955715104814586e-01,-7.556507716264569963e-01,-7.915225237426964933e-01,-2.804831374417487422e-01,-1.080130168852478700e+00,1.427490832572146040e+00
1.680277320160000086e+09,9.700000000000000000e+01,3.331955715104814586e-01,-7.556507716264569963e-01,-7.915225237426964933e-01,-2.804831374417487422e-01,-1.080130168852478700e+00,1.427490832572146040e+00
1.680277320165999889e+09,9.700000000000000000e+01,3.354208663067742568e-01,-7.583123987357481832e-01,-7.936483347716255521e-01,-2.785720019108149370e-01,-1.075608020760561390e+00,1.414863375433967230e+00
1.680277320171000004e+09,9.700000000000000000e+01,3.374646468608595851e-01,-7.606651025674366906e-01,-7.955332903637793995e-01,-2.767463875132288864e-01,-1.071494279713610887e+00,1.403119054897297158e+00
1.680277320177000046e+09,9.700000000000000000e+01,3.394682848421490817e-01,-7.628048762303817343e-01,-7.972629116525057347e-01,-2.749556797006826869e-01,-1.067577760872135517e+00,1.391489926091259210e+00
1.680277320181999922e+09,9.700000000000000000e+01,3.394682848421490817e-01,-7.628048762303817343e-01,-7.972629116525057347e-01,-2.749556797006826869e-01,-1.067577760872135517e+00,1.391489926091259210e+00
1.680277320187000036e+09,9.700000000000000000e+01,3.414195629458787740e-01,-7.647264837368275003e-01,-7.988302173207966206e-01,-2.731632265588845310e-01,-1.063820066992591684e+00,1.379937591772308680e+00
1.680277320194000006e+09,9.700000000000000000e+01,3.433324438060645911e-01,-7.664281797575219768e-01,-8.002229900638881954e-01,-2.713899720388582848e-01,-1.060259595318523207e+00,1.368423654696901970e+00
1.680277320197999954e+09,9.700000000000000000e+01,3.433324438060645911e-01,-7.664281797575219768e-01,-8.002229900638881954e-01,-2.713899720388582848e-01,-1.060259595318523207e+00,1.368423654696901970e+00
1.680277320203000069e+09,9.700000000000000000e+01,3.451790021546745635e-01,-7.679204362679771245e-01,-8.014604285035520359e-01,-2.696481334453679213e-01,-1.056894600520678296e+00,1.357024909352127162e+00
1.680277320210000038e+09,9.700000000000000000e+01,3.469749459549766879e-01,-7.691910359634288596e-01,-8.025338059935286372e-01,-2.679254934736495231e-01,-1.053707629306536608e+00,1.345741355737983813e+00
1.680277320213999987e+09,9.700000000000000000e+01,3.469749459549766879e-01,-7.691910359634288596e-01,-8.025338059935286372e-01,-2.679254934736495231e-01,-1.053707629306536608e+00,1.345741355737983813e+00
1.680277320217999935e+09,9.700000000000000000e+01,3.487586724505148950e-01,-7.702975747091933556e-01,-8.034762837896055609e-01,-2.661854002094111715e-01,-1.050609669884246644e+00,1.334227418662577103e+00
1.680277320221999884e+09,9.700000000000000000e+01,3.487586724505148950e-01,-7.702975747091933556e-01,-8.034762837896055609e-01,-2.661854002094111715e-01,-1.050609669884246644e+00,1.334227418662577103e+00
1.680277320226000071e+09,9.700000000000000000e+01,3.508007076753482667e-01,-7.715158145270853973e-01,-8.045165000237941566e-01,-2.641538369600897607e-01,-1.047136464672777878e+00,1.321179337174667401e+00
1.680277320230000019e+09,9.700000000000000000e+01,3.508007076753482667e-01,-7.715158145270853973e-01,-8.045165000237941566e-01,-2.641538369600897607e-01,-1.047136464672777878e+00,1.321179337174667401e+00
1.680277320234999895e+09,9.700000000000000000e+01,3.531167595927447445e-01,-7.728509914048611318e-01,-8.056684173301104090e-01,-2.617993877991494078e-01,-1.043272305708862424e+00,1.306556968701459098e+00
1.680277320242000103e+09,9.800000000000000000e+01,3.552896945114776828e-01,-7.740762125397611104e-01,-8.067191055398110766e-01,-2.595130064790368563e-01,-1.039711834034794169e+00,1.292969580474683244e+00
1.680277320246000051e+09,9.800000000000000000e+01,3.552896945114776828e-01,-7.740762125397611104e-01,-8.067191055398110766e-01,-2.595130064790368563e-01,-1.039711834034794169e+00,1.292969580474683244e+00
1.680277320250000000e+09,9.800000000000000000e+01,3.573055497975311523e-01,-7.750919941644217603e-01,-8.076179501045881448e-01,-2.573453075480598984e-01,-1.036470757613840554e+00,1.280228676935124543e+00
1.680277320253999949e+09,9.800000000000000000e+01,3.573055497975311523e-01,-7.750919941644217603e-01,-8.076179501045881448e-01,-2.573453075480598984e-01,-1.036470757613840554e+00,1.280228676935124543e+00
1.680277320260999918e+09,9.800000000000000000e+01,3.592847531692927032e-01,-7.758983362788431926e-01,-8.083405164149137789e-01,-2.551968072388549058e-01,-1.033409450105842620e+00,1.267601219796945733e+00
1.680277320266999960e+09,9.800000000000000000e+01,3.612360312730223399e-01,-7.764742949320012633e-01,-8.089007671048039638e-01,-2.530640148929177990e-01,-1.030524420852295897e+00,1.255012159902310520e+00
1.680277320273999929e+09,9.800000000000000000e+01,3.631227321944281994e-01,-7.768390687456681043e-01,-8.092952115157546755e-01,-2.509469305102486891e-01,-1.027836613804224752e+00,1.242501639824015180e+00
1.680277320278000116e+09,9.800000000000000000e+01,3.631227321944281994e-01,-7.768390687456681043e-01,-8.092952115157546755e-01,-2.509469305102486891e-01,-1.027836613804224752e+00,1.242501639824015180e+00
1.680277320282000065e+09,9.800000000000000000e+01,3.649832531770541566e-01,-7.769856764028356677e-01,-8.095238496477659140e-01,-2.488822060051394114e-01,-1.025307631718084922e+00,1.230066168903555468e+00
1.680277320286000013e+09,9.800000000000000000e+01,3.649832531770541566e-01,-7.769856764028356677e-01,-8.095238496477659140e-01,-2.488822060051394114e-01,-1.025307631718084922e+00,1.230066168903555468e+00
1.680277320290999889e+09,9.800000000000000000e+01,3.667791969773563920e-01,-7.769036459279918816e-01,-8.095901721593417033e-01,-2.468349347925500592e-01,-1.022975871837420447e+00,1.217707492470183617e+00
1.680277320301000118e+09,9.800000000000000000e+01,3.685349982048626849e-01,-7.766104306136567548e-01,-8.094802164164660585e-01,-2.448225701650005859e-01,-1.020837843503727305e+00,1.205425610523899627e+00
1.680277320305000067e+09,9.800000000000000000e+01,3.703309420051648093e-01,-7.761444277033743289e-01,-8.092498329552028080e-01,-2.427403923673713548e-01,-1.018719013791806294e+00,1.192684706984341148e+00
1.680277320309999943e+09,9.800000000000000000e+01,3.703309420051648093e-01,-7.761444277033743289e-01,-8.092498329552028080e-01,-2.427403923673713548e-01,-1.018719013791806294e+00,1.192684706984341148e+00
1.680277320313999891e+09,9.800000000000000000e+01,3.723607599252342637e-01,-7.755963943182481168e-01,-8.089775615918917140e-01,-2.403510366213911231e-01,-1.016404707203661717e+00,1.178482962860863070e+00
1.680277320318000078e+09,9.800000000000000000e+01,3.723607599252342637e-01,-7.755963943182481168e-01,-8.089775615918917140e-01,-2.403510366213911231e-01,-1.016404707203661717e+00,1.178482962860863070e+00
1.680277320322999954e+09,9.900000000000000000e+01,3.742474608466400676e-01,-7.750745408719017515e-01,-8.087035448993284970e-01,-2.380646553012785438e-01,-1.014285877491740706e+00,1.165319689642321910e+00
1.680277320329999924e+09,9.900000000000000000e+01,3.759910447693824431e-01,-7.744619303044517622e-01,-8.083527337196776408e-01,-2.359318629553414648e-01,-1.012416629862854744e+00,1.153037807696037920e+00
1.680277320334000111e+09,9.900000000000000000e+01,3.759910447693824431e-01,-7.744619303044517622e-01,-8.083527337196776408e-01,-2.359318629553414648e-01,-1.012416629862854744e+00,1.153037807696037920e+00
1.680277320338000059e+09,9.900000000000000000e+01,3.776822688145649587e-01,-7.736014829832186246e-01,-8.078151723100633896e-01,-2.338671384502321871e-01,-1.010760312402712247e+00,1.140909514723929208e+00
1.680277320342000008e+09,9.900000000000000000e+01,3.776822688145649587e-01,-7.736014829832186246e-01,-8.078151723100633896e-01,-2.338671384502321871e-01,-1.010760312402712247e+00,1.140909514723929208e+00
1.680277320345999956e+09,9.900000000000000000e+01,3.793089156774236970e-01,-7.725036708837141886e-01,-8.070926059997378665e-01,-2.318704817859506551e-01,-1.009301217148044882e+00,1.128973207969540038e+00
1.680277320349999905e+09,9.900000000000000000e+01,3.793089156774236970e-01,-7.725036708837141886e-01,-8.070926059997378665e-01,-2.318704817859506551e-01,-1.009301217148044882e+00,1.128973207969540038e+00
1.680277320355000019e+09,9.900000000000000000e+01,3.808709853579585469e-01,-7.711580220304266042e-01,-8.061937614349606873e-01,-2.299593462550169054e-01,-1.008072505354640880e+00,1.117192235518578380e+00
1.680277320361999989e+09,9.900000000000000000e+01,3.823527698929017338e-01,-7.695942070206396313e-01,-8.051081666402202242e-01,-2.281337318574307993e-01,-1.007039270437460221e+00,1.105639901199627850e+00
1.680277320365999937e+09,9.900000000000000000e+01,3.823527698929017338e-01,-7.695942070206396313e-01,-8.051081666402202242e-01,-2.281337318574307993e-01,-1.007039270437460221e+00,1.105639901199627850e+00
1.680277320369999886e+09,9.900000000000000000e+01,3.837717225747730998e-01,-7.677825552570695100e-01,-8.038480389202803389e-01,-2.264110918857124011e-01,-1.006238164310794714e+00,1.094241155854852821e+00
1.680277320374000072e+09,9.900000000000000000e+01,3.837717225747730998e-01,-7.677825552570695100e-01,-8.038480389202803389e-01,-2.264110918857124011e-01,-1.006238164310794714e+00,1.094241155854852821e+00
1.680277320378000021e+09,9.900000000000000000e+01,3.851121354403048147e-01,-7.657335387152282014e-01,-8.024029062996290707e-01,-2.247896810106096710e-01,-1.005632535060352772e+00,1.083072793971341152e+00
1.680277320381999969e+09,9.900000000000000000e+01,3.851121354403048147e-01,-7.657335387152282014e-01,-8.024029062996290707e-01,-2.247896810106096710e-01,-1.005632535060352772e+00,1.083072793971341152e+00
1.680277320388999939e+09,9.900000000000000000e+01,3.864647656106004470e-01,-7.634279587733436845e-01,-8.007588061442503236e-01,-2.231508168429870154e-01,-1.005170022808574259e+00,1.071558856895934664e+00
1.680277320394000053e+09,9.900000000000000000e+01,3.879866927183394654e-01,-7.608570887851560105e-01,-7.989174837833963316e-01,-2.212745878970931168e-01,-1.004690057264275849e+00,1.058739413540036090e+00
1.680277320398000002e+09,9.900000000000000000e+01,3.879866927183394654e-01,-7.608570887851560105e-01,-7.989174837833963316e-01,-2.212745878970931168e-01,-1.004690057264275849e+00,1.058739413540036090e+00
1.680277320401999950e+09,1.000000000000000000e+02,3.893934280954469140e-01,-7.584694783684277075e-01,-7.972088064456939183e-01,-2.195170413403348120e-01,-1.004279904890057029e+00,1.046918298516278600e+00
1.680277320405999899e+09,1.000000000000000000e+02,3.893934280954469140e-01,-7.584694783684277075e-01,-7.972088064456939183e-01,-2.195170413403348120e-01,-1.004279904890057029e+00,1.046918298516278600e+00
1.680277320410000086e+09,1.000000000000000000e+02,3.906675184494027842e-01,-7.561080478904794733e-01,-7.955106010835034658e-01,-2.179130837577520075e-01,-1.004012869514502082e+00,1.036018717337573891e+00
1.680277320414000034e+09,1.000000000000000000e+02,3.906675184494027842e-01,-7.561080478904794733e-01,-7.955106010835034658e-01,-2.179130837577520075e-01,-1.004012869514502082e+00,1.036018717337573891e+00
1.680277320420000076e+09,1.000000000000000000e+02,3.918525970115068757e-01,-7.534917993417399318e-01,-7.936151735158375464e-01,-2.164452618568248055e-01,-1.003995416221982184e+00,1.025349519620132765e+00
1.680277320426000118e+09,1.000000000000000000e+02,3.929451731232553313e-01,-7.506102607466973442e-01,-7.915120517671844214e-01,-2.151153209668051070e-01,-1.004225799683245324e+00,1.014985754521790406e+00
1.680277320430000067e+09,1.000000000000000000e+02,3.929451731232553313e-01,-7.506102607466973442e-01,-7.915120517671844214e-01,-2.151153209668051070e-01,-1.004225799683245324e+00,1.014985754521790406e+00
1.680277320434000015e+09,1.000000000000000000e+02,3.939592094186640248e-01,-7.474721587516114374e-01,-7.892099624838039285e-01,-2.139546770142288501e-01,-1.004690057264275849e+00,1.004892515457507018e+00
1.680277320437999964e+09,1.000000000000000000e+02,3.939592094186640248e-01,-7.474721587516114374e-01,-7.892099624838039285e-01,-2.139546770142288501e-01,-1.004690057264275849e+00,1.004892515457507018e+00
1.680277320441999912e+09,1.000000000000000000e+02,3.948702712882051213e-01,-7.440774933564825444e-01,-7.867123963241999807e-01,-2.129301687433081958e-01,-1.005402151599089411e+00,9.951064543415749641e-01
1.680277320446000099e+09,1.000000000000000000e+02,3.948702712882051213e-01,-7.440774933564825444e-01,-7.867123963241999807e-01,-2.129301687433081958e-01,-1.005402151599089411e+00,9.951064543415749641e-01
1.680277320450000048e+09,1.000000000000000000e+02,3.956905760366424274e-01,-7.404262645613103322e-01,-7.840158626298687761e-01,-2.120609947758150260e-01,-1.006363828016938466e+00,9.855490313576539263e-01
1.680277320453999996e+09,1.000000000000000000e+02,3.956905760366424274e-01,-7.404262645613103322e-01,-7.840158626298687761e-01,-2.120609947758150260e-01,-1.006363828016938466e+00,9.855490313576539263e-01
1.680277320457999945e+09,1.000000000000000000e+02,3.964183783347240975e-01,-7.365202176953471458e-01,-7.811238520593141166e-01,-2.113436644532453446e-01,-1.007573341188570559e+00,9.763005316513360121e-01
1.680277320464999914e+09,1.000000000000000000e+02,3.972002858396175284e-01,-7.321376959435893506e-01,-7.778705583335967511e-01,-2.105931728748877962e-01,-1.008997529858197906e+00,9.662055472578008342e-01
1.680277320469000101e+09,1.000000000000000000e+02,3.972002858396175284e-01,-7.321376959435893506e-01,-7.778705583335967511e-01,-2.105931728748877962e-01,-1.008997529858197906e+00,9.662055472578008342e-01
1.680277320473999977e+09,1.000000000000000000e+02,3.980188452588028780e-01,-7.274532322312365906e-01,-7.743746638418521622e-01,-2.097571601631825211e-01,-1.010547382233968783e+00,9.554211578097279167e-01
1.680277320477999926e+09,1.000000000000000000e+02,3.980188452588028780e-01,-7.274532322312365906e-01,-7.743746638418521622e-01,-2.097571601631825211e-01,-1.010547382233968783e+00,9.554211578097279167e-01
1.680277320483999968e+09,1.010000000000000000e+02,3.987606101909004774e-01,-7.233360005257819525e-01,-7.712959030413341077e-01,-2.090223765480929141e-01,-1.011936664318556334e+00,9.459806718856905716e-01
1.680277320490000010e+09,1.010000000000000000e+02,3.993854380631143841e-01,-7.194578789278505138e-01,-7.683916751660154754e-01,-2.084097659806428970e-01,-1.013324201073891651e+00,9.374599744774542165e-01
1.680277320493999958e+09,1.010000000000000000e+02,3.993854380631143841e-01,-7.194578789278505138e-01,-7.683916751660154754e-01,-2.084097659806428970e-01,-1.013324201073891651e+00,9.374599744774542165e-01
1.680277320497999907e+09,1.010000000000000000e+02,3.999055461802087375e-01,-7.154314043434996107e-01,-7.653670195723093483e-01,-2.079821603139042629e-01,-1.014928158656474455e+00,9.294384412352882929e-01
1.680277320502000093e+09,1.010000000000000000e+02,3.999055461802087375e-01,-7.154314043434996107e-01,-7.653670195723093483e-01,-2.079821603139042629e-01,-1.014928158656474455e+00,9.294384412352882929e-01
1.680277320509000063e+09,1.010000000000000000e+02,4.003087172374193980e-01,-7.112513407849732072e-01,-7.622236815894675166e-01,-2.077255969138611102e-01,-1.016725847786028814e+00,9.219160721591928009e-01
1.680277320513000011e+09,1.010000000000000000e+02,4.006089138687624063e-01,-7.069229242400273394e-01,-7.589686425344981391e-01,-2.076575290730333367e-01,-1.018719013791806294e+00,9.148928672491675185e-01
1.680277320516999960e+09,1.010000000000000000e+02,4.006089138687624063e-01,-7.069229242400273394e-01,-7.589686425344981391e-01,-2.076575290730333367e-01,-1.018719013791806294e+00,9.148928672491675185e-01
1.680277320522000074e+09,1.010000000000000000e+02,4.007904281109698763e-01,-7.024583720134257581e-01,-7.555949210903931679e-01,-2.077779567914209424e-01,-1.020926855295579028e+00,9.083304292616689590e-01
1.680277320528000116e+09,1.010000000000000000e+02,4.008689679273095829e-01,-6.978472121296567243e-01,-7.521094985741604289e-01,-2.080851347397719431e-01,-1.023314465712307220e+00,9.023038073545325277e-01
1.680277320532999992e+09,1.010000000000000000e+02,4.008689679273095829e-01,-6.978472121296567243e-01,-7.521094985741604289e-01,-2.080851347397719431e-01,-1.023314465712307220e+00,9.023038073545325277e-01
1.680277320536999941e+09,1.010000000000000000e+02,4.009073651708535135e-01,-6.927875026281252735e-01,-7.482854821830409175e-01,-2.085109950772585652e-01,-1.026037179345418382e+00,8.960101500718409273e-01
1.680277320540999889e+09,1.010000000000000000e+02,4.009073651708535135e-01,-6.927875026281252735e-01,-7.482854821830409175e-01,-2.085109950772585652e-01,-1.026037179345418382e+00,8.960101500718409273e-01
1.680277320545000076e+09,1.010000000000000000e+02,4.009335451096334157e-01,-6.869598482557162100e-01,-7.438593271999831558e-01,-2.089892152923049917e-01,-1.029171790682000154e+00,8.887949589440963249e-01
1.680277320549000025e+09,1.010000000000000000e+02,4.009335451096334157e-01,-6.869598482557162100e-01,-7.438593271999831558e-01,-2.089892152923049917e-01,-1.029171790682000154e+00,8.887949589440963249e-01
1.680277320553999901e+09,1.010000000000000000e+02,4.009719423531772908e-01,-6.807394948016083358e-01,-7.391259942685746154e-01,-2.094831434706193873e-01,-1.032554238772365407e+00,8.810422064067374714e-01
1.680277320561000109e+09,1.020000000000000000e+02,4.010120849259731224e-01,-6.752312356823142458e-01,-7.349284774175283141e-01,-2.099282024298779747e-01,-1.035580639695323546e+00,8.742109877144317309e-01
1.680277320565999985e+09,1.020000000000000000e+02,4.010120849259731224e-01,-6.752312356823142458e-01,-7.349284774175283141e-01,-2.099282024298779747e-01,-1.035580639695323546e+00,8.742109877144317309e-01
1.680277320572000027e+09,1.020000000000000000e+02,4.010120849259731224e-01,-6.701069489984589067e-01,-7.310294118685729536e-01,-2.103715160598845224e-01,-1.038430762363830251e+00,8.680307768331197993e-01
1.680277320578000069e+09,1.020000000000000000e+02,4.009475077436493451e-01,-6.649844076438554685e-01,-7.271059117100896474e-01,-2.109335120790266915e-01,-1.041385604787456565e+00,8.623130782035863806e-01
1.680277320585000038e+09,1.020000000000000000e+02,4.007904281109698763e-01,-6.598426676674801206e-01,-7.231841568808584642e-01,-2.116176811458084783e-01,-1.044431204332186836e+00,8.569776066802397008e-01
1.680277320588999987e+09,1.020000000000000000e+02,4.007904281109698763e-01,-6.598426676674801206e-01,-7.231841568808584642e-01,-2.116176811458084783e-01,-1.044431204332186836e+00,8.569776066802397008e-01
1.680277320592999935e+09,1.020000000000000000e+02,4.005827339299825041e-01,-6.547009276911049946e-01,-7.192501847468631970e-01,-2.124187872724738746e-01,-1.047546617046996698e+00,8.521029020794195219e-01
1.680277320596999884e+09,1.020000000000000000e+02,4.005827339299825041e-01,-6.547009276911049946e-01,-7.192501847468631970e-01,-2.124187872724738746e-01,-1.047546617046996698e+00,8.521029020794195219e-01
1.680277320601000071e+09,1.020000000000000000e+02,4.002825372986394958e-01,-6.495504610684696978e-01,-7.153162126128680409e-01,-2.133403211175268765e-01,-1.050751041553658283e+00,8.476523124868340364e-01
1.680277320605000019e+09,1.020000000000000000e+02,4.002825372986394958e-01,-6.495504610684696978e-01,-7.153162126128680409e-01,-2.133403211175268765e-01,-1.050751041553658283e+00,8.476523124868340364e-01
1.680277320608999968e+09,1.020000000000000000e+02,3.999317261189886397e-01,-6.443895224703224400e-01,-7.113717685033608129e-01,-2.143805373517154722e-01,-1.054063676473943501e+00,8.435839500004351788e-01
1.680277320612999916e+09,1.020000000000000000e+02,3.999317261189886397e-01,-6.443895224703224400e-01,-7.113717685033608129e-01,-2.143805373517154722e-01,-1.054063676473943501e+00,8.435839500004351788e-01
1.680277320617000103e+09,1.020000000000000000e+02,3.995023751229980769e-01,-6.391657520191033059e-01,-7.073836911625537294e-01,-2.155237280117717757e-01,-1.057463577856828429e+00,8.398995599494752939e-01
1.680277320621000051e+09,1.020000000000000000e+02,3.995023751229980769e-01,-6.391657520191033059e-01,-7.073836911625537294e-01,-2.155237280117717757e-01,-1.057463577856828429e+00,8.398995599494752939e-01
1.680277320628000021e+09,1.020000000000000000e+02,3.990084469446836257e-01,-6.332927190861423750e-01,-7.028912136679204004e-01,-2.168205076460035796e-01,-1.061345190113263781e+00,8.357928002195325057e-01
1.680277320634000063e+09,1.020000000000000000e+02,3.984481962547934408e-01,-6.266499959530521524e-01,-6.977965975813489319e-01,-2.182883295469307816e-01,-1.065743419828289573e+00,8.311484790799755773e-01
1.680277320640000105e+09,1.020000000000000000e+02,3.978757282601393386e-01,-6.197611813954304605e-01,-6.925152312648139574e-01,-2.197893127036459060e-01,-1.070319673127018589e+00,8.263121717226993290e-01
1.680277320644000053e+09,1.020000000000000000e+02,3.978757282601393386e-01,-6.197611813954304605e-01,-6.925152312648139574e-01,-2.197893127036459060e-01,-1.070319673127018589e+00,8.263121717226993290e-01
1.680277320648999929e+09,1.030000000000000000e+02,3.973678374478089581e-01,-6.136490383549463301e-01,-6.878028422844293388e-01,-2.211209989229175887e-01,-1.074414215552197183e+00,8.220134257750373319e-01
1.680277320653000116e+09,1.030000000000000000e+02,3.973678374478089581e-01,-6.136490383549463301e-01,-6.878028422844293388e-01,-2.211209989229175887e-01,-1.074414215552197183e+00,8.220134257750373319e-01
1.680277320660000086e+09,1.030000000000000000e+02,3.968878719035104918e-01,-6.079121411036410016e-01,-6.833871592768837600e-01,-2.224003252646294393e-01,-1.078278374516112637e+00,8.180986522628140856e-01
1.680277320664999962e+09,1.030000000000000000e+02,3.963538011524002647e-01,-6.021769891815875742e-01,-6.789714762693380701e-01,-2.237320114839010943e-01,-1.082212346650107904e+00,8.144142622118540897e-01
1.680277320668999910e+09,1.030000000000000000e+02,3.963538011524002647e-01,-6.021769891815875742e-01,-6.789714762693380701e-01,-2.237320114839010943e-01,-1.082212346650107904e+00,8.144142622118540897e-01
1.680277320673000097e+09,1.030000000000000000e+02,3.957813331577461624e-01,-5.964226386377622369e-01,-6.745453212862805303e-01,-2.251300202147485663e-01,-1.086202169320167110e+00,8.109602556221572334e-01
1.680277320677000046e+09,1.030000000000000000e+02,3.957813331577461624e-01,-5.964226386377622369e-01,-6.745453212862805303e-01,-2.251300202147485663e-01,-1.086202169320167110e+00,8.109602556221572334e-01
1.680277320680999994e+09,1.030000000000000000e+02,3.951704679195481296e-01,-5.906578161184249387e-01,-6.701191663032228796e-01,-2.266152954081957493e-01,-1.090260059831053896e+00,8.077366324937236275e-01
1.680277320684999943e+09,1.030000000000000000e+02,3.951704679195481296e-01,-5.906578161184249387e-01,-6.701191663032228796e-01,-2.266152954081957493e-01,-1.090260059831053896e+00,8.077366324937236275e-01
1.680277320691999912e+09,1.030000000000000000e+02,3.945194601085542097e-01,-5.848947389283397635e-01,-6.656807940154012559e-01,-2.281511851499507526e-01,-1.094356347585484501e+00,8.047817900700973137e-01
1.680277320697999954e+09,1.030000000000000000e+02,3.938160924200005408e-01,-5.791124631164825676e-01,-6.612441670568316443e-01,-2.297551427325335294e-01,-1.098522448509994920e+00,8.020555857784821274e-01
1.680277320703999996e+09,1.030000000000000000e+02,3.930882901219189263e-01,-5.733301873046253716e-01,-6.567953227934980598e-01,-2.314271681559441074e-01,-1.102760107933837164e+00,7.995615102773823146e-01
1.680277320707999945e+09,1.030000000000000000e+02,3.930882901219189263e-01,-5.733301873046253716e-01,-6.567953227934980598e-01,-2.314271681559441074e-01,-1.102760107933837164e+00,7.995615102773823146e-01
1.680277320711999893e+09,1.030000000000000000e+02,3.923063826170253843e-01,-5.673646519213085826e-01,-6.522260508117769806e-01,-2.331847147127024122e-01,-1.107140884356343058e+00,7.971442292633701410e-01
1.680277320717000008e+09,1.030000000000000000e+02,3.923063826170253843e-01,-5.673646519213085826e-01,-6.522260508117769806e-01,-2.331847147127024122e-01,-1.107140884356343058e+00,7.971442292633701410e-01
1.680277320723999977e+09,1.030000000000000000e+02,3.914232460155163129e-01,-5.606852768739263304e-01,-6.470878014939056566e-01,-2.351464647919440099e-01,-1.112090638114998864e+00,7.944948194588427048e-01
1.680277320730000019e+09,1.030000000000000000e+02,3.904598242684154119e-01,-5.532484289311785375e-01,-6.413666122058682140e-01,-2.373141637229209677e-01,-1.117626822502324924e+00,7.914631825481285299e-01
1.680277320736000061e+09,1.040000000000000000e+02,3.895365450941103980e-01,-5.461117776197736973e-01,-6.358670797328340729e-01,-2.393963415205502265e-01,-1.122951822050159754e+00,7.885851346115899663e-01
1.680277320743999958e+09,1.040000000000000000e+02,3.886638804681132320e-01,-5.393695707193196798e-01,-6.306625079033870707e-01,-2.413580915997918241e-01,-1.128008040893187180e+00,7.858606756492267920e-01
1.680277320750000000e+09,1.040000000000000000e+02,3.886638804681132320e-01,-5.393695707193196798e-01,-6.306625079033870707e-01,-2.413580915997918241e-01,-1.128008040893187180e+00,7.858606756492267920e-01
1.680277320756000042e+09,1.040000000000000000e+02,3.877667812325881758e-01,-5.326081651970936415e-01,-6.254579360739399574e-01,-2.433547482640733561e-01,-1.133135818235546655e+00,7.833264575753310366e-01
1.680277320762000084e+09,1.040000000000000000e+02,3.868417567290312054e-01,-5.258467596748674922e-01,-6.202533642444928441e-01,-2.454020194766626806e-01,-1.138281048870425805e+00,7.809091765613189740e-01
1.680277320767999887e+09,1.040000000000000000e+02,3.859062602499622185e-01,-5.190766275063815050e-01,-6.150383204395337700e-01,-2.474667439817720138e-01,-1.143480384712116882e+00,7.786454845214823006e-01
1.680277320773000002e+09,1.040000000000000000e+02,3.859062602499622185e-01,-5.190766275063815050e-01,-6.150383204395337700e-01,-2.474667439817720138e-01,-1.143480384712116882e+00,7.786454845214823006e-01
1.680277320776999950e+09,1.040000000000000000e+02,3.849428385028613175e-01,-5.122960233623835569e-01,-6.098337486100866567e-01,-2.495646297426691862e-01,-1.148733825760619887e+00,7.764952388830251850e-01
1.680277320780999899e+09,1.040000000000000000e+02,3.849428385028613175e-01,-5.122960233623835569e-01,-6.098337486100866567e-01,-2.495646297426691862e-01,-1.148733825760619887e+00,7.764952388830251850e-01
1.680277320789000034e+09,1.040000000000000000e+02,3.839532368169805698e-01,-5.055084379013776719e-01,-6.046169594758756816e-01,-2.517148753811261908e-01,-1.154002974772390777e+00,7.745003275479956928e-01
1.680277320792999983e+09,1.040000000000000000e+02,3.829514178263358493e-01,-4.987103804648597705e-01,-5.994019156709166074e-01,-2.538825743121031486e-01,-1.159345427612745505e+00,7.726188626143458693e-01
1.680277320796999931e+09,1.040000000000000000e+02,3.829514178263358493e-01,-4.987103804648597705e-01,-5.994019156709166074e-01,-2.538825743121031486e-01,-1.159345427612745505e+00,7.726188626143458693e-01
1.680277320801000118e+09,1.040000000000000000e+02,3.819373815309271558e-01,-4.919035963820818647e-01,-5.941868718659575332e-01,-2.561008877913879545e-01,-1.164703588416368119e+00,7.708927319841234471e-01
1.680277320805000067e+09,1.040000000000000000e+02,3.819373815309271558e-01,-4.919035963820818647e-01,-5.941868718659575332e-01,-2.561008877913879545e-01,-1.164703588416368119e+00,7.708927319841234471e-01
1.680277320809000015e+09,1.040000000000000000e+02,3.808954199674864927e-01,-4.850322351169801260e-01,-5.889159775249347417e-01,-2.583523625264606549e-01,-1.170169959633614143e+00,7.692800477552806937e-01
1.680277320812999964e+09,1.040000000000000000e+02,3.808954199674864927e-01,-4.850322351169801260e-01,-5.889159775249347417e-01,-2.583523625264606549e-01,-1.170169959633614143e+00,7.692800477552806937e-01
1.680277320819999933e+09,1.040000000000000000e+02,3.797504839781781771e-01,-4.775220833456485514e-01,-5.831529003348493445e-01,-2.607923328207487068e-01,-1.176152948309450608e+00,7.674771226379705213e-01
1.680277320823999882e+09,1.040000000000000000e+02,3.785793680500900149e-01,-4.697361695525019143e-01,-5.771821289637767416e-01,-2.633178242483845133e-01,-1.182385519068322566e+00,7.655956577043206979e-01
1.680277320828000069e+09,1.040000000000000000e+02,3.785793680500900149e-01,-4.697361695525019143e-01,-5.771821289637767416e-01,-2.633178242483845133e-01,-1.182385519068322566e+00,7.655956577043206979e-01
1.680277320832000017e+09,1.050000000000000000e+02,3.775391518159013637e-01,-4.627269272764926167e-01,-5.718012788798783053e-01,-2.655884976052291235e-01,-1.188010715247500126e+00,7.639079243176422063e-01
1.680277320836999893e+09,1.050000000000000000e+02,3.775391518159013637e-01,-4.627269272764926167e-01,-5.718012788798783053e-01,-2.655884976052291235e-01,-1.188010715247500126e+00,7.639079243176422063e-01
1.680277320841000080e+09,1.050000000000000000e+02,3.765495501300206160e-01,-4.561121294114340863e-01,-5.667276067443307586e-01,-2.677212899511661748e-01,-1.193333969466082944e+00,7.623336373323432724e-01
1.680277320845000029e+09,1.050000000000000000e+02,3.765495501300206160e-01,-4.561121294114340863e-01,-5.667276067443307586e-01,-2.677212899511661748e-01,-1.193333969466082944e+00,7.623336373323432724e-01
1.680277320848999977e+09,1.050000000000000000e+02,3.755616937733918248e-01,-4.495165301681475767e-01,-5.616661519135471847e-01,-2.698697902603712229e-01,-1.198676422306437672e+00,7.608361448341320887e-01
1.680277320852999926e+09,1.050000000000000000e+02,3.755616937733918248e-01,-4.495165301681475767e-01,-5.616661519135471847e-01,-2.698697902603712229e-01,-1.198676422306437672e+00,7.608361448341320887e-01
1.680277320858999968e+09,1.050000000000000000e+02,3.745598747827470487e-01,-4.429296575711209605e-01,-5.566256410337875327e-01,-2.720200358988282274e-01,-1.204017129817540388e+00,7.594171921522607782e-01
1.680277320865000010e+09,1.050000000000000000e+02,3.735580557921023837e-01,-4.363602382666142976e-01,-5.515973474587918535e-01,-2.742051881223251386e-01,-1.209377035950414792e+00,7.581116858717689144e-01
1.680277320868999958e+09,1.050000000000000000e+02,3.735580557921023837e-01,-4.363602382666142976e-01,-5.515973474587918535e-01,-2.742051881223251386e-01,-1.209377035950414792e+00,7.581116858717689144e-01
1.680277320872999907e+09,1.050000000000000000e+02,3.725562368014576076e-01,-4.297908189621076347e-01,-5.465899978348202071e-01,-2.763885950165700378e-01,-1.214754395375809315e+00,7.569213713219088424e-01
1.680277320880000114e+09,1.050000000000000000e+02,3.715282378720329293e-01,-4.232405982793729371e-01,-5.415931201863604105e-01,-2.785894552033348903e-01,-1.220149208093723958e+00,7.557711993448446020e-01
1.680277320884000063e+09,1.050000000000000000e+02,3.715282378720329293e-01,-4.232405982793729371e-01,-5.415931201863604105e-01,-2.785894552033348903e-01,-1.220149208093723958e+00,7.557711993448446020e-01
1.680277320888999939e+09,1.050000000000000000e+02,3.705124562473722238e-01,-4.167078308891581373e-01,-5.366189318181765477e-01,-2.808077686826196406e-01,-1.225561474104158277e+00,7.547344737691599192e-01
1.680277320897000074e+09,1.050000000000000000e+02,3.694844573179475455e-01,-4.101750634989433930e-01,-5.316552154255046458e-01,-2.830260821619045020e-01,-1.230975485443844830e+00,7.537745426805629867e-01
1.680277320904999971e+09,1.050000000000000000e+02,3.684442410837589499e-01,-4.035148870733330506e-01,-5.266042325702331439e-01,-2.853124634820170535e-01,-1.236511669831170668e+00,7.528914060790539153e-01
1.680277320911999941e+09,1.050000000000000000e+02,3.672853424604347050e-01,-3.961600696054288773e-01,-5.210156883053472798e-01,-2.878205016171329067e-01,-1.242655228798190681e+00,7.518564258326213556e-01
1.680277320915999889e+09,1.050000000000000000e+02,3.672853424604347050e-01,-3.961600696054288773e-01,-5.210156883053472798e-01,-2.878205016171329067e-01,-1.242655228798190681e+00,7.518564258326213556e-01
1.680277320920000076e+09,1.050000000000000000e+02,3.660636119840386948e-01,-3.882188215088547278e-01,-5.149890663982108485e-01,-2.905170353114641113e-01,-1.249296206602029224e+00,7.507429057698489228e-01
1.680277320924000025e+09,1.050000000000000000e+02,3.660636119840386948e-01,-3.882188215088547278e-01,-5.149890663982108485e-01,-2.905170353114641113e-01,-1.249296206602029224e+00,7.507429057698489228e-01
1.680277320928999901e+09,1.060000000000000000e+02,3.649308932994943522e-01,-3.808535320654386491e-01,-5.093900501578130235e-01,-2.930076201540600667e-01,-1.255474672154089255e+00,7.496677829506204205e-01
1.680277320936000109e+09,1.060000000000000000e+02,3.638505344925098695e-01,-3.738634884112013168e-01,-5.040982118657661992e-01,-2.953969759000402706e-01,-1.261351195745553877e+00,7.486328027041877498e-01
1.680277320940000057e+09,1.060000000000000000e+02,3.638505344925098695e-01,-3.738634884112013168e-01,-5.040982118657661992e-01,-2.953969759000402706e-01,-1.261351195745553877e+00,7.486328027041877498e-01
1.680277320944000006e+09,1.060000000000000000e+02,3.627579583807614694e-01,-3.668559914644441422e-01,-4.988063735737194304e-01,-2.978194929018084247e-01,-1.267243427300286607e+00,7.475960771285030670e-01
1.680277320947999954e+09,1.060000000000000000e+02,3.627579583807614694e-01,-3.668559914644441422e-01,-4.988063735737194304e-01,-2.978194929018084247e-01,-1.267243427300286607e+00,7.475960771285030670e-01
1.680277320953000069e+09,1.060000000000000000e+02,3.616392023302331116e-01,-3.598205692496549424e-01,-4.935354792326965279e-01,-3.002943697811363832e-01,-1.273172310769311588e+00,7.465209543092746758e-01
1.680277320960999966e+09,1.060000000000000000e+02,3.605064836456887134e-01,-3.527572217668339394e-01,-4.882645848916736808e-01,-3.028373145012920875e-01,-1.279137846152628155e+00,7.454458314900461735e-01
1.680277320967000008e+09,1.060000000000000000e+02,3.593615476563804534e-01,-3.456746756622409711e-01,-4.830059078554147511e-01,-3.054308737697556952e-01,-1.285120834828464842e+00,7.443724540000695722e-01
1.680277320971999884e+09,1.060000000000000000e+02,3.593615476563804534e-01,-3.456746756622409711e-01,-4.830059078554147511e-01,-3.054308737697556952e-01,-1.285120834828464842e+00,7.443724540000695722e-01
1.680277320976000071e+09,1.060000000000000000e+02,3.582043943623081650e-01,-3.385659496188679896e-01,-4.777577027946677823e-01,-3.080750475865270399e-01,-1.291138730089341102e+00,7.432973311808410699e-01
1.680277320980000019e+09,1.060000000000000000e+02,3.582043943623081650e-01,-3.385659496188679896e-01,-4.777577027946677823e-01,-3.080750475865270399e-01,-1.291138730089341102e+00,7.432973311808410699e-01
1.680277320984999895e+09,1.060000000000000000e+02,3.570193158002040734e-01,-3.314310436367152168e-01,-4.725199697094328299e-01,-3.107715812808583555e-01,-1.297174078642737483e+00,7.421838111180687481e-01
1.680277320993000031e+09,1.060000000000000000e+02,3.558098026285719806e-01,-3.242751937035384668e-01,-4.672927085997098384e-01,-3.135187295234974081e-01,-1.303246079110425892e+00,7.410720363845482161e-01
1.680277320999000072e+09,1.060000000000000000e+02,3.546002894569399433e-01,-3.170931638315817591e-01,-4.620776647947507643e-01,-3.163164923144443086e-01,-1.309352986163153876e+00,7.399585163217760053e-01
1.680277321003999949e+09,1.060000000000000000e+02,3.546002894569399433e-01,-3.170931638315817591e-01,-4.620776647947507643e-01,-3.163164923144443086e-01,-1.309352986163153876e+00,7.399585163217760053e-01
1.680277321007999897e+09,1.060000000000000000e+02,3.533244537737320612e-01,-3.095271615241863561e-01,-4.566112935775044623e-01,-3.192678440795667094e-01,-1.315763580505729058e+00,7.387298045283718917e-01
1.680277321012000084e+09,1.060000000000000000e+02,3.533244537737320612e-01,-3.095271615241863561e-01,-4.566112935775044623e-01,-3.192678440795667094e-01,-1.315763580505729058e+00,7.387298045283718917e-01
1.680277321016999960e+09,1.060000000000000000e+02,3.519334263598926094e-01,-3.011932143459134514e-01,-4.505846716703680865e-01,-3.225281191222921784e-01,-1.322867070561346114e+00,7.373876463335883313e-01
1.680277321026000023e+09,1.060000000000000000e+02,3.504237165569175083e-01,-2.920721236749910799e-01,-4.439873270978295094e-01,-3.260589201990766184e-01,-1.330647748366736716e+00,7.358133593482893975e-01
1.680277321030999899e+09,1.060000000000000000e+02,3.488354669376026451e-01,-2.823925276434305354e-01,-4.369972834435922326e-01,-3.297956701275965297e-01,-1.338927590338197859e+00,7.341622778759027135e-01
1.680277321036000013e+09,1.060000000000000000e+02,3.488354669376026451e-01,-2.823925276434305354e-01,-4.369972834435922326e-01,-3.297956701275965297e-01,-1.338927590338197859e+00,7.341622778759027135e-01
1.680277321042999983e+09,1.060000000000000000e+02,3.472751425863197516e-01,-2.727129316118699354e-01,-4.300072397893549003e-01,-3.335167120928484441e-01,-1.347207432309659003e+00,7.323977500021364717e-01
1.680277321048000097e+09,1.060000000000000000e+02,3.457392528445646929e-01,-2.630507888728293442e-01,-4.230381400861415453e-01,-3.372185554363283932e-01,-1.355504727573640045e+00,7.306314767991182180e-01
1.680277321052000046e+09,1.060000000000000000e+02,3.457392528445646929e-01,-2.630507888728293442e-01,-4.230381400861415453e-01,-3.372185554363283932e-01,-1.355504727573640045e+00,7.306314767991182180e-01
1.680277321055999994e+09,1.060000000000000000e+02,3.442173257368256745e-01,-2.534078447555606628e-01,-4.160812576876921631e-01,-3.408872375240205033e-01,-1.363802022837621086e+00,7.287901544382642260e-01
1.680277321059999943e+09,1.060000000000000000e+02,3.442173257368256745e-01,-2.534078447555606628e-01,-4.160812576876921631e-01,-3.408872375240205033e-01,-1.363802022837621086e+00,7.287901544382642260e-01
1.680277321063999891e+09,1.060000000000000000e+02,3.427337958726304756e-01,-2.437823539308119902e-01,-4.091453192402667027e-01,-3.445384663191926045e-01,-1.372097572772350116e+00,7.269470867481582221e-01
1.680277321068000078e+09,1.060000000000000000e+02,3.427337958726304756e-01,-2.437823539308119902e-01,-4.091453192402667027e-01,-3.445384663191926045e-01,-1.372097572772350116e+00,7.269470867481582221e-01
1.680277321072000027e+09,1.060000000000000000e+02,3.412502660084352768e-01,-2.341865337033471328e-01,-4.022303247438651641e-01,-3.481739871510967643e-01,-1.380394868036331157e+00,7.250289699002164800e-01
1.680277321075999975e+09,1.060000000000000000e+02,3.412502660084352768e-01,-2.341865337033471328e-01,-4.022303247438651641e-01,-3.481739871510967643e-01,-1.380394868036331157e+00,7.250289699002164800e-01
1.680277321082999945e+09,1.060000000000000000e+02,3.398051333877840086e-01,-2.245976947928902956e-01,-3.953380195277395592e-01,-3.517903093612290144e-01,-1.388692163300312199e+00,7.230707104794787954e-01
1.680277321088000059e+09,1.060000000000000000e+02,3.383739634011486141e-01,-2.150367811504653726e-01,-3.884579316163779272e-01,-3.553909236080933787e-01,-1.396989458564293241e+00,7.210757991444493031e-01
1.680277321092000008e+09,1.060000000000000000e+02,3.383739634011486141e-01,-2.150367811504653726e-01,-3.884579316163779272e-01,-3.553909236080933787e-01,-1.396989458564293241e+00,7.210757991444493031e-01
1.680277321095999956e+09,1.060000000000000000e+02,3.369689733532931775e-01,-2.054950661298123593e-01,-3.815987876560402170e-01,-3.589740845624376786e-01,-1.405269300535754384e+00,7.190407452366238683e-01
1.680277321099999905e+09,1.060000000000000000e+02,3.369689733532931775e-01,-2.054950661298123593e-01,-3.815987876560402170e-01,-3.589740845624376786e-01,-1.405269300535754384e+00,7.190407452366238683e-01
1.680277321107000113e+09,1.060000000000000000e+02,3.355901632442176985e-01,-1.959708044016793271e-01,-3.747728049514904014e-01,-3.625415375535140927e-01,-1.413566595799735426e+00,7.169690394145066259e-01
1.680277321111999989e+09,1.060000000000000000e+02,3.342235704399061369e-01,-1.864744679415781814e-01,-3.679572942224525467e-01,-3.660897919228185970e-01,-1.421846437771196570e+00,7.148187937760496213e-01
1.680277321115999937e+09,1.060000000000000000e+02,3.342235704399061369e-01,-1.864744679415781814e-01,-3.679572942224525467e-01,-3.660897919228185970e-01,-1.421846437771196570e+00,7.148187937760496213e-01
1.680277321119999886e+09,1.060000000000000000e+02,3.328831575743744775e-01,-1.769868581277369568e-01,-3.611644727736906257e-01,-3.696223383288551601e-01,-1.430143733035177389e+00,7.126702934668445177e-01
1.680277321124000072e+09,1.060000000000000000e+02,3.328831575743744775e-01,-1.769868581277369568e-01,-3.611644727736906257e-01,-3.696223383288551601e-01,-1.430143733035177389e+00,7.126702934668445177e-01
1.680277321128000021e+09,1.060000000000000000e+02,3.315689246476227203e-01,-1.675254282526757177e-01,-3.543821233004406657e-01,-3.731548847348916120e-01,-1.438421829677386521e+00,7.104833959140957056e-01
1.680277321131999969e+09,1.060000000000000000e+02,3.315689246476227203e-01,-1.675254282526757177e-01,-3.543821233004406657e-01,-3.731548847348916120e-01,-1.438421829677386521e+00,7.104833959140957056e-01
1.680277321138999939e+09,1.060000000000000000e+02,3.302686543548869480e-01,-1.580936689748983492e-01,-3.476311897537265883e-01,-3.766682325191562097e-01,-1.446701671648847665e+00,7.082179585450070203e-01
1.680277321144000053e+09,1.060000000000000000e+02,3.289806013669151485e-01,-1.486706363433809852e-01,-3.409046908165404011e-01,-3.801676176694048781e-01,-1.454964060327788911e+00,7.059542665051704580e-01
1.680277321148000002e+09,1.060000000000000000e+02,3.289806013669151485e-01,-1.486706363433809852e-01,-3.409046908165404011e-01,-3.801676176694048781e-01,-1.454964060327788911e+00,7.059542665051704580e-01
1.680277321151999950e+09,1.060000000000000000e+02,3.277309456224872242e-01,-1.392737836506434956e-01,-3.341991358303781912e-01,-3.836652574904014790e-01,-1.463242156969998042e+00,7.036120346489940225e-01
1.680277321155999899e+09,1.060000000000000000e+02,3.277309456224872242e-01,-1.392737836506434956e-01,-3.341991358303781912e-01,-3.836652574904014790e-01,-1.463242156969998042e+00,7.036120346489940225e-01
1.680277321160000086e+09,1.060000000000000000e+02,3.264952525120752846e-01,-1.298961295796779714e-01,-3.275145247952399030e-01,-3.871454440188781820e-01,-1.471504545648939288e+00,7.012331508785257794e-01
1.680277321164000034e+09,1.060000000000000000e+02,3.264952525120752846e-01,-1.298961295796779714e-01,-3.275145247952399030e-01,-3.871454440188781820e-01,-1.471504545648939288e+00,7.012331508785257794e-01
1.680277321170000076e+09,1.060000000000000000e+02,3.252717767064272625e-01,-1.205464007767443474e-01,-3.208526030403776041e-01,-3.906273758766068971e-01,-1.479765188998628300e+00,6.988542671080575364e-01
1.680277321176000118e+09,1.060000000000000000e+02,3.240744808395591425e-01,-1.112141252663306629e-01,-3.142133705657911280e-01,-3.940901091125635913e-01,-1.488010124385049426e+00,6.963968435212494201e-01
1.680277321180000067e+09,1.060000000000000000e+02,3.240744808395591425e-01,-1.112141252663306629e-01,-3.142133705657911280e-01,-3.940901091125635913e-01,-1.488010124385049426e+00,6.963968435212494201e-01
1.680277321184000015e+09,1.060000000000000000e+02,3.228911476067069519e-01,-1.019010483776889298e-01,-3.075950820422286291e-01,-3.975545876777723531e-01,-1.496270767734738882e+00,6.939411652636934269e-01
1.680277321187999964e+09,1.060000000000000000e+02,3.228911476067069519e-01,-1.019010483776889298e-01,-3.075950820422286291e-01,-3.975545876777723531e-01,-1.496270767734738882e+00,6.939411652636934269e-01
1.680277321191999912e+09,1.060000000000000000e+02,3.217322489833827626e-01,-9.261415142782709886e-02,-3.009994827989420640e-01,-4.010190662429811148e-01,-1.504496504499388099e+00,6.914086925190496835e-01
1.680277321196000099e+09,1.060000000000000000e+02,3.217322489833827626e-01,-9.261415142782709886e-02,-3.009994827989420640e-01,-4.010190662429811148e-01,-1.504496504499388099e+00,6.914086925190496835e-01
1.680277321201999903e+09,1.060000000000000000e+02,3.206012756280903764e-01,-8.334645309973721938e-02,-2.944352994821914371e-01,-4.044817994789378646e-01,-1.512741439885809225e+00,6.888744744451539281e-01
1.680277321207000017e+09,1.060000000000000000e+02,3.194825195775620186e-01,-7.410668003967924022e-02,-2.878833334702046720e-01,-4.079288247516266175e-01,-1.520967176650458441e+00,6.862652072134223236e-01
1.680277321210999966e+09,1.060000000000000000e+02,3.194825195775620186e-01,-7.410668003967924022e-02,-2.878833334702046720e-01,-4.079288247516266175e-01,-1.520967176650458441e+00,6.862652072134223236e-01
1.680277321216000080e+09,1.060000000000000000e+02,3.183759808317975781e-01,-6.488436027214120050e-02,-2.813645287140058571e-01,-4.113933033168354347e-01,-1.529192913415107657e+00,6.836559399816908300e-01
1.680277321223000050e+09,1.060000000000000000e+02,3.172956220248131509e-01,-5.567949379712310021e-02,-2.748771398843429248e-01,-4.148385832602722312e-01,-1.537401196887237198e+00,6.809681329336195743e-01
1.680277321226999998e+09,1.060000000000000000e+02,3.172956220248131509e-01,-5.567949379712310021e-02,-2.748771398843429248e-01,-4.148385832602722312e-01,-1.537401196887237198e+00,6.809681329336195743e-01
1.680277321230999947e+09,1.060000000000000000e+02,3.162414431566085149e-01,-4.650429791938890528e-02,-2.684019683594439654e-01,-4.182856085329610396e-01,-1.545609480359366295e+00,6.782820712148002196e-01
1.680277321234999895e+09,1.060000000000000000e+02,3.162414431566085149e-01,-4.650429791938890528e-02,-2.684019683594439654e-01,-4.182856085329610396e-01,-1.545609480359366295e+00,6.782820712148002196e-01
1.680277321239000082e+09,1.060000000000000000e+02,3.152012269224199192e-01,-3.735528198043463338e-02,-2.619599580903329006e-01,-4.217326338056497925e-01,-1.553817763831495613e+00,6.755192150088932257e-01
1.680277321243000031e+09,1.060000000000000000e+02,3.152012269224199192e-01,-3.735528198043463338e-02,-2.619599580903329006e-01,-4.217326338056497925e-01,-1.553817763831495613e+00,6.755192150088932257e-01
1.680277321246999979e+09,1.060000000000000000e+02,3.141732279929952965e-01,-2.822371933400030439e-02,-2.555388917722457576e-01,-4.251971123708585543e-01,-1.562008594011105034e+00,6.727563588029863428e-01
1.680277321250999928e+09,1.060000000000000000e+02,3.141732279929952965e-01,-2.822371933400030439e-02,-2.555388917722457576e-01,-4.251971123708585543e-01,-1.562008594011105034e+00,6.727563588029863428e-01
1.680277321255000114e+09,1.060000000000000000e+02,3.131591916975865475e-01,-1.911135530933790946e-02,-2.491509867099465092e-01,-4.286441376435473627e-01,-1.570180225568942545e+00,6.699533600242834064e-01
1.680277321259999990e+09,1.060000000000000000e+02,3.131591916975865475e-01,-1.911135530933790946e-02,-2.491509867099465092e-01,-4.286441376435473627e-01,-1.570180225568942545e+00,6.699533600242834064e-01
1.680277321266000032e+09,1.060000000000000000e+02,3.121835526457217291e-01,-1.002691655270742353e-02,-2.427840255986712381e-01,-4.321068708795041124e-01,-1.578371055748551965e+00,6.671137093312885513e-01
1.680277321273999929e+09,1.060000000000000000e+02,3.112061682646048988e-01,-9.686577348568529327e-04,-2.364519710724357904e-01,-4.355713494447128187e-01,-1.586525234013869579e+00,6.641972641512060571e-01
1.680277321279999971e+09,1.060000000000000000e+02,3.102567091515199826e-01,8.059930485709814255e-03,-2.301408604972242922e-01,-4.390358280099216359e-01,-1.594681157608438982e+00,6.612808189711234519e-01
1.680277321286999941e+09,1.060000000000000000e+02,3.093194673431990394e-01,1.707106541375653583e-02,-2.238611658485486766e-01,-4.424985612458783857e-01,-1.602817882581236475e+00,6.583242312182451261e-01
1.680277321290999889e+09,1.060000000000000000e+02,3.093194673431990394e-01,1.707106541375653583e-02,-2.238611658485486766e-01,-4.424985612458783857e-01,-1.602817882581236475e+00,6.583242312182451261e-01
1.680277321295000076e+09,1.060000000000000000e+02,3.084101508029100103e-01,2.606474704928331970e-02,-2.176059058094010068e-01,-4.459804931036070452e-01,-1.610954607554034190e+00,6.553309915510748818e-01
1.680277321299999952e+09,1.060000000000000000e+02,3.084101508029100103e-01,2.606474704928331970e-02,-2.176059058094010068e-01,-4.459804931036070452e-01,-1.610954607554034190e+00,6.553309915510748818e-01
1.680277321305999994e+09,1.060000000000000000e+02,3.075113062381328866e-01,3.502177677051821619e-02,-2.113820616967892474e-01,-4.494781329246036461e-01,-1.619091332526831684e+00,6.522993546403608178e-01
1.680277321311000109e+09,1.060000000000000000e+02,3.066264243073718032e-01,4.395960786998117514e-02,-2.051791615352013820e-01,-4.529583194530803492e-01,-1.627193150914589381e+00,6.492677177296465318e-01
1.680277321315000057e+09,1.060000000000000000e+02,3.066264243073718032e-01,4.395960786998117514e-02,-2.051791615352013820e-01,-4.529583194530803492e-01,-1.627193150914589381e+00,6.492677177296465318e-01
1.680277321319000006e+09,1.060000000000000000e+02,3.057555050106265937e-01,5.287125903066422494e-02,-1.990111679586534232e-01,-4.564734125665969589e-01,-1.635293223973095067e+00,6.461592863318446067e-01
1.680277321322999954e+09,1.060000000000000000e+02,3.057555050106265937e-01,5.287125903066422494e-02,-1.990111679586534232e-01,-4.564734125665969589e-01,-1.635293223973095067e+00,6.461592863318446067e-01
1.680277321331000090e+09,1.060000000000000000e+02,3.049090203234093299e-01,6.175498492331536055e-02,-1.928745903086413749e-01,-4.599710523875935597e-01,-1.643377589068332867e+00,6.430107123612468500e-01
1.680277321335000038e+09,1.060000000000000000e+02,3.040904609042240359e-01,7.061951219419455861e-02,-1.867729192436691776e-01,-4.635035987936300672e-01,-1.651460208834318655e+00,6.398638837199011054e-01
1.680277321338999987e+09,1.060000000000000000e+02,3.040904609042240359e-01,7.061951219419455861e-02,-1.867729192436691776e-01,-4.635035987936300672e-01,-1.651460208834318655e+00,6.398638837199011054e-01
1.680277321342999935e+09,1.060000000000000000e+02,3.032701561557867298e-01,7.945785952629384752e-02,-1.807026641052329186e-01,-4.670361451996666302e-01,-1.659527120637036335e+00,6.366402605914674995e-01
1.680277321346999884e+09,1.060000000000000000e+02,3.032701561557867298e-01,7.945785952629384752e-02,-1.807026641052329186e-01,-4.670361451996666302e-01,-1.659527120637036335e+00,6.366402605914674995e-01
1.680277321351000071e+09,1.060000000000000000e+02,3.024760313461292704e-01,8.826828159036122223e-02,-1.746533529178205535e-01,-4.705843995689710790e-01,-1.667574833817982105e+00,6.334166374630340046e-01
1.680277321355000019e+09,1.060000000000000000e+02,3.024760313461292704e-01,8.826828159036122223e-02,-1.746533529178205535e-01,-4.705843995689710790e-01,-1.667574833817982105e+00,6.334166374630340046e-01
1.680277321361999989e+09,1.060000000000000000e+02,3.016958691704878515e-01,9.705077838639668275e-02,-1.686389483154480950e-01,-4.741343992675275953e-01,-1.675622546998928097e+00,6.301162198475128706e-01
1.680277321368000031e+09,1.060000000000000000e+02,3.009279242996103498e-01,1.058070952436522272e-01,-1.626559596396115470e-01,-4.777175602218719508e-01,-1.683652806887353970e+00,6.268158022319915146e-01
1.680277321374000072e+09,1.060000000000000000e+02,3.001861593675127504e-01,1.145354868328758852e-01,-1.567061322195628659e-01,-4.813007211762162507e-01,-1.691665613483259722e+00,6.234752420436743270e-01
1.680277321378000021e+09,1.060000000000000000e+02,3.001861593675127504e-01,1.145354868328758852e-01,-1.567061322195628659e-01,-4.813007211762162507e-01,-1.691665613483259722e+00,6.234752420436743270e-01
1.680277321382999897e+09,1.060000000000000000e+02,2.994583570694310803e-01,1.232359531540676151e-01,-1.507894660553020794e-01,-4.849013354230806150e-01,-1.699659221457394009e+00,6.200980299410654428e-01
1.680277321387000084e+09,1.060000000000000000e+02,2.994583570694310803e-01,1.232359531540676151e-01,-1.507894660553020794e-01,-4.849013354230806150e-01,-1.699659221457394009e+00,6.200980299410654428e-01
1.680277321391999960e+09,1.060000000000000000e+02,2.987410267468613712e-01,1.319084942072274447e-01,-1.449059611468292152e-01,-4.885176576332128096e-01,-1.707635376139007954e+00,6.166824205949125171e-01
1.680277321398999929e+09,1.060000000000000000e+02,2.980516216923236872e-01,1.405635819678673071e-01,-1.390538721648922338e-01,-4.921357251725970716e-01,-1.715613276149874133e+00,6.132284140052156607e-01
1.680277321403000116e+09,1.060000000000000000e+02,2.980516216923236872e-01,1.405635819678673071e-01,-1.390538721648922338e-01,-4.921357251725970716e-01,-1.715613276149874133e+00,6.132284140052156607e-01
1.680277321407000065e+09,1.060000000000000000e+02,2.973622166377858922e-01,1.491820178142153064e-01,-1.332471617435070921e-01,-4.957869539677692283e-01,-1.723571977538968181e+00,6.097360101719749848e-01
1.680277321414000034e+09,1.060000000000000000e+02,2.966989915220280549e-01,1.577742737217834035e-01,-1.274613952731458721e-01,-4.994556360554613383e-01,-1.731513225635542330e+00,6.062052090951903782e-01
1.680277321417999983e+09,1.060000000000000000e+02,2.966989915220280549e-01,1.577742737217834035e-01,-1.274613952731458721e-01,-4.994556360554613383e-01,-1.731513225635542330e+00,6.062052090951903782e-01
1.680277321423000097e+09,1.060000000000000000e+02,2.960479837110341350e-01,1.663368590320675744e-01,-1.217210073633365336e-01,-5.031417714356732906e-01,-1.739435275110344792e+00,6.026744080184059937e-01
1.680277321427000046e+09,1.060000000000000000e+02,2.960479837110341350e-01,1.663368590320675744e-01,-1.217210073633365336e-01,-5.031417714356732906e-01,-1.739435275110344792e+00,6.026744080184059937e-01
1.680277321431999922e+09,1.060000000000000000e+02,2.954109385340562000e-01,1.748732644035718709e-01,-1.160120353800630916e-01,-5.068436147791532953e-01,-1.747341616621879146e+00,5.990668124545336370e-01
1.680277321438999891e+09,1.060000000000000000e+02,2.948000732958581671e-01,1.833730178607842487e-01,-1.103362246525775164e-01,-5.105646567444052097e-01,-1.755246212804161487e+00,5.954208196471174608e-01
1.680277321443000078e+09,1.060000000000000000e+02,2.948000732958581671e-01,1.833730178607842487e-01,-1.103362246525775164e-01,-5.105646567444052097e-01,-1.755246212804161487e+00,5.954208196471174608e-01
1.680277321447000027e+09,1.060000000000000000e+02,2.941874627284081778e-01,1.918535726962246890e-01,-1.046935751808798637e-01,-5.143171146361930068e-01,-1.763117647730655824e+00,5.917748268397012845e-01
1.680277321450999975e+09,1.060000000000000000e+02,2.941874627284081778e-01,1.918535726962246890e-01,-1.046935751808798637e-01,-5.143171146361930068e-01,-1.763117647730655824e+00,5.917748268397012845e-01
1.680277321457000017e+09,1.060000000000000000e+02,2.936027774289901027e-01,2.002974756173732662e-01,-9.909455894048203872e-02,-5.180713178572328159e-01,-1.770968138706126238e+00,5.880520395451974691e-01
1.680277321463000059e+09,1.060000000000000000e+02,2.930303094343360004e-01,2.087151985997419135e-01,-9.352870395587212227e-02,-5.218604276633125316e-01,-1.778820375010848664e+00,5.843292522506935427e-01
1.680277321467000008e+09,1.060000000000000000e+02,2.930303094343360004e-01,2.087151985997419135e-01,-9.352870395587212227e-02,-5.218604276633125316e-01,-1.778820375010848664e+00,5.843292522506935427e-01
1.680277321470999956e+09,1.060000000000000000e+02,2.924700587444458155e-01,2.171049963140786465e-01,-8.800648220256207521e-02,-5.256826987251800309e-01,-1.786637704730531295e+00,5.805680677126457967e-01
1.680277321474999905e+09,1.060000000000000000e+02,2.924700587444458155e-01,2.171049963140786465e-01,-8.800648220256207521e-02,-5.256826987251800309e-01,-1.786637704730531295e+00,5.805680677126457967e-01
1.680277321479000092e+09,1.060000000000000000e+02,2.919377333225875448e-01,2.254581421141234887e-01,-8.251567637578791081e-02,-5.295032244577957403e-01,-1.794453289120961914e+00,5.767684859310541201e-01
1.680277321483000040e+09,1.060000000000000000e+02,2.919377333225875448e-01,2.254581421141234887e-01,-8.251567637578791081e-02,-5.295032244577957403e-01,-1.794453289120961914e+00,5.767684859310541201e-01
1.680277321490000010e+09,1.060000000000000000e+02,2.914036625714772621e-01,2.337920892923964489e-01,-7.707024910956560004e-02,-5.333604021047031463e-01,-1.802233966926352737e+00,5.728921096623746934e-01
1.680277321496000051e+09,1.060000000000000000e+02,2.908957717591469372e-01,2.420806579101175138e-01,-7.165798309913118391e-02,-5.372507410073984468e-01,-1.810016390060995350e+00,5.690157333936953776e-01
1.680277321503000021e+09,1.060000000000000000e+02,2.904018435808324861e-01,2.503430465890586487e-01,-6.628935031999662331e-02,-5.411585332026138673e-01,-1.817760415952094366e+00,5.651009598814720203e-01
1.680277321506999969e+09,1.060000000000000000e+02,2.904018435808324861e-01,2.503430465890586487e-01,-6.628935031999662331e-02,-5.411585332026138673e-01,-1.817760415952094366e+00,5.651009598814720203e-01
1.680277321510999918e+09,1.060000000000000000e+02,2.899079154025180904e-01,2.585775099999679250e-01,-6.096435077216193210e-02,-5.450820333610970625e-01,-1.825506187172445172e+00,5.611477891257049544e-01
1.680277321515000105e+09,1.060000000000000000e+02,2.899079154025180904e-01,2.585775099999679250e-01,-6.096435077216193210e-02,-5.450820333610970625e-01,-1.825506187172445172e+00,5.611477891257049544e-01
1.680277321519000053e+09,1.060000000000000000e+02,2.894384218337316406e-01,2.667753214965852826e-01,-5.567251248011512166e-02,-5.490421854338721763e-01,-1.833215306478503948e+00,5.571562211263938469e-01
1.680277321523000002e+09,1.060000000000000000e+02,2.894384218337316406e-01,2.667753214965852826e-01,-5.567251248011512166e-02,-5.490421854338721763e-01,-1.833215306478503948e+00,5.571562211263938469e-01
1.680277321529999971e+09,1.060000000000000000e+02,2.889968535329770494e-01,2.749452077251707260e-01,-5.043477939488014150e-02,-5.530337534331831728e-01,-1.840906972492043048e+00,5.531262558835389198e-01
1.680277321535000086e+09,1.060000000000000000e+02,2.885535399029705572e-01,2.830784420394643064e-01,-4.523020756543304904e-02,-5.570445200542661901e-01,-1.848581185213062028e+00,5.490962906406839927e-01
1.680277321539000034e+09,1.060000000000000000e+02,2.885535399029705572e-01,2.830784420394643064e-01,-4.523020756543304904e-02,-5.570445200542661901e-01,-1.848581185213062028e+00,5.490962906406839927e-01
1.680277321542999983e+09,1.060000000000000000e+02,2.881241889069798834e-01,2.911837510857259170e-01,-4.005879699177385123e-02,-5.610884479311371020e-01,-1.856237944641561333e+00,5.449895309107413155e-01
1.680277321546999931e+09,1.060000000000000000e+02,2.881241889069798834e-01,2.911837510857259170e-01,-4.005879699177385123e-02,-5.610884479311371020e-01,-1.856237944641561333e+00,5.449895309107413155e-01
1.680277321552999973e+09,1.060000000000000000e+02,2.877210178497692228e-01,2.992541535469477321e-01,-3.494149162492647676e-02,-5.651655370637957976e-01,-1.863858052155768608e+00,5.408443739372548187e-01
1.680277321559000015e+09,1.060000000000000000e+02,2.873178467925585067e-01,3.072861587646256720e-01,-2.986781948937896128e-02,-5.692618248182265139e-01,-1.871478159669975661e+00,5.366608197202243913e-01
1.680277321562999964e+09,1.060000000000000000e+02,2.873178467925585067e-01,3.072861587646256720e-01,-2.986781948937896128e-02,-5.692618248182265139e-01,-1.871478159669975661e+00,5.366608197202243913e-01
1.680277321571000099e+09,1.060000000000000000e+02,2.869408556741277483e-01,3.151907549469079584e-01,-2.489363112119511931e-02,-5.733563672434052183e-01,-1.878974348807291417e+00,5.325156627467378945e-01
1.680277321575000048e+09,1.060000000000000000e+02,2.866022617992408095e-01,3.225734976828439904e-01,-2.028072590817410828e-02,-5.772135448903126242e-01,-1.885990572400308540e+00,5.285624919909707176e-01
1.680277321582000017e+09,1.060000000000000000e+02,2.863038104971498132e-01,3.293907537411338016e-01,-1.601863187480395689e-02,-5.808124138079250320e-01,-1.892470979912963536e+00,5.248781019400107217e-01
1.680277321585999966e+09,1.060000000000000000e+02,2.863038104971498132e-01,3.293907537411338016e-01,-1.601863187480395689e-02,-5.808124138079250320e-01,-1.892470979912963536e+00,5.248781019400107217e-01
1.680277321589999914e+09,1.060000000000000000e+02,2.860297938045867072e-01,3.356564857557934878e-01,-1.212829297210859560e-02,-5.841582099839981446e-01,-1.898436515296280103e+00,5.214624925938577960e-01
1.680277321594000101e+09,1.060000000000000000e+02,2.860297938045867072e-01,3.356564857557934878e-01,-1.212829297210859560e-02,-5.841582099839981446e-01,-1.898436515296280103e+00,5.214624925938577960e-01
1.680277321598000050e+09,1.060000000000000000e+02,2.857819570508035034e-01,3.413759297145789184e-01,-8.600982553828056404e-03,-5.872282441382561391e-01,-1.903883687891754439e+00,5.183156639525120513e-01
1.680277321601999998e+09,1.060000000000000000e+02,2.857819570508035034e-01,3.413759297145789184e-01,-8.600982553828056404e-03,-5.872282441382561391e-01,-1.903883687891754439e+00,5.183156639525120513e-01
1.680277321607000113e+09,1.060000000000000000e+02,2.855742628698161867e-01,3.465438496297341131e-01,-5.412266010434415263e-03,-5.900434602217230484e-01,-1.908815988357890348e+00,5.154376160159733766e-01
1.680277321612999916e+09,1.060000000000000000e+02,2.853787859935927873e-01,3.511742081352750566e-01,-2.563888671179670280e-03,-5.925689516493588549e-01,-1.913231671365436037e+00,5.128667460277857026e-01
1.680277321618000031e+09,1.060000000000000000e+02,2.853787859935927873e-01,3.511742081352750566e-01,-2.563888671179670280e-03,-5.925689516493588549e-01,-1.913231671365436037e+00,5.128667460277857026e-01
1.680277321621999979e+09,1.060000000000000000e+02,2.852234516901653305e-01,3.552635145726977806e-01,-5.410520681182421493e-05,-5.948221717136835673e-01,-1.917149935536163419e+00,5.105245141716093782e-01
1.680277321625999928e+09,1.060000000000000000e+02,2.852234516901653305e-01,3.552635145726977806e-01,-5.410520681182421493e-05,-5.948221717136835673e-01,-1.917149935536163419e+00,5.105245141716093782e-01
1.680277321630000114e+09,1.060000000000000000e+02,2.850925519962657084e-01,3.588309675637741947e-01,2.113593724165133223e-03,-5.968013750854450628e-01,-1.920549836919048348e+00,5.085296028365798859e-01
1.680277321634000063e+09,1.060000000000000000e+02,2.850925519962657084e-01,3.588309675637741947e-01,2.113593724165133223e-03,-5.968013750854450628e-01,-1.920549836919048348e+00,5.085296028365798859e-01
1.680277321638999939e+09,1.060000000000000000e+02,2.849756149363821267e-01,3.618608591452363576e-01,3.965388060531116823e-03,-5.984908538013754553e-01,-1.923452319465114746e+00,5.067633296335615212e-01
1.680277321645999908e+09,1.060000000000000000e+02,2.848848578152784472e-01,3.643671519511001988e-01,5.489060497522166293e-03,-5.999063158247429639e-01,-1.925855637845111046e+00,5.053443769516902107e-01
1.680277321650000095e+09,1.060000000000000000e+02,2.848848578152784472e-01,3.643671519511001988e-01,5.489060497522166293e-03,-5.999063158247429639e-01,-1.925855637845111046e+00,5.053443769516902107e-01
1.680277321654000044e+09,1.060000000000000000e+02,2.848063179989386851e-01,3.663515913106177857e-01,6.693337681398253518e-03,-6.010163452290112618e-01,-1.927761537388288815e+00,5.041924596453739582e-01
1.680277321657999992e+09,1.060000000000000000e+02,2.848063179989386851e-01,3.663515913106177857e-01,6.693337681398253518e-03,-6.010163452290112618e-01,-1.927761537388288815e+00,5.041924596453739582e-01
1.680277321661999941e+09,1.060000000000000000e+02,2.847539581213788806e-01,3.678159225530410192e-01,7.581710270663367772e-03,-6.018349046481966669e-01,-1.929149074143624354e+00,5.033477202874087064e-01
1.680277321665999889e+09,1.060000000000000000e+02,2.847539581213788806e-01,3.678159225530410192e-01,7.581710270663367772e-03,-6.018349046481966669e-01,-1.929149074143624354e+00,5.033477202874087064e-01
1.680277321670000076e+09,1.060000000000000000e+02,2.847155608778349500e-01,3.687496737028579941e-01,8.150687606813519781e-03,-6.023637394115509691e-01,-1.930058390683913272e+00,5.028101588777944553e-01
1.680277321674000025e+09,1.060000000000000000e+02,2.847155608778349500e-01,3.687496737028579941e-01,8.150687606813519781e-03,-6.023637394115509691e-01,-1.930058390683913272e+00,5.028101588777944553e-01
1.680277321677999973e+09,1.060000000000000000e+02,2.847033435730710327e-01,3.691702980525886080e-01,8.414232323864661439e-03,-6.026028495190741685e-01,-1.930466797728880080e+00,5.025413781729872742e-01
1.680277321681999922e+09,1.060000000000000000e+02,2.847033435730710327e-01,3.691702980525886080e-01,8.414232323864661439e-03,-6.026028495190741685e-01,-1.930466797728880080e+00,5.025413781729872742e-01
1.680277321687000036e+09,1.070000000000000000e+02,2.847033435730710327e-01,3.691982233206205222e-01,8.424704299376629263e-03,-6.026203028115941773e-01,-1.930485996350651989e+00,5.025413781729872742e-01
1.680277321694000006e+09,1.070000000000000000e+02,2.847033435730710327e-01,3.691982233206205222e-01,8.424704299376629263e-03,-6.026203028115941773e-01,-1.930485996350651989e+00,5.025413781729872742e-01
1.680277321697999954e+09,1.070000000000000000e+02,2.847033435730710327e-01,3.691982233206205222e-01,8.424704299376629263e-03,-6.026203028115941773e-01,-1.930485996350651989e+00,5.025413781729872742e-01
1.680277321701999903e+09,1.070000000000000000e+02,2.847033435730710327e-01,3.691982233206205222e-01,8.424704299376629263e-03,-6.026203028115941773e-01,-1.930485996350651989e+00,5.025413781729872742e-01
1.680277321706000090e+09,1.070000000000000000e+02,2.847033435730710327e-01,3.691982233206205222e-01,8.424704299376629263e-03,-6.026203028115941773e-01,-1.930485996350651989e+00,5.025413781729872742e-01
1.680277321710000038e+09,1.070000000000000000e+02,2.847033435730710327e-01,3.691982233206205222e-01,8.424704299376629263e-03,-6.026203028115941773e-01,-1.930485996350651989e+00,5.025413781729872742e-01
1.680277321713999987e+09,1.070000000000000000e+02,2.847033435730710327e-01,3.691982233206205222e-01,8.424704299376629263e-03,-6.026203028115941773e-01,-1.930485996350651989e+00,5.025413781729872742e-01
1.680277321720999956e+09,1.070000000000000000e+02,2.847033435730710327e-01,3.691982233206205222e-01,8.424704299376629263e-03,-6.026203028115941773e-01,-1.930485996350651989e+00,5.025413781729872742e-01
1.680277321724999905e+09,1.070000000000000000e+02,2.847033435730710327e-01,3.691982233206205222e-01,8.424704299376629263e-03,-6.026203028115941773e-01,-1.930485996350651989e+00,5.025413781729872742e-01
1.680277321730999947e+09,1.070000000000000000e+02,2.847033435730710327e-01,3.691982233206205222e-01,8.424704299376629263e-03,-6.026203028115941773e-01,-1.930485996350651989e+00,5.025413781729872742e-01
1.680277321736999989e+09,1.070000000000000000e+02,2.847033435730710327e-01,3.691982233206205222e-01,8.424704299376629263e-03,-6.026203028115941773e-01,-1.930485996350651989e+00,5.025413781729872742e-01
1.680277321742000103e+09,1.070000000000000000e+02,2.847033435730710327e-01,3.691982233206205222e-01,8.424704299376629263e-03,-6.026203028115941773e-01,-1.930485996350651989e+00,5.025413781729872742e-01
1.680277321746000051e+09,1.070000000000000000e+02,2.847033435730710327e-01,3.691982233206205222e-01,8.424704299376629263e-03,-6.026203028115941773e-01,-1.930485996350651989e+00,5.025413781729872742e-01
1.680277321750000000e+09,1.070000000000000000e+02,2.847033435730710327e-01,3.691982233206205222e-01,8.424704299376629263e-03,-6.026203028115941773e-01,-1.930485996350651989e+00,5.025413781729872742e-01
1.680277321753999949e+09,1.070000000000000000e+02,2.847033435730710327e-01,3.691982233206205222e-01,8.424704299376629263e-03,-6.026203028115941773e-01,-1.930485996350651989e+00,5.025413781729872742e-01
1.680277321760999918e+09,1.070000000000000000e+02,2.847033435730710327e-01,3.691982233206205222e-01,8.424704299376629263e-03,-6.026203028115941773e-01,-1.930485996350651989e+00,5.025413781729872742e-01
1.680277321765000105e+09,1.070000000000000000e+02,2.847033435730710327e-01,3.691982233206205222e-01,8.424704299376629263e-03,-6.026203028115941773e-01,-1.930485996350651989e+00,5.025413781729872742e-01
1.680277321769000053e+09,1.070000000000000000e+02,2.847033435730710327e-01,3.691982233206205222e-01,8.424704299376629263e-03,-6.026203028115941773e-01,-1.930485996350651989e+00,5.025413781729872742e-01
1.680277321773999929e+09,1.070000000000000000e+02,2.847033435730710327e-01,3.691982233206205222e-01,8.424704299376629263e-03,-6.026203028115941773e-01,-1.930485996350651989e+00,5.025413781729872742e-01
1.680277321778000116e+09,1.070000000000000000e+02,2.847033435730710327e-01,3.691982233206205222e-01,8.424704299376629263e-03,-6.026203028115941773e-01,-1.930485996350651989e+00,5.025413781729872742e-01
1.680277321782000065e+09,1.070000000000000000e+02,2.847033435730710327e-01,3.691982233206205222e-01,8.424704299376629263e-03,-6.026203028115941773e-01,-1.930485996350651989e+00,5.025413781729872742e-01
1.680277321786000013e+09,1.070000000000000000e+02,2.847033435730710327e-01,3.691982233206205222e-01,8.424704299376629263e-03,-6.026203028115941773e-01,-1.930485996350651989e+00,5.025413781729872742e-01
1.680277321792000055e+09,1.070000000000000000e+02,2.847033435730710327e-01,3.691982233206205222e-01,8.424704299376629263e-03,-6.026203028115941773e-01,-1.930485996350651989e+00,5.025413781729872742e-01
1.680277321798000097e+09,1.070000000000000000e+02,2.847033435730710327e-01,3.691982233206205222e-01,8.424704299376629263e-03,-6.026203028115941773e-01,-1.930485996350651989e+00,5.025413781729872742e-01
1.680277321802000046e+09,1.070000000000000000e+02,2.847033435730710327e-01,3.691982233206205222e-01,8.424704299376629263e-03,-6.026203028115941773e-01,-1.930485996350651989e+00,5.025413781729872742e-01
1.680277321805999994e+09,1.070000000000000000e+02,2.847033435730710327e-01,3.691982233206205222e-01,8.424704299376629263e-03,-6.026203028115941773e-01,-1.930485996350651989e+00,5.025413781729872742e-01
1.680277321809999943e+09,1.070000000000000000e+02,2.847033435730710327e-01,3.691982233206205222e-01,8.424704299376629263e-03,-6.026203028115941773e-01,-1.930485996350651989e+00,5.025413781729872742e-01
1.680277321813999891e+09,1.070000000000000000e+02,2.847033435730710327e-01,3.691982233206205222e-01,8.424704299376629263e-03,-6.026203028115941773e-01,-1.930485996350651989e+00,5.025413781729872742e-01
1.680277321819999933e+09,1.070000000000000000e+02,2.847033435730710327e-01,3.691982233206205222e-01,8.424704299376629263e-03,-6.026203028115941773e-01,-1.930485996350651989e+00,5.025413781729872742e-01
1.680277321825000048e+09,1.070000000000000000e+02,2.847033435730710327e-01,3.691982233206205222e-01,8.424704299376629263e-03,-6.026203028115941773e-01,-1.930485996350651989e+00,5.025413781729872742e-01
1.680277321828999996e+09,1.070000000000000000e+02,2.847033435730710327e-01,3.691982233206205222e-01,8.424704299376629263e-03,-6.026203028115941773e-01,-1.930485996350651989e+00,5.025413781729872742e-01
1.680277321834000111e+09,1.070000000000000000e+02,2.847033435730710327e-01,3.691982233206205222e-01,8.424704299376629263e-03,-6.026203028115941773e-01,-1.930485996350651989e+00,5.025413781729872742e-01
